1	12	0	0	1000	0	12	-1	5	-1
2	12	0	0	1000	0	12	-1	5	-1
3	12	0	0	1000	0	12	-1	5	-1
4	12	0	0	1000	0	12	-1	5	-1
5	12	0	0	1000	0	12	-1	5	-1
6	12	0	0	1000	0	12	-1	5	-1
7	12	0	0	1000	0	12	-1	5	-1
8	12	0	0	1000	0	12	-1	5	-1
9	12	0	0	1000	0	12	-1	5	-1
10	12	0	0	1000	0	12	-1	5	-1
11	12	0	0	1000	0	12	-1	5	-1
12	12	0	0	1000	0	12	-1	5	-1
13	12	0	0	1000	0	12	-1	5	-1
14	12	0	0	1000	0	12	-1	5	-1
15	12	0	0	1000	0	12	-1	5	-1
16	12	0	0	1000	0	12	-1	5	-1
17	12	0	0	1000	0	12	-1	5	-1
18	12	0	0	1000	0	12	-1	5	-1
19	12	0	0	1000	0	12	-1	5	-1
20	12	0	0	1000	0	12	-1	5	-1
21	12	0	0	1000	0	12	-1	5	-1
22	12	0	0	1000	0	12	-1	5	-1
23	12	0	0	1000	0	12	-1	5	-1
24	12	0	0	1000	0	12	-1	5	-1
25	12	0	0	1000	0	12	-1	5	-1
26	12	0	0	1000	0	12	-1	5	-1
27	12	0	0	1000	0	12	-1	5	-1
28	12	0	0	1000	0	12	-1	5	-1
29	12	0	0	1000	0	12	-1	5	-1
30	12	0	0	1000	0	12	-1	5	-1
31	12	0	0	1000	0	12	-1	5	-1
32	12	0	0	1000	0	12	-1	5	-1
33	12	0	0	1000	0	12	-1	5	-1
34	12	0	0	1000	0	12	-1	5	-1
35	12	0	0	1000	0	12	-1	5	-1
36	12	0	0	1000	0	12	-1	5	-1
37	12	0	0	1000	0	12	-1	5	-1
38	12	0	0	1000	0	12	-1	5	-1
39	12	0	0	1000	0	12	-1	5	-1
40	12	0	0	1000	0	12	-1	5	-1
41	12	0	0	1000	0	12	-1	5	-1
42	12	0	0	1000	0	12	-1	5	-1
43	12	0	0	1000	0	12	-1	5	-1
44	12	0	0	1000	0	12	-1	5	-1
45	12	0	0	1000	0	12	-1	5	-1
46	12	0	0	1000	0	12	-1	5	-1
47	12	0	0	1000	0	12	-1	5	-1
48	12	0	0	1000	0	12	-1	5	-1
49	12	0	0	1000	0	12	-1	5	-1
50	12	0	0	1000	0	12	-1	5	-1
51	12	0	0	1000	0	12	-1	5	-1
52	12	0	0	1000	0	12	-1	5	-1
53	12	0	0	1000	0	12	-1	5	-1
54	12	0	0	1000	0	12	-1	5	-1
55	12	0	0	1000	0	12	-1	5	-1
56	12	0	0	1000	0	12	-1	5	-1
57	12	0	0	1000	0	12	-1	5	-1
58	12	0	0	1000	0	12	-1	5	-1
59	12	0	0	1000	0	12	-1	5	-1
60	12	0	0	1000	0	12	-1	5	-1
61	12	0	0	1000	0	12	-1	5	-1
62	12	0	0	1000	0	12	-1	5	-1
63	12	0	0	1000	0	12	-1	5	-1
64	12	0	0	1000	0	12	-1	5	-1
65	12	0	0	1000	0	12	-1	5	-1
66	12	0	0	1000	0	12	-1	5	-1
67	12	0	0	1000	0	12	-1	5	-1
68	12	0	0	1000	0	12	-1	5	-1
69	12	0	0	1000	0	12	-1	5	-1
70	12	0	0	1000	0	12	-1	5	-1
71	12	0	0	1000	0	12	-1	5	-1
72	12	0	0	1000	0	12	-1	5	-1
73	12	0	0	1000	0	12	-1	5	-1
74	12	0	0	1000	0	12	-1	5	-1
75	12	0	0	1000	0	12	-1	5	-1
76	12	0	0	1000	0	12	-1	5	-1
77	12	0	0	1000	0	12	-1	5	-1
78	12	0	0	1000	0	12	-1	5	-1
79	12	0	0	1000	0	12	-1	5	-1
80	12	0	0	1000	0	12	-1	5	-1
81	12	0	0	1000	0	12	-1	5	-1
82	12	0	0	1000	0	12	-1	5	-1
83	12	0	0	1000	0	12	-1	5	-1
84	12	0	0	1000	0	12	-1	5	-1
85	12	0	0	1000	0	12	-1	5	-1
86	12	0	0	1000	0	12	-1	5	-1
87	12	0	0	1000	0	12	-1	5	-1
88	12	0	0	1000	0	12	-1	5	-1
89	12	0	0	1000	0	12	-1	5	-1
90	12	0	0	1000	0	12	-1	5	-1
91	12	0	0	1000	0	12	-1	5	-1
92	12	0	0	1000	0	12	-1	5	-1
93	12	0	0	1000	0	12	-1	5	-1
94	12	0	0	1000	0	12	-1	5	-1
95	12	0	0	1000	0	12	-1	5	-1
96	12	0	0	1000	0	12	-1	5	-1
97	12	0	0	1000	0	12	-1	5	-1
98	12	0	0	1000	0	12	-1	5	-1
99	12	0	0	1000	0	12	-1	5	-1
100	12	0	0	1000	0	12	-1	5	-1
101	12	0	0	1000	0	12	-1	5	-1
102	12	0	0	1000	0	12	-1	5	-1
103	12	0	0	1000	0	12	-1	5	-1
104	12	0	0	1000	0	12	-1	5	-1
105	12	0	0	1000	0	12	-1	5	-1
106	12	0	0	1000	0	12	-1	5	-1
107	12	0	0	1000	0	12	-1	5	-1
108	12	0	0	1000	0	12	-1	5	-1
109	12	0	0	1000	0	12	-1	5	-1
110	12	0	0	1000	0	12	-1	5	-1
111	12	0	0	1000	0	12	-1	5	-1
112	12	0	0	1000	0	12	-1	5	-1
113	12	0	0	1000	0	12	-1	5	-1
114	12	0	0	1000	0	12	-1	5	-1
115	12	0	0	1000	0	12	-1	5	-1
116	12	0	0	1000	0	12	-1	5	-1
117	12	0	0	1000	0	12	-1	5	-1
118	12	0	0	1000	0	12	-1	5	-1
119	12	0	0	1000	0	12	-1	5	-1
120	12	0	0	1000	0	12	-1	5	-1
121	12	0	0	1000	0	12	-1	5	-1
122	12	0	0	1000	0	12	-1	5	-1
123	12	0	0	1000	0	12	-1	5	-1
124	12	0	0	1000	0	12	-1	5	-1
125	12	0	0	1000	0	12	-1	5	-1
126	12	0	0	1000	0	12	-1	5	-1
127	12	0	0	1000	0	12	-1	5	-1
128	12	0	0	1000	0	12	-1	5	-1
129	12	0	0	1000	0	12	-1	5	-1
130	12	0	0	1000	0	12	-1	5	-1
131	12	0	0	1000	0	12	-1	5	-1
132	12	0	0	1000	0	12	-1	5	-1
133	12	0	0	1000	0	12	-1	5	-1
134	12	0	0	1000	0	12	-1	5	-1
135	12	0	0	1000	0	12	-1	5	-1
136	12	0	0	1000	0	12	-1	5	-1
137	12	0	0	1000	0	12	-1	5	-1
138	12	0	0	1000	0	12	-1	5	-1
139	12	0	0	1000	0	12	-1	5	-1
140	12	0	0	1000	0	12	-1	5	-1
141	12	0	0	1000	0	12	-1	5	-1
142	12	0	0	1000	0	12	-1	5	-1
143	12	0	0	1000	0	12	-1	5	-1
144	12	0	0	1000	0	12	-1	5	-1
145	12	0	0	1000	0	12	-1	5	-1
146	12	0	0	1000	0	12	-1	5	-1
147	12	0	0	1000	0	12	-1	5	-1
148	12	0	0	1000	0	12	-1	5	-1
149	12	0	0	1000	0	12	-1	5	-1
150	12	0	0	1000	0	12	-1	5	-1
151	12	0	0	1000	0	12	-1	5	-1
152	12	0	0	1000	0	12	-1	5	-1
153	12	0	0	1000	0	12	-1	5	-1
154	12	0	0	1000	0	12	-1	5	-1
155	12	0	0	1000	0	12	-1	5	-1
156	12	0	0	1000	0	12	-1	5	-1
157	12	0	0	1000	0	12	-1	5	-1
158	12	0	0	1000	0	12	-1	5	-1
159	12	0	0	1000	0	12	-1	5	-1
160	12	0	0	1000	0	12	-1	5	-1
161	12	0	0	1000	0	12	-1	5	-1
162	12	0	0	1000	0	12	-1	5	-1
163	12	0	0	1000	0	12	-1	5	-1
164	12	0	0	1000	0	12	-1	5	-1
165	12	0	0	1000	0	12	-1	5	-1
166	12	0	0	1000	0	12	-1	5	-1
167	12	0	0	1000	0	12	-1	5	-1
168	12	0	0	1000	0	12	-1	5	-1
169	12	0	0	1000	0	12	-1	5	-1
170	12	0	0	1000	0	12	-1	5	-1
171	12	0	0	1000	0	12	-1	5	-1
172	12	0	0	1000	0	12	-1	5	-1
173	12	0	0	1000	0	12	-1	5	-1
174	12	0	0	1000	0	12	-1	5	-1
175	12	0	0	1000	0	12	-1	5	-1
176	12	0	0	1000	0	12	-1	5	-1
177	12	0	0	1000	0	12	-1	5	-1
178	12	0	0	1000	0	12	-1	5	-1
179	12	0	0	1000	0	12	-1	5	-1
180	12	0	0	1000	0	12	-1	5	-1
181	12	0	0	1000	0	12	-1	5	-1
182	12	0	0	1000	0	12	-1	5	-1
183	12	0	0	1000	0	12	-1	5	-1
184	12	0	0	1000	0	12	-1	5	-1
185	12	0	0	1000	0	12	-1	5	-1
186	12	0	0	1000	0	12	-1	5	-1
187	12	0	0	1000	0	12	-1	5	-1
188	12	0	0	1000	0	12	-1	5	-1
189	12	0	0	1000	0	12	-1	5	-1
190	12	0	0	1000	0	12	-1	5	-1
191	12	0	0	1000	0	12	-1	5	-1
192	12	0	0	1000	0	12	-1	5	-1
193	12	0	0	1000	0	12	-1	5	-1
194	12	0	0	1000	0	12	-1	5	-1
195	12	0	0	1000	0	12	-1	5	-1
196	12	0	0	1000	0	12	-1	5	-1
197	12	0	0	1000	0	12	-1	5	-1
198	12	0	0	1000	0	12	-1	5	-1
199	12	0	0	1000	0	12	-1	5	-1
200	12	0	0	1000	0	12	-1	5	-1
201	12	0	0	1000	0	12	-1	5	-1
202	12	0	0	1000	0	12	-1	5	-1
203	12	0	0	1000	0	12	-1	5	-1
204	12	0	0	1000	0	12	-1	5	-1
205	12	0	0	1000	0	12	-1	5	-1
206	12	0	0	1000	0	12	-1	5	-1
207	12	0	0	1000	0	12	-1	5	-1
208	12	0	0	1000	0	12	-1	5	-1
209	12	0	0	1000	0	12	-1	5	-1
210	12	0	0	1000	0	12	-1	5	-1
211	12	0	0	1000	0	12	-1	5	-1
212	12	0	0	1000	0	12	-1	5	-1
213	12	0	0	1000	0	12	-1	5	-1
214	12	0	0	1000	0	12	-1	5	-1
215	12	0	0	1000	0	12	-1	5	-1
216	12	0	0	1000	0	12	-1	5	-1
217	12	0	0	1000	0	12	-1	5	-1
218	12	0	0	1000	0	12	-1	5	-1
219	12	0	0	1000	0	12	-1	5	-1
220	12	0	0	1000	0	12	-1	5	-1
221	12	0	0	1000	0	12	-1	5	-1
222	12	0	0	1000	0	12	-1	5	-1
223	12	0	0	1000	0	12	-1	5	-1
224	12	0	0	1000	0	12	-1	5	-1
225	12	0	0	1000	0	12	-1	5	-1
226	12	0	0	1000	0	12	-1	5	-1
227	12	0	0	1000	0	12	-1	5	-1
228	12	0	0	1000	0	12	-1	5	-1
229	12	0	0	1000	0	12	-1	5	-1
230	12	0	0	1000	0	12	-1	5	-1
231	12	0	0	1000	0	12	-1	5	-1
232	12	0	0	1000	0	12	-1	5	-1
233	12	0	0	1000	0	12	-1	5	-1
234	12	0	0	1000	0	12	-1	5	-1
235	12	0	0	1000	0	12	-1	5	-1
236	12	0	0	1000	0	12	-1	5	-1
237	12	0	0	1000	0	12	-1	5	-1
238	12	0	0	1000	0	12	-1	5	-1
239	12	0	0	1000	0	12	-1	5	-1
240	12	0	0	1000	0	12	-1	5	-1
241	12	0	0	1000	0	12	-1	5	-1
242	12	0	0	1000	0	12	-1	5	-1
243	12	0	0	1000	0	12	-1	5	-1
244	12	0	0	1000	0	12	-1	5	-1
245	12	0	0	1000	0	12	-1	5	-1
246	12	0	0	1000	0	12	-1	5	-1
247	12	0	0	1000	0	12	-1	5	-1
248	12	0	0	1000	0	12	-1	5	-1
249	12	0	0	1000	0	12	-1	5	-1
250	12	0	0	1000	0	12	-1	5	-1
251	12	0	0	1000	0	12	-1	5	-1
252	12	0	0	1000	0	12	-1	5	-1
253	12	0	0	1000	0	12	-1	5	-1
254	12	0	0	1000	0	12	-1	5	-1
255	12	0	0	1000	0	12	-1	5	-1
256	12	0	0	1000	0	12	-1	5	-1
257	12	0	0	1000	0	12	-1	5	-1
258	12	0	0	1000	0	12	-1	5	-1
259	12	0	0	1000	0	12	-1	5	-1
260	12	0	0	1000	0	12	-1	5	-1
261	12	0	0	1000	0	12	-1	5	-1
262	12	0	0	1000	0	12	-1	5	-1
263	12	0	0	1000	0	12	-1	5	-1
264	12	0	0	1000	0	12	-1	5	-1
265	12	0	0	1000	0	12	-1	5	-1
266	12	0	0	1000	0	12	-1	5	-1
267	12	0	0	1000	0	12	-1	5	-1
268	12	0	0	1000	0	12	-1	5	-1
269	12	0	0	1000	0	12	-1	5	-1
270	12	0	0	1000	0	12	-1	5	-1
271	12	0	0	1000	0	12	-1	5	-1
272	12	0	0	1000	0	12	-1	5	-1
273	12	0	0	1000	0	12	-1	5	-1
274	12	0	0	1000	0	12	-1	5	-1
275	12	0	0	1000	0	12	-1	5	-1
276	12	0	0	1000	0	12	-1	5	-1
277	12	0	0	1000	0	12	-1	5	-1
278	12	0	0	1000	0	12	-1	5	-1
279	12	0	0	1000	0	12	-1	5	-1
280	12	0	0	1000	0	12	-1	5	-1
281	12	0	0	1000	0	12	-1	5	-1
282	12	0	0	1000	0	12	-1	5	-1
283	12	0	0	1000	0	12	-1	5	-1
284	12	0	0	1000	0	12	-1	5	-1
285	12	0	0	1000	0	12	-1	5	-1
286	12	0	0	1000	0	12	-1	5	-1
287	12	0	0	1000	0	12	-1	5	-1
288	12	0	0	1000	0	12	-1	5	-1
289	12	0	0	1000	0	12	-1	5	-1
290	12	0	0	1000	0	12	-1	5	-1
291	12	0	0	1000	0	12	-1	5	-1
292	12	0	0	1000	0	12	-1	5	-1
293	12	0	0	1000	0	12	-1	5	-1
294	12	0	0	1000	0	12	-1	5	-1
295	12	0	0	1000	0	12	-1	5	-1
296	12	0	0	1000	0	12	-1	5	-1
297	12	0	0	1000	0	12	-1	5	-1
298	12	0	0	1000	0	12	-1	5	-1
299	12	0	0	1000	0	12	-1	5	-1
300	12	0	0	1000	0	12	-1	5	-1
301	12	0	0	1000	0	12	-1	5	-1
302	12	0	0	1000	0	12	-1	5	-1
303	12	0	0	1000	0	12	-1	5	-1
304	12	0	0	1000	0	12	-1	5	-1
305	12	0	0	1000	0	12	-1	5	-1
306	12	0	0	1000	0	12	-1	5	-1
307	12	0	0	1000	0	12	-1	5	-1
308	12	0	0	1000	0	12	-1	5	-1
309	12	0	0	1000	0	12	-1	5	-1
310	12	0	0	1000	0	12	-1	5	-1
311	12	0	0	1000	0	12	-1	5	-1
312	12	0	0	1000	0	12	-1	5	-1
313	12	0	0	1000	0	12	-1	5	-1
314	12	0	0	1000	0	12	-1	5	-1
315	12	0	0	1000	0	12	-1	5	-1
316	12	0	0	1000	0	12	-1	5	-1
317	12	0	0	1000	0	12	-1	5	-1
318	12	0	0	1000	0	12	-1	5	-1
319	12	0	0	1000	0	12	-1	5	-1
320	12	0	0	1000	0	12	-1	5	-1
321	12	0	0	1000	0	12	-1	5	-1
322	12	0	0	1000	0	12	-1	5	-1
323	12	0	0	1000	0	12	-1	5	-1
324	12	0	0	1000	0	12	-1	5	-1
325	12	0	0	1000	0	12	-1	5	-1
326	12	0	0	1000	0	12	-1	5	-1
327	12	0	0	1000	0	12	-1	5	-1
328	12	0	0	1000	0	12	-1	5	-1
329	12	0	0	1000	0	12	-1	5	-1
330	12	0	0	1000	0	12	-1	5	-1
331	12	0	0	1000	0	12	-1	5	-1
332	12	0	0	1000	0	12	-1	5	-1
333	12	0	0	1000	0	12	-1	5	-1
334	12	0	0	1000	0	12	-1	5	-1
335	12	0	0	1000	0	12	-1	5	-1
336	12	0	0	1000	0	12	-1	5	-1
337	12	0	0	1000	0	12	-1	5	-1
338	12	0	0	1000	0	12	-1	5	-1
339	12	0	0	1000	0	12	-1	5	-1
340	12	0	0	1000	0	12	-1	5	-1
341	12	0	0	1000	0	12	-1	5	-1
342	12	0	0	1000	0	12	-1	5	-1
343	12	0	0	1000	0	12	-1	5	-1
344	12	0	0	1000	0	12	-1	5	-1
345	12	0	0	1000	0	12	-1	5	-1
346	12	0	0	1000	0	12	-1	5	-1
347	12	0	0	1000	0	12	-1	5	-1
348	12	0	0	1000	0	12	-1	5	-1
349	12	0	0	1000	0	12	-1	5	-1
350	12	0	0	1000	0	12	-1	5	-1
351	12	0	0	1000	0	12	-1	5	-1
352	12	0	0	1000	0	12	-1	5	-1
353	12	0	0	1000	0	12	-1	5	-1
354	12	0	0	1000	0	12	-1	5	-1
355	12	0	0	1000	0	12	-1	5	-1
356	12	0	0	1000	0	12	-1	5	-1
357	12	0	0	1000	0	12	-1	5	-1
358	12	0	0	1000	0	12	-1	5	-1
359	12	0	0	1000	0	12	-1	5	-1
360	12	0	0	1000	0	12	-1	5	-1
361	12	0	0	1000	0	12	-1	5	-1
362	12	0	0	1000	0	12	-1	5	-1
363	12	0	0	1000	0	12	-1	5	-1
364	12	0	0	1000	0	12	-1	5	-1
365	12	0	0	1000	0	12	-1	5	-1
366	12	0	0	1000	0	12	-1	5	-1
367	12	0	0	1000	0	12	-1	5	-1
368	12	0	0	1000	0	12	-1	5	-1
369	12	0	0	1000	0	12	-1	5	-1
370	12	0	0	1000	0	12	-1	5	-1
371	12	0	0	1000	0	12	-1	5	-1
372	12	0	0	1000	0	12	-1	5	-1
373	12	0	0	1000	0	12	-1	5	-1
374	12	0	0	1000	0	12	-1	5	-1
375	12	0	0	1000	0	12	-1	5	-1
376	12	0	0	1000	0	12	-1	5	-1
377	12	0	0	1000	0	12	-1	5	-1
378	12	0	0	1000	0	12	-1	5	-1
379	12	0	0	1000	0	12	-1	5	-1
380	12	0	0	1000	0	12	-1	5	-1
381	12	0	0	1000	0	12	-1	5	-1
382	12	0	0	1000	0	12	-1	5	-1
383	12	0	0	1000	0	12	-1	5	-1
384	12	0	0	1000	0	12	-1	5	-1
385	12	0	0	1000	0	12	-1	5	-1
386	12	0	0	1000	0	12	-1	5	-1
387	12	0	0	1000	0	12	-1	5	-1
388	12	0	0	1000	0	12	-1	5	-1
389	12	0	0	1000	0	12	-1	5	-1
390	12	0	0	1000	0	12	-1	5	-1
391	12	0	0	1000	0	12	-1	5	-1
392	12	0	0	1000	0	12	-1	5	-1
393	12	0	0	1000	0	12	-1	5	-1
394	12	0	0	1000	0	12	-1	5	-1
395	12	0	0	1000	0	12	-1	5	-1
396	12	0	0	1000	0	12	-1	5	-1
397	12	0	0	1000	0	12	-1	5	-1
398	12	0	0	1000	0	12	-1	5	-1
399	12	0	0	1000	0	12	-1	5	-1
400	12	0	0	1000	0	12	-1	5	-1
401	12	0	0	1000	0	12	-1	5	-1
402	12	0	0	1000	0	12	-1	5	-1
403	12	0	0	1000	0	12	-1	5	-1
404	12	0	0	1000	0	12	-1	5	-1
405	12	0	0	1000	0	12	-1	5	-1
406	12	0	0	1000	0	12	-1	5	-1
407	12	0	0	1000	0	12	-1	5	-1
408	12	0	0	1000	0	12	-1	5	-1
409	12	0	0	1000	0	12	-1	5	-1
410	12	0	0	1000	0	12	-1	5	-1
411	12	0	0	1000	0	12	-1	5	-1
412	12	0	0	1000	0	12	-1	5	-1
413	12	0	0	1000	0	12	-1	5	-1
414	12	0	0	1000	0	12	-1	5	-1
415	12	0	0	1000	0	12	-1	5	-1
416	12	0	0	1000	0	12	-1	5	-1
417	12	0	0	1000	0	12	-1	5	-1
418	12	0	0	1000	0	12	-1	5	-1
419	12	0	0	1000	0	12	-1	5	-1
420	12	0	0	1000	0	12	-1	5	-1
421	12	0	0	1000	0	12	-1	5	-1
422	12	0	0	1000	0	12	-1	5	-1
423	12	0	0	1000	0	12	-1	5	-1
424	12	0	0	1000	0	12	-1	5	-1
425	12	0	0	1000	0	12	-1	5	-1
426	12	0	0	1000	0	12	-1	5	-1
427	12	0	0	1000	0	12	-1	5	-1
428	12	0	0	1000	0	12	-1	5	-1
429	12	0	0	1000	0	12	-1	5	-1
430	12	0	0	1000	0	12	-1	5	-1
431	12	0	0	1000	0	12	-1	5	-1
432	12	0	0	1000	0	12	-1	5	-1
433	12	0	0	1000	0	12	-1	5	-1
434	12	0	0	1000	0	12	-1	5	-1
435	12	0	0	1000	0	12	-1	5	-1
436	12	0	0	1000	0	12	-1	5	-1
437	12	0	0	1000	0	12	-1	5	-1
438	12	0	0	1000	0	12	-1	5	-1
439	12	0	0	1000	0	12	-1	5	-1
440	12	0	0	1000	0	12	-1	5	-1
441	12	0	0	1000	0	12	-1	5	-1
442	12	0	0	1000	0	12	-1	5	-1
443	12	0	0	1000	0	12	-1	5	-1
444	12	0	0	1000	0	12	-1	5	-1
445	12	0	0	1000	0	12	-1	5	-1
446	12	0	0	1000	0	12	-1	5	-1
447	12	0	0	1000	0	12	-1	5	-1
448	12	0	0	1000	0	12	-1	5	-1
449	12	0	0	1000	0	12	-1	5	-1
450	12	0	0	1000	0	12	-1	5	-1
451	12	0	0	1000	0	12	-1	5	-1
452	12	0	0	1000	0	12	-1	5	-1
453	12	0	0	1000	0	12	-1	5	-1
454	12	0	0	1000	0	12	-1	5	-1
455	12	0	0	1000	0	12	-1	5	-1
456	12	0	0	1000	0	12	-1	5	-1
457	12	0	0	1000	0	12	-1	5	-1
458	12	0	0	1000	0	12	-1	5	-1
459	12	0	0	1000	0	12	-1	5	-1
460	12	0	0	1000	0	12	-1	5	-1
461	12	0	0	1000	0	12	-1	5	-1
462	12	0	0	1000	0	12	-1	5	-1
463	12	0	0	1000	0	12	-1	5	-1
464	12	0	0	1000	0	12	-1	5	-1
465	12	0	0	1000	0	12	-1	5	-1
466	12	0	0	1000	0	12	-1	5	-1
467	12	0	0	1000	0	12	-1	5	-1
468	12	0	0	1000	0	12	-1	5	-1
469	12	0	0	1000	0	12	-1	5	-1
470	12	0	0	1000	0	12	-1	5	-1
471	12	0	0	1000	0	12	-1	5	-1
472	12	0	0	1000	0	12	-1	5	-1
473	12	0	0	1000	0	12	-1	5	-1
474	12	0	0	1000	0	12	-1	5	-1
475	12	0	0	1000	0	12	-1	5	-1
476	12	0	0	1000	0	12	-1	5	-1
477	12	0	0	1000	0	12	-1	5	-1
478	12	0	0	1000	0	12	-1	5	-1
479	12	0	0	1000	0	12	-1	5	-1
480	12	0	0	1000	0	12	-1	5	-1
481	12	0	0	1000	0	12	-1	5	-1
482	12	0	0	1000	0	12	-1	5	-1
483	12	0	0	1000	0	12	-1	5	-1
484	12	0	0	1000	0	12	-1	5	-1
485	12	0	0	1000	0	12	-1	5	-1
486	12	0	0	1000	0	12	-1	5	-1
487	12	0	0	1000	0	12	-1	5	-1
488	12	0	0	1000	0	12	-1	5	-1
489	12	0	0	1000	0	12	-1	5	-1
490	12	0	0	1000	0	12	-1	5	-1
491	12	0	0	1000	0	12	-1	5	-1
492	12	0	0	1000	0	12	-1	5	-1
493	12	0	0	1000	0	12	-1	5	-1
494	12	0	0	1000	0	12	-1	5	-1
495	12	0	0	1000	0	12	-1	5	-1
496	12	0	0	1000	0	12	-1	5	-1
497	12	0	0	1000	0	12	-1	5	-1
498	12	0	0	1000	0	12	-1	5	-1
499	12	0	0	1000	0	12	-1	5	-1
500	12	0	0	1000	0	12	-1	5	-1
501	12	0	0	1000	0	12	-1	5	-1
502	12	0	0	1000	0	12	-1	5	-1
503	12	0	0	1000	0	12	-1	5	-1
504	12	0	0	1000	0	12	-1	5	-1
505	12	0	0	1000	0	12	-1	5	-1
506	12	0	0	1000	0	12	-1	5	-1
507	12	0	0	1000	0	12	-1	5	-1
508	12	0	0	1000	0	12	-1	5	-1
509	12	0	0	1000	0	12	-1	5	-1
510	12	0	0	1000	0	12	-1	5	-1
511	12	0	0	1000	0	12	-1	5	-1
512	12	0	0	1000	0	12	-1	5	-1
513	12	0	0	1000	0	12	-1	5	-1
514	12	0	0	1000	0	12	-1	5	-1
515	12	0	0	1000	0	12	-1	5	-1
516	12	0	0	1000	0	12	-1	5	-1
517	12	0	0	1000	0	12	-1	5	-1
518	12	0	0	1000	0	12	-1	5	-1
519	12	0	0	1000	0	12	-1	5	-1
520	12	0	0	1000	0	12	-1	5	-1
521	12	0	0	1000	0	12	-1	5	-1
522	12	0	0	1000	0	12	-1	5	-1
523	12	0	0	1000	0	12	-1	5	-1
524	12	0	0	1000	0	12	-1	5	-1
525	12	0	0	1000	0	12	-1	5	-1
526	12	0	0	1000	0	12	-1	5	-1
527	12	0	0	1000	0	12	-1	5	-1
528	12	0	0	1000	0	12	-1	5	-1
529	12	0	0	1000	0	12	-1	5	-1
530	12	0	0	1000	0	12	-1	5	-1
531	12	0	0	1000	0	12	-1	5	-1
532	12	0	0	1000	0	12	-1	5	-1
533	12	0	0	1000	0	12	-1	5	-1
534	12	0	0	1000	0	12	-1	5	-1
535	12	0	0	1000	0	12	-1	5	-1
536	12	0	0	1000	0	12	-1	5	-1
537	12	0	0	1000	0	12	-1	5	-1
538	12	0	0	1000	0	12	-1	5	-1
539	12	0	0	1000	0	12	-1	5	-1
540	12	0	0	1000	0	12	-1	5	-1
541	12	0	0	1000	0	12	-1	5	-1
542	12	0	0	1000	0	12	-1	5	-1
543	12	0	0	1000	0	12	-1	5	-1
544	12	0	0	1000	0	12	-1	5	-1
545	12	0	0	1000	0	12	-1	5	-1
546	12	0	0	1000	0	12	-1	5	-1
547	12	0	0	1000	0	12	-1	5	-1
548	12	0	0	1000	0	12	-1	5	-1
549	12	0	0	1000	0	12	-1	5	-1
550	12	0	0	1000	0	12	-1	5	-1
551	12	0	0	1000	0	12	-1	5	-1
552	12	0	0	1000	0	12	-1	5	-1
553	12	0	0	1000	0	12	-1	5	-1
554	12	0	0	1000	0	12	-1	5	-1
555	12	0	0	1000	0	12	-1	5	-1
556	12	0	0	1000	0	12	-1	5	-1
557	12	0	0	1000	0	12	-1	5	-1
558	12	0	0	1000	0	12	-1	5	-1
559	12	0	0	1000	0	12	-1	5	-1
560	12	0	0	1000	0	12	-1	5	-1
561	12	0	0	1000	0	12	-1	5	-1
562	12	0	0	1000	0	12	-1	5	-1
563	12	0	0	1000	0	12	-1	5	-1
564	12	0	0	1000	0	12	-1	5	-1
565	12	0	0	1000	0	12	-1	5	-1
566	12	0	0	1000	0	12	-1	5	-1
567	12	0	0	1000	0	12	-1	5	-1
568	12	0	0	1000	0	12	-1	5	-1
569	12	0	0	1000	0	12	-1	5	-1
570	12	0	0	1000	0	12	-1	5	-1
571	12	0	0	1000	0	12	-1	5	-1
572	12	0	0	1000	0	12	-1	5	-1
573	12	0	0	1000	0	12	-1	5	-1
574	12	0	0	1000	0	12	-1	5	-1
575	12	0	0	1000	0	12	-1	5	-1
576	12	0	0	1000	0	12	-1	5	-1
577	12	0	0	1000	0	12	-1	5	-1
578	12	0	0	1000	0	12	-1	5	-1
579	12	0	0	1000	0	12	-1	5	-1
580	12	0	0	1000	0	12	-1	5	-1
581	12	0	0	1000	0	12	-1	5	-1
582	12	0	0	1000	0	12	-1	5	-1
583	12	0	0	1000	0	12	-1	5	-1
584	12	0	0	1000	0	12	-1	5	-1
585	12	0	0	1000	0	12	-1	5	-1
586	12	0	0	1000	0	12	-1	5	-1
587	12	0	0	1000	0	12	-1	5	-1
588	12	0	0	1000	0	12	-1	5	-1
589	12	0	0	1000	0	12	-1	5	-1
590	12	0	0	1000	0	12	-1	5	-1
591	12	0	0	1000	0	12	-1	5	-1
592	12	0	0	1000	0	12	-1	5	-1
593	12	0	0	1000	0	12	-1	5	-1
594	12	0	0	1000	0	12	-1	5	-1
595	12	0	0	1000	0	12	-1	5	-1
596	12	0	0	1000	0	12	-1	5	-1
597	12	0	0	1000	0	12	-1	5	-1
598	12	0	0	1000	0	12	-1	5	-1
599	12	0	0	1000	0	12	-1	5	-1
600	12	0	0	1000	0	12	-1	5	-1
601	12	0	0	1000	0	12	-1	5	-1
602	12	0	0	1000	0	12	-1	5	-1
603	12	0	0	1000	0	12	-1	5	-1
604	12	0	0	1000	0	12	-1	5	-1
605	12	0	0	1000	0	12	-1	5	-1
606	12	0	0	1000	0	12	-1	5	-1
607	12	0	0	1000	0	12	-1	5	-1
608	12	0	0	1000	0	12	-1	5	-1
609	12	0	0	1000	0	12	-1	5	-1
610	12	0	0	1000	0	12	-1	5	-1
611	12	0	0	1000	0	12	-1	5	-1
612	12	0	0	1000	0	12	-1	5	-1
613	12	0	0	1000	0	12	-1	5	-1
614	12	0	0	1000	0	12	-1	5	-1
615	12	0	0	1000	0	12	-1	5	-1
616	12	0	0	1000	0	12	-1	5	-1
617	12	0	0	1000	0	12	-1	5	-1
618	12	0	0	1000	0	12	-1	5	-1
619	12	0	0	1000	0	12	-1	5	-1
620	12	0	0	1000	0	12	-1	5	-1
621	12	0	0	1000	0	12	-1	5	-1
622	12	0	0	1000	0	12	-1	5	-1
623	12	0	0	1000	0	12	-1	5	-1
624	12	0	0	1000	0	12	-1	5	-1
625	12	0	0	1000	0	12	-1	5	-1
626	12	0	0	1000	0	12	-1	5	-1
627	12	0	0	1000	0	12	-1	5	-1
628	12	0	0	1000	0	12	-1	5	-1
629	12	0	0	1000	0	12	-1	5	-1
630	12	0	0	1000	0	12	-1	5	-1
631	12	0	0	1000	0	12	-1	5	-1
632	12	0	0	1000	0	12	-1	5	-1
633	12	0	0	1000	0	12	-1	5	-1
634	12	0	0	1000	0	12	-1	5	-1
635	12	0	0	1000	0	12	-1	5	-1
636	12	0	0	1000	0	12	-1	5	-1
637	12	0	0	1000	0	12	-1	5	-1
638	12	0	0	1000	0	12	-1	5	-1
639	12	0	0	1000	0	12	-1	5	-1
640	12	0	0	1000	0	12	-1	5	-1
641	12	0	0	1000	0	12	-1	5	-1
642	12	0	0	1000	0	12	-1	5	-1
643	12	0	0	1000	0	12	-1	5	-1
644	12	0	0	1000	0	12	-1	5	-1
645	12	0	0	1000	0	12	-1	5	-1
646	12	0	0	1000	0	12	-1	5	-1
647	12	0	0	1000	0	12	-1	5	-1
648	12	0	0	1000	0	12	-1	5	-1
649	12	0	0	1000	0	12	-1	5	-1
650	12	0	0	1000	0	12	-1	5	-1
651	12	0	0	1000	0	12	-1	5	-1
652	12	0	0	1000	0	12	-1	5	-1
653	12	0	0	1000	0	12	-1	5	-1
654	12	0	0	1000	0	12	-1	5	-1
655	12	0	0	1000	0	12	-1	5	-1
656	12	0	0	1000	0	12	-1	5	-1
657	12	0	0	1000	0	12	-1	5	-1
658	12	0	0	1000	0	12	-1	5	-1
659	12	0	0	1000	0	12	-1	5	-1
660	12	0	0	1000	0	12	-1	5	-1
661	12	0	0	1000	0	12	-1	5	-1
662	12	0	0	1000	0	12	-1	5	-1
663	12	0	0	1000	0	12	-1	5	-1
664	12	0	0	1000	0	12	-1	5	-1
665	12	0	0	1000	0	12	-1	5	-1
666	12	0	0	1000	0	12	-1	5	-1
667	12	0	0	1000	0	12	-1	5	-1
668	12	0	0	1000	0	12	-1	5	-1
669	12	0	0	1000	0	12	-1	5	-1
670	12	0	0	1000	0	12	-1	5	-1
671	12	0	0	1000	0	12	-1	5	-1
672	12	0	0	1000	0	12	-1	5	-1
673	12	0	0	1000	0	12	-1	5	-1
674	12	0	0	1000	0	12	-1	5	-1
675	12	0	0	1000	0	12	-1	5	-1
676	12	0	0	1000	0	12	-1	5	-1
677	12	0	0	1000	0	12	-1	5	-1
678	12	0	0	1000	0	12	-1	5	-1
679	12	0	0	1000	0	12	-1	5	-1
680	12	0	0	1000	0	12	-1	5	-1
681	12	0	0	1000	0	12	-1	5	-1
682	12	0	0	1000	0	12	-1	5	-1
683	12	0	0	1000	0	12	-1	5	-1
684	12	0	0	1000	0	12	-1	5	-1
685	12	0	0	1000	0	12	-1	5	-1
686	12	0	0	1000	0	12	-1	5	-1
687	12	0	0	1000	0	12	-1	5	-1
688	12	0	0	1000	0	12	-1	5	-1
689	12	0	0	1000	0	12	-1	5	-1
690	12	0	0	1000	0	12	-1	5	-1
691	12	0	0	1000	0	12	-1	5	-1
692	12	0	0	1000	0	12	-1	5	-1
693	12	0	0	1000	0	12	-1	5	-1
694	12	0	0	1000	0	12	-1	5	-1
695	12	0	0	1000	0	12	-1	5	-1
696	12	0	0	1000	0	12	-1	5	-1
697	12	0	0	1000	0	12	-1	5	-1
698	12	0	0	1000	0	12	-1	5	-1
699	12	0	0	1000	0	12	-1	5	-1
700	12	0	0	1000	0	12	-1	5	-1
701	12	0	0	1000	0	12	-1	5	-1
702	12	0	0	1000	0	12	-1	5	-1
703	12	0	0	1000	0	12	-1	5	-1
704	12	0	0	1000	0	12	-1	5	-1
705	12	0	0	1000	0	12	-1	5	-1
706	12	0	0	1000	0	12	-1	5	-1
707	12	0	0	1000	0	12	-1	5	-1
708	12	0	0	1000	0	12	-1	5	-1
709	12	0	0	1000	0	12	-1	5	-1
710	12	0	0	1000	0	12	-1	5	-1
711	12	0	0	1000	0	12	-1	5	-1
712	12	0	0	1000	0	12	-1	5	-1
713	12	0	0	1000	0	12	-1	5	-1
714	12	0	0	1000	0	12	-1	5	-1
715	12	0	0	1000	0	12	-1	5	-1
716	12	0	0	1000	0	12	-1	5	-1
717	12	0	0	1000	0	12	-1	5	-1
718	12	0	0	1000	0	12	-1	5	-1
719	12	0	0	1000	0	12	-1	5	-1
720	12	0	0	1000	0	12	-1	5	-1
721	12	0	0	1000	0	12	-1	5	-1
722	12	0	0	1000	0	12	-1	5	-1
723	12	0	0	1000	0	12	-1	5	-1
724	12	0	0	1000	0	12	-1	5	-1
725	12	0	0	1000	0	12	-1	5	-1
726	12	0	0	1000	0	12	-1	5	-1
727	12	0	0	1000	0	12	-1	5	-1
728	12	0	0	1000	0	12	-1	5	-1
729	12	0	0	1000	0	12	-1	5	-1
730	12	0	0	1000	0	12	-1	5	-1
731	12	0	0	1000	0	12	-1	5	-1
732	12	0	0	1000	0	12	-1	5	-1
733	12	0	0	1000	0	12	-1	5	-1
734	12	0	0	1000	0	12	-1	5	-1
735	12	0	0	1000	0	12	-1	5	-1
736	12	0	0	1000	0	12	-1	5	-1
737	12	0	0	1000	0	12	-1	5	-1
738	12	0	0	1000	0	12	-1	5	-1
739	12	0	0	1000	0	12	-1	5	-1
740	12	0	0	1000	0	12	-1	5	-1
741	12	0	0	1000	0	12	-1	5	-1
742	12	0	0	1000	0	12	-1	5	-1
743	12	0	0	1000	0	12	-1	5	-1
744	12	0	0	1000	0	12	-1	5	-1
745	12	0	0	1000	0	12	-1	5	-1
746	12	0	0	1000	0	12	-1	5	-1
747	12	0	0	1000	0	12	-1	5	-1
748	12	0	0	1000	0	12	-1	5	-1
749	12	0	0	1000	0	12	-1	5	-1
750	12	0	0	1000	0	12	-1	5	-1
751	12	0	0	1000	0	12	-1	5	-1
752	12	0	0	1000	0	12	-1	5	-1
753	12	0	0	1000	0	12	-1	5	-1
754	12	0	0	1000	0	12	-1	5	-1
755	12	0	0	1000	0	12	-1	5	-1
756	12	0	0	1000	0	12	-1	5	-1
757	12	0	0	1000	0	12	-1	5	-1
758	12	0	0	1000	0	12	-1	5	-1
759	12	0	0	1000	0	12	-1	5	-1
760	12	0	0	1000	0	12	-1	5	-1
761	12	0	0	1000	0	12	-1	5	-1
762	12	0	0	1000	0	12	-1	5	-1
763	12	0	0	1000	0	12	-1	5	-1
764	12	0	0	1000	0	12	-1	5	-1
765	12	0	0	1000	0	12	-1	5	-1
766	12	0	0	1000	0	12	-1	5	-1
767	12	0	0	1000	0	12	-1	5	-1
768	12	0	0	1000	0	12	-1	5	-1
769	12	0	0	1000	0	12	-1	5	-1
770	12	0	0	1000	0	12	-1	5	-1
771	12	0	0	1000	0	12	-1	5	-1
772	12	0	0	1000	0	12	-1	5	-1
773	12	0	0	1000	0	12	-1	5	-1
774	12	0	0	1000	0	12	-1	5	-1
775	12	0	0	1000	0	12	-1	5	-1
776	12	0	0	1000	0	12	-1	5	-1
777	12	0	0	1000	0	12	-1	5	-1
778	12	0	0	1000	0	12	-1	5	-1
779	12	0	0	1000	0	12	-1	5	-1
780	12	0	0	1000	0	12	-1	5	-1
781	12	0	0	1000	0	12	-1	5	-1
782	12	0	0	1000	0	12	-1	5	-1
783	12	0	0	1000	0	12	-1	5	-1
784	12	0	0	1000	0	12	-1	5	-1
785	12	0	0	1000	0	12	-1	5	-1
786	12	0	0	1000	0	12	-1	5	-1
787	12	0	0	1000	0	12	-1	5	-1
788	12	0	0	1000	0	12	-1	5	-1
789	12	0	0	1000	0	12	-1	5	-1
790	12	0	0	1000	0	12	-1	5	-1
791	12	0	0	1000	0	12	-1	5	-1
792	12	0	0	1000	0	12	-1	5	-1
793	12	0	0	1000	0	12	-1	5	-1
794	12	0	0	1000	0	12	-1	5	-1
795	12	0	0	1000	0	12	-1	5	-1
796	12	0	0	1000	0	12	-1	5	-1
797	12	0	0	1000	0	12	-1	5	-1
798	12	0	0	1000	0	12	-1	5	-1
799	12	0	0	1000	0	12	-1	5	-1
800	12	0	0	1000	0	12	-1	5	-1
801	12	0	0	1000	0	12	-1	5	-1
802	12	0	0	1000	0	12	-1	5	-1
803	12	0	0	1000	0	12	-1	5	-1
804	12	0	0	1000	0	12	-1	5	-1
805	12	0	0	1000	0	12	-1	5	-1
806	12	0	0	1000	0	12	-1	5	-1
807	12	0	0	1000	0	12	-1	5	-1
808	12	0	0	1000	0	12	-1	5	-1
809	12	0	0	1000	0	12	-1	5	-1
810	12	0	0	1000	0	12	-1	5	-1
811	12	0	0	1000	0	12	-1	5	-1
812	12	0	0	1000	0	12	-1	5	-1
813	12	0	0	1000	0	12	-1	5	-1
814	12	0	0	1000	0	12	-1	5	-1
815	12	0	0	1000	0	12	-1	5	-1
816	12	0	0	1000	0	12	-1	5	-1
817	12	0	0	1000	0	12	-1	5	-1
818	12	0	0	1000	0	12	-1	5	-1
819	12	0	0	1000	0	12	-1	5	-1
820	12	0	0	1000	0	12	-1	5	-1
821	12	0	0	1000	0	12	-1	5	-1
822	12	0	0	1000	0	12	-1	5	-1
823	12	0	0	1000	0	12	-1	5	-1
824	12	0	0	1000	0	12	-1	5	-1
825	12	0	0	1000	0	12	-1	5	-1
826	12	0	0	1000	0	12	-1	5	-1
827	12	0	0	1000	0	12	-1	5	-1
828	12	0	0	1000	0	12	-1	5	-1
829	12	0	0	1000	0	12	-1	5	-1
830	12	0	0	1000	0	12	-1	5	-1
831	12	0	0	1000	0	12	-1	5	-1
832	12	0	0	1000	0	12	-1	5	-1
833	12	0	0	1000	0	12	-1	5	-1
834	12	0	0	1000	0	12	-1	5	-1
835	12	0	0	1000	0	12	-1	5	-1
836	12	0	0	1000	0	12	-1	5	-1
837	12	0	0	1000	0	12	-1	5	-1
838	12	0	0	1000	0	12	-1	5	-1
839	12	0	0	1000	0	12	-1	5	-1
840	12	0	0	1000	0	12	-1	5	-1
841	12	0	0	1000	0	12	-1	5	-1
842	12	0	0	1000	0	12	-1	5	-1
843	12	0	0	1000	0	12	-1	5	-1
844	12	0	0	1000	0	12	-1	5	-1
845	12	0	0	1000	0	12	-1	5	-1
846	12	0	0	1000	0	12	-1	5	-1
847	12	0	0	1000	0	12	-1	5	-1
848	12	0	0	1000	0	12	-1	5	-1
849	12	0	0	1000	0	12	-1	5	-1
850	12	0	0	1000	0	12	-1	5	-1
851	12	0	0	1000	0	12	-1	5	-1
852	12	0	0	1000	0	12	-1	5	-1
853	12	0	0	1000	0	12	-1	5	-1
854	12	0	0	1000	0	12	-1	5	-1
855	12	0	0	1000	0	12	-1	5	-1
856	12	0	0	1000	0	12	-1	5	-1
857	12	0	0	1000	0	12	-1	5	-1
858	12	0	0	1000	0	12	-1	5	-1
859	12	0	0	1000	0	12	-1	5	-1
860	12	0	0	1000	0	12	-1	5	-1
861	12	0	0	1000	0	12	-1	5	-1
862	12	0	0	1000	0	12	-1	5	-1
863	12	0	0	1000	0	12	-1	5	-1
864	12	0	0	1000	0	12	-1	5	-1
865	12	0	0	1000	0	12	-1	5	-1
866	12	0	0	1000	0	12	-1	5	-1
867	12	0	0	1000	0	12	-1	5	-1
868	12	0	0	1000	0	12	-1	5	-1
869	12	0	0	1000	0	12	-1	5	-1
870	12	0	0	1000	0	12	-1	5	-1
871	12	0	0	1000	0	12	-1	5	-1
872	12	0	0	1000	0	12	-1	5	-1
873	12	0	0	1000	0	12	-1	5	-1
874	12	0	0	1000	0	12	-1	5	-1
875	12	0	0	1000	0	12	-1	5	-1
876	12	0	0	1000	0	12	-1	5	-1
877	12	0	0	1000	0	12	-1	5	-1
878	12	0	0	1000	0	12	-1	5	-1
879	12	0	0	1000	0	12	-1	5	-1
880	12	0	0	1000	0	12	-1	5	-1
881	12	0	0	1000	0	12	-1	5	-1
882	12	0	0	1000	0	12	-1	5	-1
883	12	0	0	1000	0	12	-1	5	-1
884	12	0	0	1000	0	12	-1	5	-1
885	12	0	0	1000	0	12	-1	5	-1
886	12	0	0	1000	0	12	-1	5	-1
887	12	0	0	1000	0	12	-1	5	-1
888	12	0	0	1000	0	12	-1	5	-1
889	12	0	0	1000	0	12	-1	5	-1
890	12	0	0	1000	0	12	-1	5	-1
891	12	0	0	1000	0	12	-1	5	-1
892	12	0	0	1000	0	12	-1	5	-1
893	12	0	0	1000	0	12	-1	5	-1
894	12	0	0	1000	0	12	-1	5	-1
895	12	0	0	1000	0	12	-1	5	-1
896	12	0	0	1000	0	12	-1	5	-1
897	12	0	0	1000	0	12	-1	5	-1
898	12	0	0	1000	0	12	-1	5	-1
899	12	0	0	1000	0	12	-1	5	-1
900	12	0	0	1000	0	12	-1	5	-1
901	12	0	0	1000	0	12	-1	5	-1
902	12	0	0	1000	0	12	-1	5	-1
903	12	0	0	1000	0	12	-1	5	-1
904	12	0	0	1000	0	12	-1	5	-1
905	12	0	0	1000	0	12	-1	5	-1
906	12	0	0	1000	0	12	-1	5	-1
907	12	0	0	1000	0	12	-1	5	-1
908	12	0	0	1000	0	12	-1	5	-1
909	12	0	0	1000	0	12	-1	5	-1
910	12	0	0	1000	0	12	-1	5	-1
911	12	0	0	1000	0	12	-1	5	-1
912	12	0	0	1000	0	12	-1	5	-1
913	12	0	0	1000	0	12	-1	5	-1
914	12	0	0	1000	0	12	-1	5	-1
915	12	0	0	1000	0	12	-1	5	-1
916	12	0	0	1000	0	12	-1	5	-1
917	12	0	0	1000	0	12	-1	5	-1
918	12	0	0	1000	0	12	-1	5	-1
919	12	0	0	1000	0	12	-1	5	-1
920	12	0	0	1000	0	12	-1	5	-1
921	12	0	0	1000	0	12	-1	5	-1
922	12	0	0	1000	0	12	-1	5	-1
923	12	0	0	1000	0	12	-1	5	-1
924	12	0	0	1000	0	12	-1	5	-1
925	12	0	0	1000	0	12	-1	5	-1
926	12	0	0	1000	0	12	-1	5	-1
927	12	0	0	1000	0	12	-1	5	-1
928	12	0	0	1000	0	12	-1	5	-1
929	12	0	0	1000	0	12	-1	5	-1
930	12	0	0	1000	0	12	-1	5	-1
931	12	0	0	1000	0	12	-1	5	-1
932	12	0	0	1000	0	12	-1	5	-1
933	12	0	0	1000	0	12	-1	5	-1
934	12	0	0	1000	0	12	-1	5	-1
935	12	0	0	1000	0	12	-1	5	-1
936	12	0	0	1000	0	12	-1	5	-1
937	12	0	0	1000	0	12	-1	5	-1
938	12	0	0	1000	0	12	-1	5	-1
939	12	0	0	1000	0	12	-1	5	-1
940	12	0	0	1000	0	12	-1	5	-1
941	12	0	0	1000	0	12	-1	5	-1
942	12	0	0	1000	0	12	-1	5	-1
943	12	0	0	1000	0	12	-1	5	-1
944	12	0	0	1000	0	12	-1	5	-1
945	12	0	0	1000	0	12	-1	5	-1
946	12	0	0	1000	0	12	-1	5	-1
947	12	0	0	1000	0	12	-1	5	-1
948	12	0	0	1000	0	12	-1	5	-1
949	12	0	0	1000	0	12	-1	5	-1
950	12	0	0	1000	0	12	-1	5	-1
951	12	0	0	1000	0	12	-1	5	-1
952	12	0	0	1000	0	12	-1	5	-1
953	12	0	0	1000	0	12	-1	5	-1
954	12	0	0	1000	0	12	-1	5	-1
955	12	0	0	1000	0	12	-1	5	-1
956	12	0	0	1000	0	12	-1	5	-1
957	12	0	0	1000	0	12	-1	5	-1
958	12	0	0	1000	0	12	-1	5	-1
959	12	0	0	1000	0	12	-1	5	-1
960	12	0	0	1000	0	12	-1	5	-1
961	12	0	0	1000	0	12	-1	5	-1
962	12	0	0	1000	0	12	-1	5	-1
963	12	0	0	1000	0	12	-1	5	-1
964	12	0	0	1000	0	12	-1	5	-1
965	12	0	0	1000	0	12	-1	5	-1
966	12	0	0	1000	0	12	-1	5	-1
967	12	0	0	1000	0	12	-1	5	-1
968	12	0	0	1000	0	12	-1	5	-1
969	12	0	0	1000	0	12	-1	5	-1
970	12	0	0	1000	0	12	-1	5	-1
971	12	0	0	1000	0	12	-1	5	-1
972	12	0	0	1000	0	12	-1	5	-1
973	12	0	0	1000	0	12	-1	5	-1
974	12	0	0	1000	0	12	-1	5	-1
975	12	0	0	1000	0	12	-1	5	-1
976	12	0	0	1000	0	12	-1	5	-1
977	12	0	0	1000	0	12	-1	5	-1
978	12	0	0	1000	0	12	-1	5	-1
979	12	0	0	1000	0	12	-1	5	-1
980	12	0	0	1000	0	12	-1	5	-1
981	12	0	0	1000	0	12	-1	5	-1
982	12	0	0	1000	0	12	-1	5	-1
983	12	0	0	1000	0	12	-1	5	-1
984	12	0	0	1000	0	12	-1	5	-1
985	12	0	0	1000	0	12	-1	5	-1
986	12	0	0	1000	0	12	-1	5	-1
987	12	0	0	1000	0	12	-1	5	-1
988	12	0	0	1000	0	12	-1	5	-1
989	12	0	0	1000	0	12	-1	5	-1
990	12	0	0	1000	0	12	-1	5	-1
991	12	0	0	1000	0	12	-1	5	-1
992	12	0	0	1000	0	12	-1	5	-1
993	12	0	0	1000	0	12	-1	5	-1
994	12	0	0	1000	0	12	-1	5	-1
995	12	0	0	1000	0	12	-1	5	-1
996	12	0	0	1000	0	12	-1	5	-1
997	12	0	0	1000	0	12	-1	5	-1
998	12	0	0	1000	0	12	-1	5	-1
999	12	0	0	1000	0	12	-1	5	-1
1000	12	0	0	1000	0	12	-1	5	-1
1001	12	0	0	1000	0	12	-1	5	-1
1002	12	0	0	1000	0	12	-1	5	-1
1003	12	0	0	1000	0	12	-1	5	-1
1004	12	0	0	1000	0	12	-1	5	-1
1005	12	0	0	1000	0	12	-1	5	-1
1006	12	0	0	1000	0	12	-1	5	-1
1007	12	0	0	1000	0	12	-1	5	-1
1008	12	0	0	1000	0	12	-1	5	-1
1009	12	0	0	1000	0	12	-1	5	-1
1010	12	0	0	1000	0	12	-1	5	-1
1011	12	0	0	1000	0	12	-1	5	-1
1012	12	0	0	1000	0	12	-1	5	-1
1013	12	0	0	1000	0	12	-1	5	-1
1014	12	0	0	1000	0	12	-1	5	-1
1015	12	1	1	1000	1015	12	12	5	-1
1016	12	1	1	1000	1015	12	12	5	-1
1017	12	1	1	1000	1015	12	12	5	-1
1018	12	1	1	1000	1015	12	12	5	-1
1019	12	1	1	1000	1015	12	12	5	-1
1020	12	1	1	1000	1015	12	12	5	-1
1021	12	1	1	1000	1015	12	12	5	-1
1022	12	1	1	1000	1015	12	12	5	-1
1023	12	1	1	1000	1015	12	12	5	-1
1024	12	1	1	1000	1015	12	12	5	-1
1025	12	1	1	1000	1015	12	12	5	-1
1026	12	1	1	1000	1015	12	12	5	-1
1027	12	1	1	1000	1015	12	12	5	-1
1028	12	1	1	1000	1015	12	12	5	-1
1029	12	1	1	1000	1015	12	12	5	-1
1030	12	1	1	1000	1015	12	12	5	-1
1031	12	1	1	1000	1015	12	12	5	-1
1032	12	1	1	1000	1015	12	12	5	-1
1033	12	1	1	1000	1015	12	12	5	-1
1034	12	1	1	1000	1015	12	12	5	-1
1035	12	1	1	1000	1015	12	12	5	-1
1036	12	1	1	1000	1015	12	12	5	-1
1037	12	1	1	1000	1015	12	12	5	-1
1038	12	1	1	1000	1015	12	12	5	-1
1039	12	1	1	1000	1015	12	12	5	-1
1040	12	1	1	1000	1015	12	12	5	-1
1041	12	1	1	1000	1015	12	12	5	-1
1042	12	1	1	1000	1015	12	12	5	-1
1043	12	1	1	1000	1015	12	12	5	-1
1044	12	1	1	1000	1015	12	12	5	-1
1045	12	1	1	1000	1015	12	12	5	-1
1046	12	1	1	1000	1015	12	12	5	-1
1047	12	1	1	1000	1015	12	12	5	-1
1048	12	1	1	1000	1015	12	12	5	-1
1049	12	1	1	1000	1015	12	12	5	-1
1050	12	1	1	1000	1015	12	12	5	-1
1051	12	1	1	1000	1015	12	12	5	-1
1052	12	1	1	1000	1015	12	12	5	-1
1053	12	1	1	1000	1015	12	12	5	-1
1054	12	1	1	1000	1015	12	12	5	-1
1055	12	1	1	1000	1015	12	12	5	-1
1056	12	1	1	1000	1015	12	12	5	-1
1057	12	1	1	1000	1015	12	12	5	-1
1058	12	1	1	1000	1015	12	12	5	-1
1059	12	1	1	1000	1015	12	12	5	-1
1060	12	1	1	1000	1015	12	12	5	-1
1061	12	1	1	1000	1015	12	12	5	-1
1062	12	1	1	1000	1015	12	12	5	-1
1063	12	1	1	1000	1015	12	12	5	-1
1064	12	1	1	1000	1015	12	12	5	-1
1065	12	1	1	1000	1015	12	12	5	-1
1066	12	1	1	1000	1015	12	12	5	-1
1067	12	1	1	1000	1015	12	12	5	-1
1068	12	1	1	1000	1015	12	12	5	-1
1069	12	1	1	1000	1015	12	12	5	-1
1070	12	1	1	1000	1015	12	12	5	-1
1071	12	1	1	1000	1015	12	12	5	-1
1072	12	1	1	1000	1015	12	12	5	-1
1073	12	1	1	1000	1015	12	12	5	-1
1074	12	1	1	1000	1015	12	12	5	-1
1075	12	1	1	1000	1015	12	12	5	-1
1076	12	1	1	1000	1015	12	12	5	-1
1077	12	1	1	1000	1015	12	12	5	-1
1078	12	1	1	1000	1015	12	12	5	-1
1079	12	1	1	1000	1015	12	12	5	-1
1080	12	1	1	1000	1015	12	12	5	-1
1081	12	1	1	1000	1015	12	12	5	-1
1082	12	1	1	1000	1015	12	12	5	-1
1083	12	1	1	1000	1015	12	12	5	-1
1084	12	1	1	1000	1015	12	12	5	-1
1085	12	1	1	1000	1015	12	12	5	-1
1086	12	1	1	1000	1015	12	12	5	-1
1087	12	1	1	1000	1015	12	12	5	-1
1088	12	1	1	1000	1015	12	12	5	-1
1089	12	1	1	1000	1015	12	12	5	-1
1090	12	1	1	1000	1015	12	12	5	-1
1091	12	1	1	1000	1015	12	12	5	-1
1092	12	1	1	1000	1015	12	12	5	-1
1093	12	1	1	1000	1015	12	12	5	-1
1094	12	1	1	1000	1015	12	12	5	-1
1095	12	1	1	1000	1015	12	12	5	-1
1096	12	1	1	1000	1015	12	12	5	-1
1097	12	1	1	1000	1015	12	12	5	-1
1098	12	1	1	1000	1015	12	12	5	-1
1099	12	1	1	1000	1015	12	12	5	-1
1100	12	1	1	1000	1015	12	12	5	-1
1101	12	1	1	1000	1015	12	12	5	-1
1102	12	1	1	1000	1015	12	12	5	-1
1103	12	1	1	1000	1015	12	12	5	-1
1104	12	1	1	1000	1015	12	12	5	-1
1105	12	1	1	1000	1015	12	12	5	-1
1106	12	1	1	1000	1015	12	12	5	-1
1107	12	1	1	1000	1015	12	12	5	-1
1108	12	1	1	1000	1015	12	12	5	-1
1109	12	1	1	1000	1015	12	12	5	-1
1110	12	1	1	1000	1015	12	12	5	-1
1111	12	1	1	1000	1015	12	12	5	-1
1112	12	1	1	1000	1015	12	12	5	-1
1113	12	1	1	1000	1015	12	12	5	-1
1114	12	1	1	1000	1015	12	12	5	-1
1115	12	1	1	1000	1015	12	12	5	-1
1116	12	1	1	1000	1015	12	12	5	-1
1117	12	1	1	1000	1015	12	12	5	-1
1118	12	1	1	1000	1015	12	12	5	-1
1119	12	1	1	1000	1015	12	12	5	-1
1120	12	1	1	1000	1015	12	12	5	-1
1121	12	1	1	1000	1015	12	12	5	-1
1122	12	1	1	1000	1015	12	12	5	-1
1123	12	1	1	1000	1015	12	12	5	-1
1124	12	1	1	1000	1015	12	12	5	-1
1125	12	1	1	1000	1015	12	12	5	-1
1126	12	1	1	1000	1015	12	12	5	-1
1127	12	1	1	1000	1015	12	12	5	-1
1128	12	1	1	1000	1015	12	12	5	-1
1129	12	1	1	1000	1015	12	12	5	-1
1130	12	1	1	1000	1015	12	12	5	-1
1131	12	1	1	1000	1015	12	12	5	-1
1132	12	1	1	1000	1015	12	12	5	-1
1133	12	1	1	1000	1015	12	12	5	-1
1134	12	1	1	1000	1015	12	12	5	-1
1135	12	1	1	1000	1015	12	12	5	-1
1136	12	1	1	1000	1015	12	12	5	-1
1137	12	1	1	1000	1015	12	12	5	-1
1138	12	1	1	1000	1015	12	12	5	-1
1139	12	1	1	1000	1015	12	12	5	-1
1140	12	1	1	1000	1015	12	12	5	-1
1141	12	1	1	1000	1015	12	12	5	-1
1142	12	1	1	1000	1015	12	12	5	-1
1143	12	1	1	1000	1015	12	12	5	-1
1144	12	1	1	1000	1015	12	12	5	-1
1145	12	1	1	1000	1015	12	12	5	-1
1146	12	1	1	1000	1015	12	12	5	-1
1147	12	1	1	1000	1015	12	12	5	-1
1148	12	1	1	1000	1015	12	12	5	-1
1149	12	1	1	1000	1015	12	12	5	-1
1150	12	1	1	1000	1015	12	12	5	-1
1151	12	1	1	1000	1015	12	12	5	-1
1152	12	1	1	1000	1015	12	12	5	-1
1153	12	1	1	1000	1015	12	12	5	-1
1154	12	1	1	1000	1015	12	12	5	-1
1155	12	1	1	1000	1015	12	12	5	-1
1156	12	1	1	1000	1015	12	12	5	-1
1157	12	1	1	1000	1015	12	12	5	-1
1158	12	1	1	1000	1015	12	12	5	-1
1159	12	1	1	1000	1015	12	12	5	-1
1160	12	1	1	1000	1015	12	12	5	-1
1161	12	1	1	1000	1015	12	12	5	-1
1162	12	1	1	1000	1015	12	12	5	-1
1163	12	1	1	1000	1015	12	12	5	-1
1164	12	1	1	1000	1015	12	12	5	-1
1165	12	1	1	1000	1015	12	12	5	-1
1166	12	1	1	1000	1015	12	12	5	-1
1167	12	1	1	1000	1015	12	12	5	-1
1168	12	1	1	1000	1015	12	12	5	-1
1169	12	1	1	1000	1015	12	12	5	-1
1170	12	1	1	1000	1015	12	12	5	-1
1171	12	1	1	1000	1015	12	12	5	-1
1172	12	1	1	1000	1015	12	12	5	-1
1173	12	1	1	1000	1015	12	12	5	-1
1174	12	1	1	1000	1015	12	12	5	-1
1175	12	1	1	1000	1015	12	12	5	-1
1176	12	1	1	1000	1015	12	12	5	-1
1177	12	1	1	1000	1015	12	12	5	-1
1178	12	1	1	1000	1015	12	12	5	-1
1179	12	1	1	1000	1015	12	12	5	-1
1180	12	1	1	1000	1015	12	12	5	-1
1181	12	1	1	1000	1015	12	12	5	-1
1182	12	1	1	1000	1015	12	12	5	-1
1183	12	1	1	1000	1015	12	12	5	-1
1184	12	1	1	1000	1015	12	12	5	-1
1185	12	1	1	1000	1015	12	12	5	-1
1186	12	1	1	1000	1015	12	12	5	-1
1187	12	1	1	1000	1015	12	12	5	-1
1188	12	1	1	1000	1015	12	12	5	-1
1189	12	1	1	1000	1015	12	12	5	-1
1190	12	1	1	1000	1015	12	12	5	-1
1191	12	1	1	1000	1015	12	12	5	-1
1192	12	1	1	1000	1015	12	12	5	-1
1193	12	1	1	1000	1015	12	12	5	-1
1194	12	1	1	1000	1015	12	12	5	-1
1195	12	1	1	1000	1015	12	12	5	-1
1196	12	1	1	1000	1015	12	12	5	-1
1197	12	1	1	1000	1015	12	12	5	-1
1198	12	1	1	1000	1015	12	12	5	-1
1199	12	1	1	1000	1015	12	12	5	-1
1200	12	1	1	1000	1015	12	12	5	-1
1201	12	1	1	1000	1015	12	12	5	-1
1202	12	1	1	1000	1015	12	12	5	-1
1203	12	1	1	1000	1015	12	12	5	-1
1204	12	1	1	1000	1015	12	12	5	-1
1205	12	1	1	1000	1015	12	12	5	-1
1206	12	1	1	1000	1015	12	12	5	-1
1207	12	1	1	1000	1015	12	12	5	-1
1208	12	1	1	1000	1015	12	12	5	-1
1209	12	1	1	1000	1015	12	12	5	-1
1210	12	1	1	1000	1015	12	12	5	-1
1211	12	1	1	1000	1015	12	12	5	-1
1212	12	1	1	1000	1015	12	12	5	-1
1213	12	1	1	1000	1015	12	12	5	-1
1214	12	1	1	1000	1015	12	12	5	-1
1215	12	1	1	1000	1015	12	12	5	-1
1216	12	1	1	1000	1015	12	12	5	-1
1217	12	1	1	1000	1015	12	12	5	-1
1218	12	1	1	1000	1015	12	12	5	-1
1219	12	1	1	1000	1015	12	12	5	-1
1220	12	1	1	1000	1015	12	12	5	-1
1221	12	1	1	1000	1015	12	12	5	-1
1222	12	1	1	1000	1015	12	12	5	-1
1223	12	1	1	1000	1015	12	12	5	-1
1224	12	1	1	1000	1015	12	12	5	-1
1225	12	1	1	1000	1015	12	12	5	-1
1226	12	1	1	1000	1015	12	12	5	-1
1227	12	1	1	1000	1015	12	12	5	-1
1228	12	1	1	1000	1015	12	12	5	-1
1229	12	1	1	1000	1015	12	12	5	-1
1230	12	1	1	1000	1015	12	12	5	-1
1231	12	1	1	1000	1015	12	12	5	-1
1232	12	1	1	1000	1015	12	12	5	-1
1233	12	1	1	1000	1015	12	12	5	-1
1234	12	1	1	1000	1015	12	12	5	-1
1235	12	1	1	1000	1015	12	12	5	-1
1236	12	1	1	1000	1015	12	12	5	-1
1237	12	1	1	1000	1015	12	12	5	-1
1238	12	1	1	1000	1015	12	12	5	-1
1239	12	1	1	1000	1015	12	12	5	-1
1240	12	1	1	1000	1015	12	12	5	-1
1241	12	1	1	1000	1015	12	12	5	-1
1242	12	1	1	1000	1015	12	12	5	-1
1243	12	1	1	1000	1015	12	12	5	-1
1244	12	1	1	1000	1015	12	12	5	-1
1245	12	1	1	1000	1015	12	12	5	-1
1246	12	1	1	1000	1015	12	12	5	-1
1247	12	1	1	1000	1015	12	12	5	-1
1248	12	1	1	1000	1015	12	12	5	-1
1249	12	1	1	1000	1015	12	12	5	-1
1250	12	1	1	1000	1015	12	12	5	-1
1251	12	1	1	1000	1015	12	12	5	-1
1252	12	1	1	1000	1015	12	12	5	-1
1253	12	1	1	1000	1015	12	12	5	-1
1254	12	1	1	1000	1015	12	12	5	-1
1255	12	1	1	1000	1015	12	12	5	-1
1256	12	1	1	1000	1015	12	12	5	-1
1257	12	1	1	1000	1015	12	12	5	-1
1258	12	1	1	1000	1015	12	12	5	-1
1259	12	1	1	1000	1015	12	12	5	-1
1260	12	1	1	1000	1015	12	12	5	-1
1261	12	1	1	1000	1015	12	12	5	-1
1262	12	1	1	1000	1015	12	12	5	-1
1263	12	1	1	1000	1015	12	12	5	-1
1264	12	1	1	1000	1015	12	12	5	-1
1265	12	1	1	1000	1015	12	12	5	-1
1266	12	1	1	1000	1015	12	12	5	-1
1267	12	1	1	1000	1015	12	12	5	-1
1268	12	1	1	1000	1015	12	12	5	-1
1269	12	1	1	1000	1015	12	12	5	-1
1270	12	1	1	1000	1015	12	12	5	-1
1271	12	1	1	1000	1015	12	12	5	-1
1272	12	1	1	1000	1015	12	12	5	-1
1273	12	1	1	1000	1015	12	12	5	-1
1274	12	1	1	1000	1015	12	12	5	-1
1275	12	1	1	1000	1015	12	12	5	-1
1276	12	1	1	1000	1015	12	12	5	-1
1277	12	1	1	1000	1015	12	12	5	-1
1278	12	1	1	1000	1015	12	12	5	-1
1279	12	1	1	1000	1015	12	12	5	-1
1280	12	1	1	1000	1015	12	12	5	-1
1281	12	1	1	1000	1015	12	12	5	-1
1282	12	1	1	1000	1015	12	12	5	-1
1283	12	1	1	1000	1015	12	12	5	-1
1284	12	1	1	1000	1015	12	12	5	-1
1285	12	1	1	1000	1015	12	12	5	-1
1286	12	1	1	1000	1015	12	12	5	-1
1287	12	1	1	1000	1015	12	12	5	-1
1288	12	1	1	1000	1015	12	12	5	-1
1289	12	1	1	1000	1015	12	12	5	-1
1290	12	1	1	1000	1015	12	12	5	-1
1291	12	1	1	1000	1015	12	12	5	-1
1292	12	1	1	1000	1015	12	12	5	-1
1293	12	1	1	1000	1015	12	12	5	-1
1294	12	1	1	1000	1015	12	12	5	-1
1295	12	1	1	1000	1015	12	12	5	-1
1296	12	1	1	1000	1015	12	12	5	-1
1297	12	1	1	1000	1015	12	12	5	-1
1298	12	1	1	1000	1015	12	12	5	-1
1299	12	1	1	1000	1015	12	12	5	-1
1300	12	1	1	1000	1015	12	12	5	-1
1301	12	1	1	1000	1015	12	12	5	-1
1302	12	1	1	1000	1015	12	12	5	-1
1303	12	1	1	1000	1015	12	12	5	-1
1304	12	1	1	1000	1015	12	12	5	-1
1305	12	1	1	1000	1015	12	12	5	-1
1306	12	1	1	1000	1015	12	12	5	-1
1307	12	1	1	1000	1015	12	12	5	-1
1308	12	1	1	1000	1015	12	12	5	-1
1309	12	1	1	1000	1015	12	12	5	-1
1310	12	1	1	1000	1015	12	12	5	-1
1311	12	1	1	1000	1015	12	12	5	-1
1312	12	1	1	1000	1015	12	12	5	-1
1313	12	1	1	1000	1015	12	12	5	-1
1314	12	1	1	1000	1015	12	12	5	-1
1315	12	1	1	1000	1015	12	12	5	-1
1316	12	1	1	1000	1015	12	12	5	-1
1317	12	1	1	1000	1015	12	12	5	-1
1318	12	1	1	1000	1015	12	12	5	-1
1319	12	1	1	1000	1015	12	12	5	-1
