1	27	0	0	1000	0	27	-1	-2	3
2	27	0	0	1000	0	27	-1	-2	3
3	27	0	0	1000	0	27	-1	-2	3
4	27	0	0	1000	0	27	-1	-2	3
5	27	0	0	1000	0	27	-1	-2	3
6	27	0	0	1000	0	27	-1	-2	3
7	27	0	0	1000	0	27	-1	-2	3
8	27	0	0	1000	0	27	-1	-2	3
9	27	0	0	1000	0	27	-1	-2	3
10	27	0	0	1000	0	27	-1	-2	3
11	27	0	0	1000	0	27	-1	-2	3
12	27	0	0	1000	0	27	-1	-2	3
13	27	0	0	1000	0	27	-1	-2	3
14	27	0	0	1000	0	27	-1	-2	3
15	27	0	0	1000	0	27	-1	-2	3
16	27	0	0	1000	0	27	-1	-2	3
17	27	0	0	1000	0	27	-1	-2	3
18	27	0	0	1000	0	27	-1	-2	3
19	27	0	0	1000	0	27	-1	-2	3
20	27	0	0	1000	0	27	-1	-2	3
21	27	0	0	1000	0	27	-1	-2	3
22	27	0	0	1000	0	27	-1	-2	3
23	27	0	0	1000	0	27	-1	-2	3
24	27	0	0	1000	0	27	-1	-2	3
25	27	0	0	1000	0	27	-1	-2	3
26	27	0	0	1000	0	27	-1	-2	3
27	27	0	0	1000	0	27	-1	-2	3
28	27	0	0	1000	0	27	-1	-2	3
29	27	0	0	1000	0	27	-1	-2	3
30	27	0	0	1000	0	27	-1	-2	3
31	27	0	0	1000	0	27	-1	-2	3
32	27	0	0	1000	0	27	-1	-2	3
33	27	0	0	1000	0	27	-1	-2	3
34	27	0	0	1000	0	27	-1	-2	3
35	27	0	0	1000	0	27	-1	-2	3
36	27	0	0	1000	0	27	-1	-2	3
37	27	0	0	1000	0	27	-1	-2	3
38	27	0	0	1000	0	27	-1	-2	3
39	27	0	0	1000	0	27	-1	-2	3
40	27	0	0	1000	0	27	-1	-2	3
41	27	0	0	1000	0	27	-1	-2	3
42	27	0	0	1000	0	27	-1	-2	3
43	27	0	0	1000	0	27	-1	-2	3
44	27	0	0	1000	0	27	-1	-2	3
45	27	0	0	1000	0	27	-1	-2	3
46	27	0	0	1000	0	27	-1	-2	3
47	27	0	0	1000	0	27	-1	-2	3
48	27	0	0	1000	0	27	-1	-2	3
49	27	0	0	1000	0	27	-1	-2	3
50	27	0	0	1000	0	27	-1	-2	3
51	27	0	0	1000	0	27	-1	-2	3
52	27	0	0	1000	0	27	-1	-2	3
53	27	0	0	1000	0	27	-1	-2	3
54	27	0	0	1000	0	27	-1	-2	3
55	27	0	0	1000	0	27	-1	-2	3
56	27	0	0	1000	0	27	-1	-2	3
57	27	0	0	1000	0	27	-1	-2	3
58	27	0	0	1000	0	27	-1	-2	3
59	27	0	0	1000	0	27	-1	-2	3
60	27	0	0	1000	0	27	-1	-2	3
61	27	0	0	1000	0	27	-1	-2	3
62	27	0	0	1000	0	27	-1	-2	3
63	27	0	0	1000	0	27	-1	-2	3
64	27	0	0	1000	0	27	-1	-2	3
65	27	0	0	1000	0	27	-1	-2	3
66	27	0	0	1000	0	27	-1	-2	3
67	27	0	0	1000	0	27	-1	-2	3
68	27	0	0	1000	0	27	-1	-2	3
69	27	0	0	1000	0	27	-1	-2	3
70	27	0	0	1000	0	27	-1	-2	3
71	27	0	0	1000	0	27	-1	-2	3
72	27	0	0	1000	0	27	-1	-2	3
73	27	0	0	1000	0	27	-1	-2	3
74	27	0	0	1000	0	27	-1	-2	3
75	27	0	0	1000	0	27	-1	-2	3
76	27	0	0	1000	0	27	-1	-2	3
77	27	0	0	1000	0	27	-1	-2	3
78	27	0	0	1000	0	27	-1	-2	3
79	27	0	0	1000	0	27	-1	-2	3
80	27	0	0	1000	0	27	-1	-2	3
81	27	0	0	1000	0	27	-1	-2	3
82	27	0	0	1000	0	27	-1	-2	3
83	27	0	0	1000	0	27	-1	-2	3
84	27	0	0	1000	0	27	-1	-2	3
85	27	0	0	1000	0	27	-1	-2	3
86	27	0	0	1000	0	27	-1	-2	3
87	27	0	0	1000	0	27	-1	-2	3
88	27	0	0	1000	0	27	-1	-2	3
89	27	0	0	1000	0	27	-1	-2	3
90	27	0	0	1000	0	27	-1	-2	3
91	27	0	0	1000	0	27	-1	-2	3
92	27	0	0	1000	0	27	-1	-2	3
93	27	0	0	1000	0	27	-1	-2	3
94	27	0	0	1000	0	27	-1	-2	3
95	27	0	0	1000	0	27	-1	-2	3
96	27	0	0	1000	0	27	-1	-2	3
97	27	0	0	1000	0	27	-1	-2	3
98	27	0	0	1000	0	27	-1	-2	3
99	27	0	0	1000	0	27	-1	-2	3
100	27	0	0	1000	0	27	-1	-2	3
101	27	0	0	1000	0	27	-1	-2	3
102	27	0	0	1000	0	27	-1	-2	3
103	27	0	0	1000	0	27	-1	-2	3
104	27	0	0	1000	0	27	-1	-2	3
105	27	0	0	1000	0	27	-1	-2	3
106	27	0	0	1000	0	27	-1	-2	3
107	27	0	0	1000	0	27	-1	-2	3
108	27	0	0	1000	0	27	-1	-2	3
109	27	0	0	1000	0	27	-1	-2	3
110	27	0	0	1000	0	27	-1	-2	3
111	27	0	0	1000	0	27	-1	-2	3
112	27	0	0	1000	0	27	-1	-2	3
113	27	0	0	1000	0	27	-1	-2	3
114	27	0	0	1000	0	27	-1	-2	3
115	27	0	0	1000	0	27	-1	-2	3
116	27	0	0	1000	0	27	-1	-2	3
117	27	0	0	1000	0	27	-1	-2	3
118	27	0	0	1000	0	27	-1	-2	3
119	27	0	0	1000	0	27	-1	-2	3
120	27	0	0	1000	0	27	-1	-2	3
121	27	0	0	1000	0	27	-1	-2	3
122	27	0	0	1000	0	27	-1	-2	3
123	27	0	0	1000	0	27	-1	-2	3
124	27	0	0	1000	0	27	-1	-2	3
125	27	0	0	1000	0	27	-1	-2	3
126	27	0	0	1000	0	27	-1	-2	3
127	27	0	0	1000	0	27	-1	-2	3
128	27	0	0	1000	0	27	-1	-2	3
129	27	0	0	1000	0	27	-1	-2	3
130	27	0	0	1000	0	27	-1	-2	3
131	27	0	0	1000	0	27	-1	-2	3
132	27	0	0	1000	0	27	-1	-2	3
133	27	0	0	1000	0	27	-1	-2	3
134	27	0	0	1000	0	27	-1	-2	3
135	27	0	0	1000	0	27	-1	-2	3
136	27	0	0	1000	0	27	-1	-2	3
137	27	0	0	1000	0	27	-1	-2	3
138	27	0	0	1000	0	27	-1	-2	3
139	27	0	0	1000	0	27	-1	-2	3
140	27	0	0	1000	0	27	-1	-2	3
141	27	0	0	1000	0	27	-1	-2	3
142	27	0	0	1000	0	27	-1	-2	3
143	27	0	0	1000	0	27	-1	-2	3
144	27	0	0	1000	0	27	-1	-2	3
145	27	0	0	1000	0	27	-1	-2	3
146	27	0	0	1000	0	27	-1	-2	3
147	27	0	0	1000	0	27	-1	-2	3
148	27	0	0	1000	0	27	-1	-2	3
149	27	0	0	1000	0	27	-1	-2	3
150	27	0	0	1000	0	27	-1	-2	3
151	27	0	0	1000	0	27	-1	-2	3
152	27	0	0	1000	0	27	-1	-2	3
153	27	0	0	1000	0	27	-1	-2	3
154	27	0	0	1000	0	27	-1	-2	3
155	27	0	0	1000	0	27	-1	-2	3
156	27	0	0	1000	0	27	-1	-2	3
157	27	0	0	1000	0	27	-1	-2	3
158	27	0	0	1000	0	27	-1	-2	3
159	27	0	0	1000	0	27	-1	-2	3
160	27	0	0	1000	0	27	-1	-2	3
161	27	0	0	1000	0	27	-1	-2	3
162	27	0	0	1000	0	27	-1	-2	3
163	27	0	0	1000	0	27	-1	-2	3
164	27	0	0	1000	0	27	-1	-2	3
165	27	0	0	1000	0	27	-1	-2	3
166	27	0	0	1000	0	27	-1	-2	3
167	27	0	0	1000	0	27	-1	-2	3
168	27	0	0	1000	0	27	-1	-2	3
169	27	0	0	1000	0	27	-1	-2	3
170	27	0	0	1000	0	27	-1	-2	3
171	27	0	0	1000	0	27	-1	-2	3
172	27	0	0	1000	0	27	-1	-2	3
173	27	0	0	1000	0	27	-1	-2	3
174	27	0	0	1000	0	27	-1	-2	3
175	27	0	0	1000	0	27	-1	-2	3
176	27	0	0	1000	0	27	-1	-2	3
177	27	0	0	1000	0	27	-1	-2	3
178	27	0	0	1000	0	27	-1	-2	3
179	27	0	0	1000	0	27	-1	-2	3
180	27	0	0	1000	0	27	-1	-2	3
181	27	0	0	1000	0	27	-1	-2	3
182	27	0	0	1000	0	27	-1	-2	3
183	27	0	0	1000	0	27	-1	-2	3
184	27	0	0	1000	0	27	-1	-2	3
185	27	0	0	1000	0	27	-1	-2	3
186	27	0	0	1000	0	27	-1	-2	3
187	27	0	0	1000	0	27	-1	-2	3
188	27	0	0	1000	0	27	-1	-2	3
189	27	0	0	1000	0	27	-1	-2	3
190	27	0	0	1000	0	27	-1	-2	3
191	27	0	0	1000	0	27	-1	-2	3
192	27	0	0	1000	0	27	-1	-2	3
193	27	0	0	1000	0	27	-1	-2	3
194	27	0	0	1000	0	27	-1	-2	3
195	27	0	0	1000	0	27	-1	-2	3
196	27	0	0	1000	0	27	-1	-2	3
197	27	0	0	1000	0	27	-1	-2	3
198	27	0	0	1000	0	27	-1	-2	3
199	27	0	0	1000	0	27	-1	-2	3
200	27	0	0	1000	0	27	-1	-2	3
201	27	0	0	1000	0	27	-1	-2	3
202	27	0	0	1000	0	27	-1	-2	3
203	27	0	0	1000	0	27	-1	-2	3
204	27	0	0	1000	0	27	-1	-2	3
205	27	0	0	1000	0	27	-1	-2	3
206	27	0	0	1000	0	27	-1	-2	3
207	27	0	0	1000	0	27	-1	-2	3
208	27	0	0	1000	0	27	-1	-2	3
209	27	0	0	1000	0	27	-1	-2	3
210	27	0	0	1000	0	27	-1	-2	3
211	27	0	0	1000	0	27	-1	-2	3
212	27	0	0	1000	0	27	-1	-2	3
213	27	0	0	1000	0	27	-1	-2	3
214	27	0	0	1000	0	27	-1	-2	3
215	27	0	0	1000	0	27	-1	-2	3
216	27	0	0	1000	0	27	-1	-2	3
217	27	0	0	1000	0	27	-1	-2	3
218	27	0	0	1000	0	27	-1	-2	3
219	27	0	0	1000	0	27	-1	-2	3
220	27	0	0	1000	0	27	-1	-2	3
221	27	0	0	1000	0	27	-1	-2	3
222	27	0	0	1000	0	27	-1	-2	3
223	27	0	0	1000	0	27	-1	-2	3
224	27	0	0	1000	0	27	-1	-2	3
225	27	0	0	1000	0	27	-1	-2	3
226	27	0	0	1000	0	27	-1	-2	3
227	27	0	0	1000	0	27	-1	-2	3
228	27	0	0	1000	0	27	-1	-2	3
229	27	0	0	1000	0	27	-1	-2	3
230	27	0	0	1000	0	27	-1	-2	3
231	27	0	0	1000	0	27	-1	-2	3
232	27	0	0	1000	0	27	-1	-2	3
233	27	0	0	1000	0	27	-1	-2	3
234	27	0	0	1000	0	27	-1	-2	3
235	27	0	0	1000	0	27	-1	-2	3
236	27	0	0	1000	0	27	-1	-2	3
237	27	0	0	1000	0	27	-1	-2	3
238	27	0	0	1000	0	27	-1	-2	3
239	27	0	0	1000	0	27	-1	-2	3
240	27	0	0	1000	0	27	-1	-2	3
241	27	0	0	1000	0	27	-1	-2	3
242	27	0	0	1000	0	27	-1	-2	3
243	27	0	0	1000	0	27	-1	-2	3
244	27	0	0	1000	0	27	-1	-2	3
245	27	0	0	1000	0	27	-1	-2	3
246	27	0	0	1000	0	27	-1	-2	3
247	27	0	0	1000	0	27	-1	-2	3
248	27	0	0	1000	0	27	-1	-2	3
249	27	0	0	1000	0	27	-1	-2	3
250	27	0	0	1000	0	27	-1	-2	3
251	27	0	0	1000	0	27	-1	-2	3
252	27	0	0	1000	0	27	-1	-2	3
253	27	0	0	1000	0	27	-1	-2	3
254	27	0	0	1000	0	27	-1	-2	3
255	27	0	0	1000	0	27	-1	-2	3
256	27	0	0	1000	0	27	-1	-2	3
257	27	0	0	1000	0	27	-1	-2	3
258	27	0	0	1000	0	27	-1	-2	3
259	27	0	0	1000	0	27	-1	-2	3
260	27	0	0	1000	0	27	-1	-2	3
261	27	0	0	1000	0	27	-1	-2	3
262	27	0	0	1000	0	27	-1	-2	3
263	27	0	0	1000	0	27	-1	-2	3
264	27	0	0	1000	0	27	-1	-2	3
265	27	0	0	1000	0	27	-1	-2	3
266	27	0	0	1000	0	27	-1	-2	3
267	27	0	0	1000	0	27	-1	-2	3
268	27	0	0	1000	0	27	-1	-2	3
269	27	0	0	1000	0	27	-1	-2	3
270	27	0	0	1000	0	27	-1	-2	3
271	27	0	0	1000	0	27	-1	-2	3
272	27	0	0	1000	0	27	-1	-2	3
273	27	0	0	1000	0	27	-1	-2	3
274	27	0	0	1000	0	27	-1	-2	3
275	27	0	0	1000	0	27	-1	-2	3
276	27	0	0	1000	0	27	-1	-2	3
277	27	0	0	1000	0	27	-1	-2	3
278	27	0	0	1000	0	27	-1	-2	3
279	27	0	0	1000	0	27	-1	-2	3
280	27	0	0	1000	0	27	-1	-2	3
281	27	0	0	1000	0	27	-1	-2	3
282	27	0	0	1000	0	27	-1	-2	3
283	27	0	0	1000	0	27	-1	-2	3
284	27	0	0	1000	0	27	-1	-2	3
285	27	0	0	1000	0	27	-1	-2	3
286	27	0	0	1000	0	27	-1	-2	3
287	27	0	0	1000	0	27	-1	-2	3
288	27	0	0	1000	0	27	-1	-2	3
289	27	0	0	1000	0	27	-1	-2	3
290	27	0	0	1000	0	27	-1	-2	3
291	27	0	0	1000	0	27	-1	-2	3
292	27	0	0	1000	0	27	-1	-2	3
293	27	0	0	1000	0	27	-1	-2	3
294	27	0	0	1000	0	27	-1	-2	3
295	27	0	0	1000	0	27	-1	-2	3
296	27	0	0	1000	0	27	-1	-2	3
297	27	0	0	1000	0	27	-1	-2	3
298	27	0	0	1000	0	27	-1	-2	3
299	27	0	0	1000	0	27	-1	-2	3
300	27	0	0	1000	0	27	-1	-2	3
301	27	0	0	1000	0	27	-1	-2	3
302	27	0	0	1000	0	27	-1	-2	3
303	27	0	0	1000	0	27	-1	-2	3
304	27	0	0	1000	0	27	-1	-2	3
305	27	0	0	1000	0	27	-1	-2	3
306	27	0	0	1000	0	27	-1	-2	3
307	27	0	0	1000	0	27	-1	-2	3
308	27	0	0	1000	0	27	-1	-2	3
309	27	0	0	1000	0	27	-1	-2	3
310	27	0	0	1000	0	27	-1	-2	3
311	27	0	0	1000	0	27	-1	-2	3
312	27	0	0	1000	0	27	-1	-2	3
313	27	0	0	1000	0	27	-1	-2	3
314	27	0	0	1000	0	27	-1	-2	3
315	27	0	0	1000	0	27	-1	-2	3
316	27	0	0	1000	0	27	-1	-2	3
317	27	0	0	1000	0	27	-1	-2	3
318	27	0	0	1000	0	27	-1	-2	3
319	27	0	0	1000	0	27	-1	-2	3
320	27	0	0	1000	0	27	-1	-2	3
321	27	0	0	1000	0	27	-1	-2	3
322	27	0	0	1000	0	27	-1	-2	3
323	27	0	0	1000	0	27	-1	-2	3
324	27	0	0	1000	0	27	-1	-2	3
325	27	0	0	1000	0	27	-1	-2	3
326	27	0	0	1000	0	27	-1	-2	3
327	27	0	0	1000	0	27	-1	-2	3
328	27	0	0	1000	0	27	-1	-2	3
329	27	0	0	1000	0	27	-1	-2	3
330	27	0	0	1000	0	27	-1	-2	3
331	27	0	0	1000	0	27	-1	-2	3
332	27	0	0	1000	0	27	-1	-2	3
333	27	0	0	1000	0	27	-1	-2	3
334	27	0	0	1000	0	27	-1	-2	3
335	27	0	0	1000	0	27	-1	-2	3
336	27	0	0	1000	0	27	-1	-2	3
337	27	0	0	1000	0	27	-1	-2	3
338	27	0	0	1000	0	27	-1	-2	3
339	27	0	0	1000	0	27	-1	-2	3
340	27	0	0	1000	0	27	-1	-2	3
341	27	0	0	1000	0	27	-1	-2	3
342	27	0	0	1000	0	27	-1	-2	3
343	27	0	0	1000	0	27	-1	-2	3
344	27	0	0	1000	0	27	-1	-2	3
345	27	0	0	1000	0	27	-1	-2	3
346	27	0	0	1000	0	27	-1	-2	3
347	27	0	0	1000	0	27	-1	-2	3
348	27	0	0	1000	0	27	-1	-2	3
349	27	0	0	1000	0	27	-1	-2	3
350	27	0	0	1000	0	27	-1	-2	3
351	27	0	0	1000	0	27	-1	-2	3
352	27	0	0	1000	0	27	-1	-2	3
353	27	0	0	1000	0	27	-1	-2	3
354	27	0	0	1000	0	27	-1	-2	3
355	27	0	0	1000	0	27	-1	-2	3
356	27	0	0	1000	0	27	-1	-2	3
357	27	0	0	1000	0	27	-1	-2	3
358	27	0	0	1000	0	27	-1	-2	3
359	27	0	0	1000	0	27	-1	-2	3
360	27	0	0	1000	0	27	-1	-2	3
361	27	0	0	1000	0	27	-1	-2	3
362	27	0	0	1000	0	27	-1	-2	3
363	27	0	0	1000	0	27	-1	-2	3
364	27	0	0	1000	0	27	-1	-2	3
365	27	0	0	1000	0	27	-1	-2	3
366	27	0	0	1000	0	27	-1	-2	3
367	27	0	0	1000	0	27	-1	-2	3
368	27	0	0	1000	0	27	-1	-2	3
369	27	0	0	1000	0	27	-1	-2	3
370	27	0	0	1000	0	27	-1	-2	3
371	27	0	0	1000	0	27	-1	-2	3
372	27	0	0	1000	0	27	-1	-2	3
373	27	0	0	1000	0	27	-1	-2	3
374	27	0	0	1000	0	27	-1	-2	3
375	27	0	0	1000	0	27	-1	-2	3
376	27	0	0	1000	0	27	-1	-2	3
377	27	0	0	1000	0	27	-1	-2	3
378	27	0	0	1000	0	27	-1	-2	3
379	27	0	0	1000	0	27	-1	-2	3
380	27	0	0	1000	0	27	-1	-2	3
381	27	0	0	1000	0	27	-1	-2	3
382	27	0	0	1000	0	27	-1	-2	3
383	27	0	0	1000	0	27	-1	-2	3
384	27	0	0	1000	0	27	-1	-2	3
385	27	0	0	1000	0	27	-1	-2	3
386	27	0	0	1000	0	27	-1	-2	3
387	27	0	0	1000	0	27	-1	-2	3
388	27	0	0	1000	0	27	-1	-2	3
389	27	0	0	1000	0	27	-1	-2	3
390	27	0	0	1000	0	27	-1	-2	3
391	27	0	0	1000	0	27	-1	-2	3
392	27	0	0	1000	0	27	-1	-2	3
393	27	0	0	1000	0	27	-1	-2	3
394	27	0	0	1000	0	27	-1	-2	3
395	27	0	0	1000	0	27	-1	-2	3
396	27	0	0	1000	0	27	-1	-2	3
397	27	0	0	1000	0	27	-1	-2	3
398	27	0	0	1000	0	27	-1	-2	3
399	27	0	0	1000	0	27	-1	-2	3
400	27	0	0	1000	0	27	-1	-2	3
401	27	0	0	1000	0	27	-1	-2	3
402	27	0	0	1000	0	27	-1	-2	3
403	27	0	0	1000	0	27	-1	-2	3
404	27	0	0	1000	0	27	-1	-2	3
405	27	0	0	1000	0	27	-1	-2	3
406	27	0	0	1000	0	27	-1	-2	3
407	27	0	0	1000	0	27	-1	-2	3
408	27	0	0	1000	0	27	-1	-2	3
409	27	0	0	1000	0	27	-1	-2	3
410	27	0	0	1000	0	27	-1	-2	3
411	27	0	0	1000	0	27	-1	-2	3
412	27	0	0	1000	0	27	-1	-2	3
413	27	0	0	1000	0	27	-1	-2	3
414	27	0	0	1000	0	27	-1	-2	3
415	27	0	0	1000	0	27	-1	-2	3
416	27	0	0	1000	0	27	-1	-2	3
417	27	0	0	1000	0	27	-1	-2	3
418	27	0	0	1000	0	27	-1	-2	3
419	27	0	0	1000	0	27	-1	-2	3
420	27	0	0	1000	0	27	-1	-2	3
421	27	0	0	1000	0	27	-1	-2	3
422	27	0	0	1000	0	27	-1	-2	3
423	27	0	0	1000	0	27	-1	-2	3
424	27	0	0	1000	0	27	-1	-2	3
425	27	0	0	1000	0	27	-1	-2	3
426	27	0	0	1000	0	27	-1	-2	3
427	27	0	0	1000	0	27	-1	-2	3
428	27	0	0	1000	0	27	-1	-2	3
429	27	0	0	1000	0	27	-1	-2	3
430	27	0	0	1000	0	27	-1	-2	3
431	27	0	0	1000	0	27	-1	-2	3
432	27	0	0	1000	0	27	-1	-2	3
433	27	0	0	1000	0	27	-1	-2	3
434	27	0	0	1000	0	27	-1	-2	3
435	27	0	0	1000	0	27	-1	-2	3
436	27	0	0	1000	0	27	-1	-2	3
437	27	0	0	1000	0	27	-1	-2	3
438	27	0	0	1000	0	27	-1	-2	3
439	27	0	0	1000	0	27	-1	-2	3
440	27	0	0	1000	0	27	-1	-2	3
441	27	0	0	1000	0	27	-1	-2	3
442	27	0	0	1000	0	27	-1	-2	3
443	27	0	0	1000	0	27	-1	-2	3
444	27	0	0	1000	0	27	-1	-2	3
445	27	0	0	1000	0	27	-1	-2	3
446	27	0	0	1000	0	27	-1	-2	3
447	27	0	0	1000	0	27	-1	-2	3
448	27	0	0	1000	0	27	-1	-2	3
449	27	0	0	1000	0	27	-1	-2	3
450	27	0	0	1000	0	27	-1	-2	3
451	27	0	0	1000	0	27	-1	-2	3
452	27	0	0	1000	0	27	-1	-2	3
453	27	0	0	1000	0	27	-1	-2	3
454	27	0	0	1000	0	27	-1	-2	3
455	27	0	0	1000	0	27	-1	-2	3
456	27	0	0	1000	0	27	-1	-2	3
457	27	0	0	1000	0	27	-1	-2	3
458	27	0	0	1000	0	27	-1	-2	3
459	27	0	0	1000	0	27	-1	-2	3
460	27	0	0	1000	0	27	-1	-2	3
461	27	0	0	1000	0	27	-1	-2	3
462	27	0	0	1000	0	27	-1	-2	3
463	27	0	0	1000	0	27	-1	-2	3
464	27	0	0	1000	0	27	-1	-2	3
465	27	0	0	1000	0	27	-1	-2	3
466	27	0	0	1000	0	27	-1	-2	3
467	27	0	0	1000	0	27	-1	-2	3
468	27	0	0	1000	0	27	-1	-2	3
469	27	0	0	1000	0	27	-1	-2	3
470	27	0	0	1000	0	27	-1	-2	3
471	27	0	0	1000	0	27	-1	-2	3
472	27	0	0	1000	0	27	-1	-2	3
473	27	0	0	1000	0	27	-1	-2	3
474	27	0	0	1000	0	27	-1	-2	3
475	27	0	0	1000	0	27	-1	-2	3
476	27	0	0	1000	0	27	-1	-2	3
477	27	0	0	1000	0	27	-1	-2	3
478	27	0	0	1000	0	27	-1	-2	3
479	27	0	0	1000	0	27	-1	-2	3
480	27	0	0	1000	0	27	-1	-2	3
481	27	0	0	1000	0	27	-1	-2	3
482	27	0	0	1000	0	27	-1	-2	3
483	27	0	0	1000	0	27	-1	-2	3
484	27	0	0	1000	0	27	-1	-2	3
485	27	0	0	1000	0	27	-1	-2	3
486	27	0	0	1000	0	27	-1	-2	3
487	27	0	0	1000	0	27	-1	-2	3
488	27	0	0	1000	0	27	-1	-2	3
489	27	0	0	1000	0	27	-1	-2	3
490	27	0	0	1000	0	27	-1	-2	3
491	27	0	0	1000	0	27	-1	-2	3
492	27	0	0	1000	0	27	-1	-2	3
493	27	0	0	1000	0	27	-1	-2	3
494	27	0	0	1000	0	27	-1	-2	3
495	27	0	0	1000	0	27	-1	-2	3
496	27	0	0	1000	0	27	-1	-2	3
497	27	0	0	1000	0	27	-1	-2	3
498	27	0	0	1000	0	27	-1	-2	3
499	27	0	0	1000	0	27	-1	-2	3
500	27	0	0	1000	0	27	-1	-2	3
501	27	0	0	1000	0	27	-1	-2	3
502	27	0	0	1000	0	27	-1	-2	3
503	27	0	0	1000	0	27	-1	-2	3
504	27	0	0	1000	0	27	-1	-2	3
505	27	0	0	1000	0	27	-1	-2	3
506	27	0	0	1000	0	27	-1	-2	3
507	27	0	0	1000	0	27	-1	-2	3
508	27	0	0	1000	0	27	-1	-2	3
509	27	0	0	1000	0	27	-1	-2	3
510	27	0	0	1000	0	27	-1	-2	3
511	27	0	0	1000	0	27	-1	-2	3
512	27	0	0	1000	0	27	-1	-2	3
513	27	0	0	1000	0	27	-1	-2	3
514	27	0	0	1000	0	27	-1	-2	3
515	27	0	0	1000	0	27	-1	-2	3
516	27	0	0	1000	0	27	-1	-2	3
517	27	0	0	1000	0	27	-1	-2	3
518	27	0	0	1000	0	27	-1	-2	3
519	27	0	0	1000	0	27	-1	-2	3
520	27	0	0	1000	0	27	-1	-2	3
521	27	0	0	1000	0	27	-1	-2	3
522	27	0	0	1000	0	27	-1	-2	3
523	27	0	0	1000	0	27	-1	-2	3
524	27	0	0	1000	0	27	-1	-2	3
525	27	0	0	1000	0	27	-1	-2	3
526	27	0	0	1000	0	27	-1	-2	3
527	27	0	0	1000	0	27	-1	-2	3
528	27	0	0	1000	0	27	-1	-2	3
529	27	0	0	1000	0	27	-1	-2	3
530	27	0	0	1000	0	27	-1	-2	3
531	27	0	0	1000	0	27	-1	-2	3
532	27	0	0	1000	0	27	-1	-2	3
533	27	0	0	1000	0	27	-1	-2	3
534	27	0	0	1000	0	27	-1	-2	3
535	27	0	0	1000	0	27	-1	-2	3
536	27	0	0	1000	0	27	-1	-2	3
537	27	0	0	1000	0	27	-1	-2	3
538	27	0	0	1000	0	27	-1	-2	3
539	27	0	0	1000	0	27	-1	-2	3
540	27	0	0	1000	0	27	-1	-2	3
541	27	0	0	1000	0	27	-1	-2	3
542	27	0	0	1000	0	27	-1	-2	3
543	27	0	0	1000	0	27	-1	-2	3
544	27	0	0	1000	0	27	-1	-2	3
545	27	0	0	1000	0	27	-1	-2	3
546	27	0	0	1000	0	27	-1	-2	3
547	27	0	0	1000	0	27	-1	-2	3
548	27	0	0	1000	0	27	-1	-2	3
549	27	0	0	1000	0	27	-1	-2	3
550	27	0	0	1000	0	27	-1	-2	3
551	27	0	0	1000	0	27	-1	-2	3
552	27	0	0	1000	0	27	-1	-2	3
553	27	0	0	1000	0	27	-1	-2	3
554	27	0	0	1000	0	27	-1	-2	3
555	27	0	0	1000	0	27	-1	-2	3
556	27	0	0	1000	0	27	-1	-2	3
557	27	0	0	1000	0	27	-1	-2	3
558	27	0	0	1000	0	27	-1	-2	3
559	27	0	0	1000	0	27	-1	-2	3
560	27	0	0	1000	0	27	-1	-2	3
561	27	0	0	1000	0	27	-1	-2	3
562	27	0	0	1000	0	27	-1	-2	3
563	27	0	0	1000	0	27	-1	-2	3
564	27	0	0	1000	0	27	-1	-2	3
565	27	0	0	1000	0	27	-1	-2	3
566	27	0	0	1000	0	27	-1	-2	3
567	27	0	0	1000	0	27	-1	-2	3
568	27	0	0	1000	0	27	-1	-2	3
569	27	0	0	1000	0	27	-1	-2	3
570	27	0	0	1000	0	27	-1	-2	3
571	27	0	0	1000	0	27	-1	-2	3
572	27	0	0	1000	0	27	-1	-2	3
573	27	0	0	1000	0	27	-1	-2	3
574	27	0	0	1000	0	27	-1	-2	3
575	27	0	0	1000	0	27	-1	-2	3
576	27	0	0	1000	0	27	-1	-2	3
577	27	0	0	1000	0	27	-1	-2	3
578	27	0	0	1000	0	27	-1	-2	3
579	27	0	0	1000	0	27	-1	-2	3
580	27	0	0	1000	0	27	-1	-2	3
581	27	0	0	1000	0	27	-1	-2	3
582	27	0	0	1000	0	27	-1	-2	3
583	27	0	0	1000	0	27	-1	-2	3
584	27	0	0	1000	0	27	-1	-2	3
585	27	0	0	1000	0	27	-1	-2	3
586	27	0	0	1000	0	27	-1	-2	3
587	27	0	0	1000	0	27	-1	-2	3
588	27	0	0	1000	0	27	-1	-2	3
589	27	0	0	1000	0	27	-1	-2	3
590	27	0	0	1000	0	27	-1	-2	3
591	27	0	0	1000	0	27	-1	-2	3
592	27	0	0	1000	0	27	-1	-2	3
593	27	0	0	1000	0	27	-1	-2	3
594	27	0	0	1000	0	27	-1	-2	3
595	27	0	0	1000	0	27	-1	-2	3
596	27	0	0	1000	0	27	-1	-2	3
597	27	0	0	1000	0	27	-1	-2	3
598	27	0	0	1000	0	27	-1	-2	3
599	27	0	0	1000	0	27	-1	-2	3
600	27	0	0	1000	0	27	-1	-2	3
601	27	0	0	1000	0	27	-1	-2	3
602	27	0	0	1000	0	27	-1	-2	3
603	27	0	0	1000	0	27	-1	-2	3
604	27	0	0	1000	0	27	-1	-2	3
605	27	0	0	1000	0	27	-1	-2	3
606	27	0	0	1000	0	27	-1	-2	3
607	27	0	0	1000	0	27	-1	-2	3
608	27	0	0	1000	0	27	-1	-2	3
609	27	0	0	1000	0	27	-1	-2	3
610	27	0	0	1000	0	27	-1	-2	3
611	27	0	0	1000	0	27	-1	-2	3
612	27	0	0	1000	0	27	-1	-2	3
613	27	0	0	1000	0	27	-1	-2	3
614	27	0	0	1000	0	27	-1	-2	3
615	27	0	0	1000	0	27	-1	-2	3
616	27	0	0	1000	0	27	-1	-2	3
617	27	0	0	1000	0	27	-1	-2	3
618	27	0	0	1000	0	27	-1	-2	3
619	27	0	0	1000	0	27	-1	-2	3
620	27	0	0	1000	0	27	-1	-2	3
621	27	0	0	1000	0	27	-1	-2	3
622	27	0	0	1000	0	27	-1	-2	3
623	27	0	0	1000	0	27	-1	-2	3
624	27	0	0	1000	0	27	-1	-2	3
625	27	0	0	1000	0	27	-1	-2	3
626	27	0	0	1000	0	27	-1	-2	3
627	27	0	0	1000	0	27	-1	-2	3
628	27	0	0	1000	0	27	-1	-2	3
629	27	0	0	1000	0	27	-1	-2	3
630	27	0	0	1000	0	27	-1	-2	3
631	27	0	0	1000	0	27	-1	-2	3
632	27	0	0	1000	0	27	-1	-2	3
633	27	0	0	1000	0	27	-1	-2	3
634	27	0	0	1000	0	27	-1	-2	3
635	27	0	0	1000	0	27	-1	-2	3
636	27	0	0	1000	0	27	-1	-2	3
637	27	0	0	1000	0	27	-1	-2	3
638	27	0	0	1000	0	27	-1	-2	3
639	27	0	0	1000	0	27	-1	-2	3
640	27	0	0	1000	0	27	-1	-2	3
641	27	0	0	1000	0	27	-1	-2	3
642	27	0	0	1000	0	27	-1	-2	3
643	27	0	0	1000	0	27	-1	-2	3
644	27	0	0	1000	0	27	-1	-2	3
645	27	0	0	1000	0	27	-1	-2	3
646	27	0	0	1000	0	27	-1	-2	3
647	27	0	0	1000	0	27	-1	-2	3
648	27	0	0	1000	0	27	-1	-2	3
649	27	0	0	1000	0	27	-1	-2	3
650	27	0	0	1000	0	27	-1	-2	3
651	27	0	0	1000	0	27	-1	-2	3
652	27	0	0	1000	0	27	-1	-2	3
653	27	0	0	1000	0	27	-1	-2	3
654	27	0	0	1000	0	27	-1	-2	3
655	27	0	0	1000	0	27	-1	-2	3
656	27	0	0	1000	0	27	-1	-2	3
657	27	0	0	1000	0	27	-1	-2	3
658	27	0	0	1000	0	27	-1	-2	3
659	27	0	0	1000	0	27	-1	-2	3
660	27	0	0	1000	0	27	-1	-2	3
661	27	0	0	1000	0	27	-1	-2	3
662	27	0	0	1000	0	27	-1	-2	3
663	27	0	0	1000	0	27	-1	-2	3
664	27	0	0	1000	0	27	-1	-2	3
665	27	0	0	1000	0	27	-1	-2	3
666	27	0	0	1000	0	27	-1	-2	3
667	27	0	0	1000	0	27	-1	-2	3
668	27	0	0	1000	0	27	-1	-2	3
669	27	0	0	1000	0	27	-1	-2	3
670	27	0	0	1000	0	27	-1	-2	3
671	27	0	0	1000	0	27	-1	-2	3
672	27	0	0	1000	0	27	-1	-2	3
673	27	0	0	1000	0	27	-1	-2	3
674	27	0	0	1000	0	27	-1	-2	3
675	27	0	0	1000	0	27	-1	-2	3
676	27	0	0	1000	0	27	-1	-2	3
677	27	0	0	1000	0	27	-1	-2	3
678	27	0	0	1000	0	27	-1	-2	3
679	27	0	0	1000	0	27	-1	-2	3
680	27	0	0	1000	0	27	-1	-2	3
681	27	0	0	1000	0	27	-1	-2	3
682	27	0	0	1000	0	27	-1	-2	3
683	27	0	0	1000	0	27	-1	-2	3
684	27	0	0	1000	0	27	-1	-2	3
685	27	0	0	1000	0	27	-1	-2	3
686	27	0	0	1000	0	27	-1	-2	3
687	27	0	0	1000	0	27	-1	-2	3
688	27	0	0	1000	0	27	-1	-2	3
689	27	0	0	1000	0	27	-1	-2	3
690	27	0	0	1000	0	27	-1	-2	3
691	27	0	0	1000	0	27	-1	-2	3
692	27	0	0	1000	0	27	-1	-2	3
693	27	0	0	1000	0	27	-1	-2	3
694	27	0	0	1000	0	27	-1	-2	3
695	27	0	0	1000	0	27	-1	-2	3
696	27	0	0	1000	0	27	-1	-2	3
697	27	0	0	1000	0	27	-1	-2	3
698	27	0	0	1000	0	27	-1	-2	3
699	27	0	0	1000	0	27	-1	-2	3
700	27	0	0	1000	0	27	-1	-2	3
701	27	0	0	1000	0	27	-1	-2	3
702	27	0	0	1000	0	27	-1	-2	3
703	27	0	0	1000	0	27	-1	-2	3
704	27	0	0	1000	0	27	-1	-2	3
705	27	0	0	1000	0	27	-1	-2	3
706	27	0	0	1000	0	27	-1	-2	3
707	27	0	0	1000	0	27	-1	-2	3
708	27	0	0	1000	0	27	-1	-2	3
709	27	0	0	1000	0	27	-1	-2	3
710	27	0	0	1000	0	27	-1	-2	3
711	27	0	0	1000	0	27	-1	-2	3
712	27	0	0	1000	0	27	-1	-2	3
713	27	0	0	1000	0	27	-1	-2	3
714	27	0	0	1000	0	27	-1	-2	3
715	27	0	0	1000	0	27	-1	-2	3
716	27	0	0	1000	0	27	-1	-2	3
717	27	0	0	1000	0	27	-1	-2	3
718	27	0	0	1000	0	27	-1	-2	3
719	27	0	0	1000	0	27	-1	-2	3
720	27	0	0	1000	0	27	-1	-2	3
721	27	0	0	1000	0	27	-1	-2	3
722	27	0	0	1000	0	27	-1	-2	3
723	27	0	0	1000	0	27	-1	-2	3
724	27	0	0	1000	0	27	-1	-2	3
725	27	0	0	1000	0	27	-1	-2	3
726	27	0	0	1000	0	27	-1	-2	3
727	27	0	0	1000	0	27	-1	-2	3
728	27	0	0	1000	0	27	-1	-2	3
729	27	0	0	1000	0	27	-1	-2	3
730	27	0	0	1000	0	27	-1	-2	3
731	27	0	0	1000	0	27	-1	-2	3
732	27	0	0	1000	0	27	-1	-2	3
733	27	0	0	1000	0	27	-1	-2	3
734	27	0	0	1000	0	27	-1	-2	3
735	27	0	0	1000	0	27	-1	-2	3
736	27	0	0	1000	0	27	-1	-2	3
737	27	0	0	1000	0	27	-1	-2	3
738	27	0	0	1000	0	27	-1	-2	3
739	27	0	0	1000	0	27	-1	-2	3
740	27	0	0	1000	0	27	-1	-2	3
741	27	0	0	1000	0	27	-1	-2	3
742	27	0	0	1000	0	27	-1	-2	3
743	27	0	0	1000	0	27	-1	-2	3
744	27	0	0	1000	0	27	-1	-2	3
745	27	0	0	1000	0	27	-1	-2	3
746	27	0	0	1000	0	27	-1	-2	3
747	27	0	0	1000	0	27	-1	-2	3
748	27	0	0	1000	0	27	-1	-2	3
749	27	0	0	1000	0	27	-1	-2	3
750	27	0	0	1000	0	27	-1	-2	3
751	27	0	0	1000	0	27	-1	-2	3
752	27	0	0	1000	0	27	-1	-2	3
753	27	0	0	1000	0	27	-1	-2	3
754	27	0	0	1000	0	27	-1	-2	3
755	27	0	0	1000	0	27	-1	-2	3
756	27	0	0	1000	0	27	-1	-2	3
757	27	0	0	1000	0	27	-1	-2	3
758	27	0	0	1000	0	27	-1	-2	3
759	27	0	0	1000	0	27	-1	-2	3
760	27	0	0	1000	0	27	-1	-2	3
761	27	0	0	1000	0	27	-1	-2	3
762	27	0	0	1000	0	27	-1	-2	3
763	27	0	0	1000	0	27	-1	-2	3
764	27	0	0	1000	0	27	-1	-2	3
765	27	0	0	1000	0	27	-1	-2	3
766	27	0	0	1000	0	27	-1	-2	3
767	27	0	0	1000	0	27	-1	-2	3
768	27	0	0	1000	0	27	-1	-2	3
769	27	0	0	1000	0	27	-1	-2	3
770	27	0	0	1000	0	27	-1	-2	3
771	27	0	0	1000	0	27	-1	-2	3
772	27	0	0	1000	0	27	-1	-2	3
773	27	0	0	1000	0	27	-1	-2	3
774	27	0	0	1000	0	27	-1	-2	3
775	27	0	0	1000	0	27	-1	-2	3
776	27	0	0	1000	0	27	-1	-2	3
777	27	0	0	1000	0	27	-1	-2	3
778	27	0	0	1000	0	27	-1	-2	3
779	27	0	0	1000	0	27	-1	-2	3
780	27	0	0	1000	0	27	-1	-2	3
781	27	0	0	1000	0	27	-1	-2	3
782	27	0	0	1000	0	27	-1	-2	3
783	27	0	0	1000	0	27	-1	-2	3
784	27	0	0	1000	0	27	-1	-2	3
785	27	0	0	1000	0	27	-1	-2	3
786	27	0	0	1000	0	27	-1	-2	3
787	27	0	0	1000	0	27	-1	-2	3
788	27	0	0	1000	0	27	-1	-2	3
789	27	0	0	1000	0	27	-1	-2	3
790	27	0	0	1000	0	27	-1	-2	3
791	27	0	0	1000	0	27	-1	-2	3
792	27	0	0	1000	0	27	-1	-2	3
793	27	0	0	1000	0	27	-1	-2	3
794	27	0	0	1000	0	27	-1	-2	3
795	27	0	0	1000	0	27	-1	-2	3
796	27	0	0	1000	0	27	-1	-2	3
797	27	0	0	1000	0	27	-1	-2	3
798	27	0	0	1000	0	27	-1	-2	3
799	27	0	0	1000	0	27	-1	-2	3
800	27	0	0	1000	0	27	-1	-2	3
801	27	0	0	1000	0	27	-1	-2	3
802	27	0	0	1000	0	27	-1	-2	3
803	27	0	0	1000	0	27	-1	-2	3
804	27	0	0	1000	0	27	-1	-2	3
805	27	0	0	1000	0	27	-1	-2	3
806	27	0	0	1000	0	27	-1	-2	3
807	27	0	0	1000	0	27	-1	-2	3
808	27	0	0	1000	0	27	-1	-2	3
809	27	0	0	1000	0	27	-1	-2	3
810	27	0	0	1000	0	27	-1	-2	3
811	27	0	0	1000	0	27	-1	-2	3
812	27	0	0	1000	0	27	-1	-2	3
813	27	0	0	1000	0	27	-1	-2	3
814	27	0	0	1000	0	27	-1	-2	3
815	27	0	0	1000	0	27	-1	-2	3
816	27	0	0	1000	0	27	-1	-2	3
817	27	0	0	1000	0	27	-1	-2	3
818	27	0	0	1000	0	27	-1	-2	3
819	27	0	0	1000	0	27	-1	-2	3
820	27	0	0	1000	0	27	-1	-2	3
821	27	0	0	1000	0	27	-1	-2	3
822	27	0	0	1000	0	27	-1	-2	3
823	27	0	0	1000	0	27	-1	-2	3
824	27	0	0	1000	0	27	-1	-2	3
825	27	0	0	1000	0	27	-1	-2	3
826	27	0	0	1000	0	27	-1	-2	3
827	27	0	0	1000	0	27	-1	-2	3
828	27	0	0	1000	0	27	-1	-2	3
829	27	0	0	1000	0	27	-1	-2	3
830	27	0	0	1000	0	27	-1	-2	3
831	27	0	0	1000	0	27	-1	-2	3
832	27	0	0	1000	0	27	-1	-2	3
833	27	0	0	1000	0	27	-1	-2	3
834	27	0	0	1000	0	27	-1	-2	3
835	27	0	0	1000	0	27	-1	-2	3
836	27	0	0	1000	0	27	-1	-2	3
837	27	0	0	1000	0	27	-1	-2	3
838	27	0	0	1000	0	27	-1	-2	3
839	27	0	0	1000	0	27	-1	-2	3
840	27	0	0	1000	0	27	-1	-2	3
841	27	0	0	1000	0	27	-1	-2	3
842	27	0	0	1000	0	27	-1	-2	3
843	27	0	0	1000	0	27	-1	-2	3
844	27	0	0	1000	0	27	-1	-2	3
845	27	0	0	1000	0	27	-1	-2	3
846	27	0	0	1000	0	27	-1	-2	3
847	27	0	0	1000	0	27	-1	-2	3
848	27	0	0	1000	0	27	-1	-2	3
849	27	0	0	1000	0	27	-1	-2	3
850	27	0	0	1000	0	27	-1	-2	3
851	27	0	0	1000	0	27	-1	-2	3
852	27	0	0	1000	0	27	-1	-2	3
853	27	0	0	1000	0	27	-1	-2	3
854	27	0	0	1000	0	27	-1	-2	3
855	27	0	0	1000	0	27	-1	-2	3
856	27	0	0	1000	0	27	-1	-2	3
857	27	0	0	1000	0	27	-1	-2	3
858	27	0	0	1000	0	27	-1	-2	3
859	27	0	0	1000	0	27	-1	-2	3
860	27	0	0	1000	0	27	-1	-2	3
861	27	0	0	1000	0	27	-1	-2	3
862	27	0	0	1000	0	27	-1	-2	3
863	27	0	0	1000	0	27	-1	-2	3
864	27	0	0	1000	0	27	-1	-2	3
865	27	0	0	1000	0	27	-1	-2	3
866	27	0	0	1000	0	27	-1	-2	3
867	27	0	0	1000	0	27	-1	-2	3
868	27	0	0	1000	0	27	-1	-2	3
869	27	0	0	1000	0	27	-1	-2	3
870	27	0	0	1000	0	27	-1	-2	3
871	27	0	0	1000	0	27	-1	-2	3
872	27	0	0	1000	0	27	-1	-2	3
873	27	0	0	1000	0	27	-1	-2	3
874	27	0	0	1000	0	27	-1	-2	3
875	27	0	0	1000	0	27	-1	-2	3
876	27	0	0	1000	0	27	-1	-2	3
877	27	0	0	1000	0	27	-1	-2	3
878	27	0	0	1000	0	27	-1	-2	3
879	27	0	0	1000	0	27	-1	-2	3
880	27	0	0	1000	0	27	-1	-2	3
881	27	0	0	1000	0	27	-1	-2	3
882	27	0	0	1000	0	27	-1	-2	3
883	27	0	0	1000	0	27	-1	-2	3
884	27	0	0	1000	0	27	-1	-2	3
885	27	0	0	1000	0	27	-1	-2	3
886	27	0	0	1000	0	27	-1	-2	3
887	27	0	0	1000	0	27	-1	-2	3
888	27	0	0	1000	0	27	-1	-2	3
889	27	0	0	1000	0	27	-1	-2	3
890	27	0	0	1000	0	27	-1	-2	3
891	27	0	0	1000	0	27	-1	-2	3
892	27	0	0	1000	0	27	-1	-2	3
893	27	0	0	1000	0	27	-1	-2	3
894	27	0	0	1000	0	27	-1	-2	3
895	27	0	0	1000	0	27	-1	-2	3
896	27	0	0	1000	0	27	-1	-2	3
897	27	0	0	1000	0	27	-1	-2	3
898	27	0	0	1000	0	27	-1	-2	3
899	27	0	0	1000	0	27	-1	-2	3
900	27	0	0	1000	0	27	-1	-2	3
901	27	0	0	1000	0	27	-1	-2	3
902	27	0	0	1000	0	27	-1	-2	3
903	27	0	0	1000	0	27	-1	-2	3
904	27	0	0	1000	0	27	-1	-2	3
905	27	0	0	1000	0	27	-1	-2	3
906	27	0	0	1000	0	27	-1	-2	3
907	27	0	0	1000	0	27	-1	-2	3
908	27	0	0	1000	0	27	-1	-2	3
909	27	0	0	1000	0	27	-1	-2	3
910	27	0	0	1000	0	27	-1	-2	3
911	27	0	0	1000	0	27	-1	-2	3
912	27	0	0	1000	0	27	-1	-2	3
913	27	0	0	1000	0	27	-1	-2	3
914	27	0	0	1000	0	27	-1	-2	3
915	27	0	0	1000	0	27	-1	-2	3
916	27	0	0	1000	0	27	-1	-2	3
917	27	0	0	1000	0	27	-1	-2	3
918	27	0	0	1000	0	27	-1	-2	3
919	27	0	0	1000	0	27	-1	-2	3
920	27	0	0	1000	0	27	-1	-2	3
921	27	0	0	1000	0	27	-1	-2	3
922	27	0	0	1000	0	27	-1	-2	3
923	27	0	0	1000	0	27	-1	-2	3
924	27	0	0	1000	0	27	-1	-2	3
925	27	0	0	1000	0	27	-1	-2	3
926	27	0	0	1000	0	27	-1	-2	3
927	27	0	0	1000	0	27	-1	-2	3
928	27	0	0	1000	0	27	-1	-2	3
929	27	0	0	1000	0	27	-1	-2	3
930	27	0	0	1000	0	27	-1	-2	3
931	27	0	0	1000	0	27	-1	-2	3
932	27	0	0	1000	0	27	-1	-2	3
933	27	0	0	1000	0	27	-1	-2	3
934	27	0	0	1000	0	27	-1	-2	3
935	27	0	0	1000	0	27	-1	-2	3
936	27	0	0	1000	0	27	-1	-2	3
937	27	0	0	1000	0	27	-1	-2	3
938	27	0	0	1000	0	27	-1	-2	3
939	27	0	0	1000	0	27	-1	-2	3
940	27	0	0	1000	0	27	-1	-2	3
941	27	0	0	1000	0	27	-1	-2	3
942	27	0	0	1000	0	27	-1	-2	3
943	27	0	0	1000	0	27	-1	-2	3
944	27	0	0	1000	0	27	-1	-2	3
945	27	0	0	1000	0	27	-1	-2	3
946	27	0	0	1000	0	27	-1	-2	3
947	27	0	0	1000	0	27	-1	-2	3
948	27	0	0	1000	0	27	-1	-2	3
949	27	0	0	1000	0	27	-1	-2	3
950	27	0	0	1000	0	27	-1	-2	3
951	27	0	0	1000	0	27	-1	-2	3
952	27	0	0	1000	0	27	-1	-2	3
953	27	0	0	1000	0	27	-1	-2	3
954	27	0	0	1000	0	27	-1	-2	3
955	27	0	0	1000	0	27	-1	-2	3
956	27	0	0	1000	0	27	-1	-2	3
957	27	0	0	1000	0	27	-1	-2	3
958	27	0	0	1000	0	27	-1	-2	3
959	27	0	0	1000	0	27	-1	-2	3
960	27	0	0	1000	0	27	-1	-2	3
961	27	0	0	1000	0	27	-1	-2	3
962	27	0	0	1000	0	27	-1	-2	3
963	27	0	0	1000	0	27	-1	-2	3
964	27	0	0	1000	0	27	-1	-2	3
965	27	0	0	1000	0	27	-1	-2	3
966	27	0	0	1000	0	27	-1	-2	3
967	27	0	0	1000	0	27	-1	-2	3
968	27	0	0	1000	0	27	-1	-2	3
969	27	0	0	1000	0	27	-1	-2	3
970	27	0	0	1000	0	27	-1	-2	3
971	27	0	0	1000	0	27	-1	-2	3
972	27	0	0	1000	0	27	-1	-2	3
973	27	0	0	1000	0	27	-1	-2	3
974	27	0	0	1000	0	27	-1	-2	3
975	27	0	0	1000	0	27	-1	-2	3
976	27	0	0	1000	0	27	-1	-2	3
977	27	0	0	1000	0	27	-1	-2	3
978	27	0	0	1000	0	27	-1	-2	3
979	27	0	0	1000	0	27	-1	-2	3
980	27	0	0	1000	0	27	-1	-2	3
981	27	0	0	1000	0	27	-1	-2	3
982	27	0	0	1000	0	27	-1	-2	3
983	27	0	0	1000	0	27	-1	-2	3
984	27	0	0	1000	0	27	-1	-2	3
985	27	0	0	1000	0	27	-1	-2	3
986	27	0	0	1000	0	27	-1	-2	3
987	27	0	0	1000	0	27	-1	-2	3
988	27	0	0	1000	0	27	-1	-2	3
989	27	0	0	1000	0	27	-1	-2	3
990	27	0	0	1000	0	27	-1	-2	3
991	27	0	0	1000	0	27	-1	-2	3
992	27	0	0	1000	0	27	-1	-2	3
993	27	0	0	1000	0	27	-1	-2	3
994	27	0	0	1000	0	27	-1	-2	3
995	27	0	0	1000	0	27	-1	-2	3
996	27	0	0	1000	0	27	-1	-2	3
997	27	0	0	1000	0	27	-1	-2	3
998	27	0	0	1000	0	27	-1	-2	3
999	27	0	0	1000	0	27	-1	-2	3
1000	27	0	0	1000	0	27	-1	-2	3
1001	27	0	0	1000	0	27	-1	-2	3
1002	27	0	0	1000	0	27	-1	-2	3
1003	27	0	0	1000	0	27	-1	-2	3
1004	27	0	0	1000	0	27	-1	-2	3
1005	27	0	0	1000	0	27	-1	-2	3
1006	27	0	0	1000	0	27	-1	-2	3
1007	27	0	0	1000	0	27	-1	-2	3
1008	27	0	0	1000	0	27	-1	-2	3
1009	27	0	0	1000	0	27	-1	-2	3
1010	27	1	1	1000	1010	27	27	-2	3
1011	27	1	1	1000	1010	27	27	-2	3
1012	27	1	1	1000	1010	27	27	-2	3
1013	27	1	1	1000	1010	27	27	-2	3
1014	27	1	1	1000	1010	27	27	-2	3
1015	27	1	1	1000	1010	27	27	-2	3
1016	27	1	1	1000	1010	27	27	-2	3
1017	27	1	1	1000	1010	27	27	-2	3
1018	27	1	1	1000	1010	27	27	-2	3
1019	27	1	1	1000	1010	27	27	-2	3
1020	27	1	1	1000	1010	27	27	-2	3
1021	27	1	1	1000	1010	27	27	-2	3
1022	27	1	1	1000	1010	27	27	-2	3
1023	27	1	1	1000	1010	27	27	-2	3
1024	27	1	1	1000	1010	27	27	-2	3
1025	27	1	1	1000	1010	27	27	-2	3
1026	27	1	1	1000	1010	27	27	-2	3
1027	27	1	1	1000	1010	27	27	-2	3
1028	27	1	1	1000	1010	27	27	-2	3
1029	27	1	1	1000	1010	27	27	-2	3
1030	27	1	1	1000	1010	27	27	-2	3
1031	27	1	1	1000	1010	27	27	-2	3
1032	27	1	1	1000	1010	27	27	-2	3
1033	27	1	1	1000	1010	27	27	-2	3
1034	27	1	1	1000	1010	27	27	-2	3
1035	27	1	1	1000	1010	27	27	-2	3
1036	27	1	1	1000	1010	27	27	-2	3
1037	27	1	1	1000	1010	27	27	-2	3
1038	27	1	1	1000	1010	27	27	-2	3
1039	27	1	1	1000	1010	27	27	-2	3
1040	27	1	1	1000	1010	27	27	-2	3
1041	27	1	1	1000	1010	27	27	-2	3
1042	27	1	1	1000	1010	27	27	-2	3
1043	27	1	1	1000	1010	27	27	-2	3
1044	27	1	1	1000	1010	27	27	-2	3
1045	27	1	1	1000	1010	27	27	-2	3
1046	27	1	1	1000	1010	27	27	-2	3
1047	27	1	1	1000	1010	27	27	-2	3
1048	27	1	1	1000	1010	27	27	-2	3
1049	27	1	1	1000	1010	27	27	-2	3
1050	27	1	1	1000	1010	27	27	-2	3
1051	27	1	1	1000	1010	27	27	-2	3
1052	27	1	1	1000	1010	27	27	-2	3
1053	27	1	1	1000	1010	27	27	-2	3
1054	27	1	1	1000	1010	27	27	-2	3
1055	27	1	1	1000	1010	27	27	-2	3
1056	27	1	1	1000	1010	27	27	-2	3
1057	27	1	1	1000	1010	27	27	-2	3
1058	27	1	1	1000	1010	27	27	-2	3
1059	27	1	1	1000	1010	27	27	-2	3
1060	27	1	1	1000	1010	27	27	-2	3
1061	27	1	1	1000	1010	27	27	-2	3
1062	27	1	1	1000	1010	27	27	-2	3
1063	27	1	1	1000	1010	27	27	-2	3
1064	27	1	1	1000	1010	27	27	-2	3
1065	27	1	1	1000	1010	27	27	-2	3
1066	27	1	1	1000	1010	27	27	-2	3
1067	27	1	1	1000	1010	27	27	-2	3
1068	27	1	1	1000	1010	27	27	-2	3
1069	27	1	1	1000	1010	27	27	-2	3
1070	27	1	1	1000	1010	27	27	-2	3
1071	27	1	1	1000	1010	27	27	-2	3
1072	27	1	1	1000	1010	27	27	-2	3
1073	27	1	1	1000	1010	27	27	-2	3
1074	27	1	1	1000	1010	27	27	-2	3
1075	27	1	1	1000	1010	27	27	-2	3
1076	27	1	1	1000	1010	27	27	-2	3
1077	27	1	1	1000	1010	27	27	-2	3
1078	27	1	1	1000	1010	27	27	-2	3
1079	27	1	1	1000	1010	27	27	-2	3
1080	27	1	1	1000	1010	27	27	-2	3
1081	27	1	1	1000	1010	27	27	-2	3
1082	27	1	1	1000	1010	27	27	-2	3
1083	27	1	1	1000	1010	27	27	-2	3
1084	27	1	1	1000	1010	27	27	-2	3
1085	27	1	1	1000	1010	27	27	-2	3
1086	27	1	1	1000	1010	27	27	-2	3
1087	27	1	1	1000	1010	27	27	-2	3
1088	27	1	1	1000	1010	27	27	-2	3
1089	27	1	1	1000	1010	27	27	-2	3
1090	27	1	1	1000	1010	27	27	-2	3
1091	27	1	1	1000	1010	27	27	-2	3
1092	27	1	1	1000	1010	27	27	-2	3
1093	27	1	1	1000	1010	27	27	-2	3
1094	27	1	1	1000	1010	27	27	-2	3
1095	27	1	1	1000	1010	27	27	-2	3
1096	27	1	1	1000	1010	27	27	-2	3
1097	27	1	1	1000	1010	27	27	-2	3
1098	27	1	1	1000	1010	27	27	-2	3
1099	27	1	1	1000	1010	27	27	-2	3
1100	27	1	1	1000	1010	27	27	-2	3
1101	27	1	1	1000	1010	27	27	-2	3
1102	27	1	1	1000	1010	27	27	-2	3
1103	27	1	1	1000	1010	27	27	-2	3
1104	27	1	1	1000	1010	27	27	-2	3
1105	27	1	1	1000	1010	27	27	-2	3
1106	27	1	1	1000	1010	27	27	-2	3
1107	27	1	1	1000	1010	27	27	-2	3
1108	27	1	1	1000	1010	27	27	-2	3
1109	27	1	1	1000	1010	27	27	-2	3
1110	27	1	1	1000	1010	27	27	-2	3
1111	27	1	1	1000	1010	27	27	-2	3
1112	27	1	1	1000	1010	27	27	-2	3
1113	27	1	1	1000	1010	27	27	-2	3
1114	27	1	1	1000	1010	27	27	-2	3
1115	27	1	1	1000	1010	27	27	-2	3
1116	27	1	1	1000	1010	27	27	-2	3
1117	27	1	1	1000	1010	27	27	-2	3
1118	27	1	1	1000	1010	27	27	-2	3
1119	27	1	1	1000	1010	27	27	-2	3
1120	27	1	1	1000	1010	27	27	-2	3
1121	27	1	1	1000	1010	27	27	-2	3
1122	27	1	1	1000	1010	27	27	-2	3
1123	27	1	1	1000	1010	27	27	-2	3
1124	27	1	1	1000	1010	27	27	-2	3
1125	27	1	1	1000	1010	27	27	-2	3
1126	27	1	1	1000	1010	27	27	-2	3
