1	45	0	0	1000	0	45	-1	-5	-1
2	45	0	0	1000	0	45	-1	-5	-1
3	45	0	0	1000	0	45	-1	-5	-1
4	45	0	0	1000	0	45	-1	-5	-1
5	45	0	0	1000	0	45	-1	-5	-1
6	45	0	0	1000	0	45	-1	-5	-1
7	45	0	0	1000	0	45	-1	-5	-1
8	45	0	0	1000	0	45	-1	-5	-1
9	45	0	0	1000	0	45	-1	-5	-1
10	45	0	0	1000	0	45	-1	-5	-1
11	45	0	0	1000	0	45	-1	-5	-1
12	45	0	0	1000	0	45	-1	-5	-1
13	45	0	0	1000	0	45	-1	-5	-1
14	45	0	0	1000	0	45	-1	-5	-1
15	45	0	0	1000	0	45	-1	-5	-1
16	45	0	0	1000	0	45	-1	-5	-1
17	45	0	0	1000	0	45	-1	-5	-1
18	45	0	0	1000	0	45	-1	-5	-1
19	45	0	0	1000	0	45	-1	-5	-1
20	45	0	0	1000	0	45	-1	-5	-1
21	45	0	0	1000	0	45	-1	-5	-1
22	45	0	0	1000	0	45	-1	-5	-1
23	45	0	0	1000	0	45	-1	-5	-1
24	45	0	0	1000	0	45	-1	-5	-1
25	45	0	0	1000	0	45	-1	-5	-1
26	45	0	0	1000	0	45	-1	-5	-1
27	45	0	0	1000	0	45	-1	-5	-1
28	45	0	0	1000	0	45	-1	-5	-1
29	45	0	0	1000	0	45	-1	-5	-1
30	45	0	0	1000	0	45	-1	-5	-1
31	45	0	0	1000	0	45	-1	-5	-1
32	45	0	0	1000	0	45	-1	-5	-1
33	45	0	0	1000	0	45	-1	-5	-1
34	45	0	0	1000	0	45	-1	-5	-1
35	45	0	0	1000	0	45	-1	-5	-1
36	45	0	0	1000	0	45	-1	-5	-1
37	45	0	0	1000	0	45	-1	-5	-1
38	45	0	0	1000	0	45	-1	-5	-1
39	45	0	0	1000	0	45	-1	-5	-1
40	45	0	0	1000	0	45	-1	-5	-1
41	45	0	0	1000	0	45	-1	-5	-1
42	45	0	0	1000	0	45	-1	-5	-1
43	45	0	0	1000	0	45	-1	-5	-1
44	45	0	0	1000	0	45	-1	-5	-1
45	45	0	0	1000	0	45	-1	-5	-1
46	45	0	0	1000	0	45	-1	-5	-1
47	45	0	0	1000	0	45	-1	-5	-1
48	45	0	0	1000	0	45	-1	-5	-1
49	45	0	0	1000	0	45	-1	-5	-1
50	45	0	0	1000	0	45	-1	-5	-1
51	45	0	0	1000	0	45	-1	-5	-1
52	45	0	0	1000	0	45	-1	-5	-1
53	45	0	0	1000	0	45	-1	-5	-1
54	45	0	0	1000	0	45	-1	-5	-1
55	45	0	0	1000	0	45	-1	-5	-1
56	45	0	0	1000	0	45	-1	-5	-1
57	45	0	0	1000	0	45	-1	-5	-1
58	45	0	0	1000	0	45	-1	-5	-1
59	45	0	0	1000	0	45	-1	-5	-1
60	45	0	0	1000	0	45	-1	-5	-1
61	45	0	0	1000	0	45	-1	-5	-1
62	45	0	0	1000	0	45	-1	-5	-1
63	45	0	0	1000	0	45	-1	-5	-1
64	45	0	0	1000	0	45	-1	-5	-1
65	45	0	0	1000	0	45	-1	-5	-1
66	45	0	0	1000	0	45	-1	-5	-1
67	45	0	0	1000	0	45	-1	-5	-1
68	45	0	0	1000	0	45	-1	-5	-1
69	45	0	0	1000	0	45	-1	-5	-1
70	45	0	0	1000	0	45	-1	-5	-1
71	45	0	0	1000	0	45	-1	-5	-1
72	45	0	0	1000	0	45	-1	-5	-1
73	45	0	0	1000	0	45	-1	-5	-1
74	45	0	0	1000	0	45	-1	-5	-1
75	45	0	0	1000	0	45	-1	-5	-1
76	45	0	0	1000	0	45	-1	-5	-1
77	45	0	0	1000	0	45	-1	-5	-1
78	45	0	0	1000	0	45	-1	-5	-1
79	45	0	0	1000	0	45	-1	-5	-1
80	45	0	0	1000	0	45	-1	-5	-1
81	45	0	0	1000	0	45	-1	-5	-1
82	45	0	0	1000	0	45	-1	-5	-1
83	45	0	0	1000	0	45	-1	-5	-1
84	45	0	0	1000	0	45	-1	-5	-1
85	45	0	0	1000	0	45	-1	-5	-1
86	45	0	0	1000	0	45	-1	-5	-1
87	45	0	0	1000	0	45	-1	-5	-1
88	45	0	0	1000	0	45	-1	-5	-1
89	45	0	0	1000	0	45	-1	-5	-1
90	45	0	0	1000	0	45	-1	-5	-1
91	45	0	0	1000	0	45	-1	-5	-1
92	45	0	0	1000	0	45	-1	-5	-1
93	45	0	0	1000	0	45	-1	-5	-1
94	45	0	0	1000	0	45	-1	-5	-1
95	45	0	0	1000	0	45	-1	-5	-1
96	45	0	0	1000	0	45	-1	-5	-1
97	45	0	0	1000	0	45	-1	-5	-1
98	45	0	0	1000	0	45	-1	-5	-1
99	45	0	0	1000	0	45	-1	-5	-1
100	45	0	0	1000	0	45	-1	-5	-1
101	45	0	0	1000	0	45	-1	-5	-1
102	45	0	0	1000	0	45	-1	-5	-1
103	45	0	0	1000	0	45	-1	-5	-1
104	45	0	0	1000	0	45	-1	-5	-1
105	45	0	0	1000	0	45	-1	-5	-1
106	45	0	0	1000	0	45	-1	-5	-1
107	45	0	0	1000	0	45	-1	-5	-1
108	45	0	0	1000	0	45	-1	-5	-1
109	45	0	0	1000	0	45	-1	-5	-1
110	45	0	0	1000	0	45	-1	-5	-1
111	45	0	0	1000	0	45	-1	-5	-1
112	45	0	0	1000	0	45	-1	-5	-1
113	45	0	0	1000	0	45	-1	-5	-1
114	45	0	0	1000	0	45	-1	-5	-1
115	45	0	0	1000	0	45	-1	-5	-1
116	45	0	0	1000	0	45	-1	-5	-1
117	45	0	0	1000	0	45	-1	-5	-1
118	45	0	0	1000	0	45	-1	-5	-1
119	45	0	0	1000	0	45	-1	-5	-1
120	45	0	0	1000	0	45	-1	-5	-1
121	45	0	0	1000	0	45	-1	-5	-1
122	45	0	0	1000	0	45	-1	-5	-1
123	45	0	0	1000	0	45	-1	-5	-1
124	45	0	0	1000	0	45	-1	-5	-1
125	45	0	0	1000	0	45	-1	-5	-1
126	45	0	0	1000	0	45	-1	-5	-1
127	45	0	0	1000	0	45	-1	-5	-1
128	45	0	0	1000	0	45	-1	-5	-1
129	45	0	0	1000	0	45	-1	-5	-1
130	45	0	0	1000	0	45	-1	-5	-1
131	45	0	0	1000	0	45	-1	-5	-1
132	45	0	0	1000	0	45	-1	-5	-1
133	45	0	0	1000	0	45	-1	-5	-1
134	45	0	0	1000	0	45	-1	-5	-1
135	45	0	0	1000	0	45	-1	-5	-1
136	45	0	0	1000	0	45	-1	-5	-1
137	45	0	0	1000	0	45	-1	-5	-1
138	45	0	0	1000	0	45	-1	-5	-1
139	45	0	0	1000	0	45	-1	-5	-1
140	45	0	0	1000	0	45	-1	-5	-1
141	45	0	0	1000	0	45	-1	-5	-1
142	45	0	0	1000	0	45	-1	-5	-1
143	45	0	0	1000	0	45	-1	-5	-1
144	45	0	0	1000	0	45	-1	-5	-1
145	45	0	0	1000	0	45	-1	-5	-1
146	45	0	0	1000	0	45	-1	-5	-1
147	45	0	0	1000	0	45	-1	-5	-1
148	45	0	0	1000	0	45	-1	-5	-1
149	45	0	0	1000	0	45	-1	-5	-1
150	45	0	0	1000	0	45	-1	-5	-1
151	45	0	0	1000	0	45	-1	-5	-1
152	45	0	0	1000	0	45	-1	-5	-1
153	45	0	0	1000	0	45	-1	-5	-1
154	45	0	0	1000	0	45	-1	-5	-1
155	45	0	0	1000	0	45	-1	-5	-1
156	45	0	0	1000	0	45	-1	-5	-1
157	45	0	0	1000	0	45	-1	-5	-1
158	45	0	0	1000	0	45	-1	-5	-1
159	45	0	0	1000	0	45	-1	-5	-1
160	45	0	0	1000	0	45	-1	-5	-1
161	45	0	0	1000	0	45	-1	-5	-1
162	45	0	0	1000	0	45	-1	-5	-1
163	45	0	0	1000	0	45	-1	-5	-1
164	45	0	0	1000	0	45	-1	-5	-1
165	45	0	0	1000	0	45	-1	-5	-1
166	45	0	0	1000	0	45	-1	-5	-1
167	45	0	0	1000	0	45	-1	-5	-1
168	45	0	0	1000	0	45	-1	-5	-1
169	45	0	0	1000	0	45	-1	-5	-1
170	45	0	0	1000	0	45	-1	-5	-1
171	45	0	0	1000	0	45	-1	-5	-1
172	45	0	0	1000	0	45	-1	-5	-1
173	45	0	0	1000	0	45	-1	-5	-1
174	45	0	0	1000	0	45	-1	-5	-1
175	45	0	0	1000	0	45	-1	-5	-1
176	45	0	0	1000	0	45	-1	-5	-1
177	45	0	0	1000	0	45	-1	-5	-1
178	45	0	0	1000	0	45	-1	-5	-1
179	45	0	0	1000	0	45	-1	-5	-1
180	45	0	0	1000	0	45	-1	-5	-1
181	45	0	0	1000	0	45	-1	-5	-1
182	45	0	0	1000	0	45	-1	-5	-1
183	45	0	0	1000	0	45	-1	-5	-1
184	45	0	0	1000	0	45	-1	-5	-1
185	45	0	0	1000	0	45	-1	-5	-1
186	45	0	0	1000	0	45	-1	-5	-1
187	45	0	0	1000	0	45	-1	-5	-1
188	45	0	0	1000	0	45	-1	-5	-1
189	45	0	0	1000	0	45	-1	-5	-1
190	45	0	0	1000	0	45	-1	-5	-1
191	45	0	0	1000	0	45	-1	-5	-1
192	45	0	0	1000	0	45	-1	-5	-1
193	45	0	0	1000	0	45	-1	-5	-1
194	45	0	0	1000	0	45	-1	-5	-1
195	45	0	0	1000	0	45	-1	-5	-1
196	45	0	0	1000	0	45	-1	-5	-1
197	45	0	0	1000	0	45	-1	-5	-1
198	45	0	0	1000	0	45	-1	-5	-1
199	45	0	0	1000	0	45	-1	-5	-1
200	45	0	0	1000	0	45	-1	-5	-1
201	45	0	0	1000	0	45	-1	-5	-1
202	45	0	0	1000	0	45	-1	-5	-1
203	45	0	0	1000	0	45	-1	-5	-1
204	45	0	0	1000	0	45	-1	-5	-1
205	45	0	0	1000	0	45	-1	-5	-1
206	45	0	0	1000	0	45	-1	-5	-1
207	45	0	0	1000	0	45	-1	-5	-1
208	45	0	0	1000	0	45	-1	-5	-1
209	45	0	0	1000	0	45	-1	-5	-1
210	45	0	0	1000	0	45	-1	-5	-1
211	45	0	0	1000	0	45	-1	-5	-1
212	45	0	0	1000	0	45	-1	-5	-1
213	45	0	0	1000	0	45	-1	-5	-1
214	45	0	0	1000	0	45	-1	-5	-1
215	45	0	0	1000	0	45	-1	-5	-1
216	45	0	0	1000	0	45	-1	-5	-1
217	45	0	0	1000	0	45	-1	-5	-1
218	45	0	0	1000	0	45	-1	-5	-1
219	45	0	0	1000	0	45	-1	-5	-1
220	45	0	0	1000	0	45	-1	-5	-1
221	45	0	0	1000	0	45	-1	-5	-1
222	45	0	0	1000	0	45	-1	-5	-1
223	45	0	0	1000	0	45	-1	-5	-1
224	45	0	0	1000	0	45	-1	-5	-1
225	45	0	0	1000	0	45	-1	-5	-1
226	45	0	0	1000	0	45	-1	-5	-1
227	45	0	0	1000	0	45	-1	-5	-1
228	45	0	0	1000	0	45	-1	-5	-1
229	45	0	0	1000	0	45	-1	-5	-1
230	45	0	0	1000	0	45	-1	-5	-1
231	45	0	0	1000	0	45	-1	-5	-1
232	45	0	0	1000	0	45	-1	-5	-1
233	45	0	0	1000	0	45	-1	-5	-1
234	45	0	0	1000	0	45	-1	-5	-1
235	45	0	0	1000	0	45	-1	-5	-1
236	45	0	0	1000	0	45	-1	-5	-1
237	45	0	0	1000	0	45	-1	-5	-1
238	45	0	0	1000	0	45	-1	-5	-1
239	45	0	0	1000	0	45	-1	-5	-1
240	45	0	0	1000	0	45	-1	-5	-1
241	45	0	0	1000	0	45	-1	-5	-1
242	45	0	0	1000	0	45	-1	-5	-1
243	45	0	0	1000	0	45	-1	-5	-1
244	45	0	0	1000	0	45	-1	-5	-1
245	45	0	0	1000	0	45	-1	-5	-1
246	45	0	0	1000	0	45	-1	-5	-1
247	45	0	0	1000	0	45	-1	-5	-1
248	45	0	0	1000	0	45	-1	-5	-1
249	45	0	0	1000	0	45	-1	-5	-1
250	45	0	0	1000	0	45	-1	-5	-1
251	45	0	0	1000	0	45	-1	-5	-1
252	45	0	0	1000	0	45	-1	-5	-1
253	45	0	0	1000	0	45	-1	-5	-1
254	45	0	0	1000	0	45	-1	-5	-1
255	45	0	0	1000	0	45	-1	-5	-1
256	45	0	0	1000	0	45	-1	-5	-1
257	45	0	0	1000	0	45	-1	-5	-1
258	45	0	0	1000	0	45	-1	-5	-1
259	45	0	0	1000	0	45	-1	-5	-1
260	45	0	0	1000	0	45	-1	-5	-1
261	45	0	0	1000	0	45	-1	-5	-1
262	45	0	0	1000	0	45	-1	-5	-1
263	45	0	0	1000	0	45	-1	-5	-1
264	45	0	0	1000	0	45	-1	-5	-1
265	45	0	0	1000	0	45	-1	-5	-1
266	45	0	0	1000	0	45	-1	-5	-1
267	45	0	0	1000	0	45	-1	-5	-1
268	45	0	0	1000	0	45	-1	-5	-1
269	45	0	0	1000	0	45	-1	-5	-1
270	45	0	0	1000	0	45	-1	-5	-1
271	45	0	0	1000	0	45	-1	-5	-1
272	45	0	0	1000	0	45	-1	-5	-1
273	45	0	0	1000	0	45	-1	-5	-1
274	45	0	0	1000	0	45	-1	-5	-1
275	45	0	0	1000	0	45	-1	-5	-1
276	45	0	0	1000	0	45	-1	-5	-1
277	45	0	0	1000	0	45	-1	-5	-1
278	45	0	0	1000	0	45	-1	-5	-1
279	45	0	0	1000	0	45	-1	-5	-1
280	45	0	0	1000	0	45	-1	-5	-1
281	45	0	0	1000	0	45	-1	-5	-1
282	45	0	0	1000	0	45	-1	-5	-1
283	45	0	0	1000	0	45	-1	-5	-1
284	45	0	0	1000	0	45	-1	-5	-1
285	45	0	0	1000	0	45	-1	-5	-1
286	45	0	0	1000	0	45	-1	-5	-1
287	45	0	0	1000	0	45	-1	-5	-1
288	45	0	0	1000	0	45	-1	-5	-1
289	45	0	0	1000	0	45	-1	-5	-1
290	45	0	0	1000	0	45	-1	-5	-1
291	45	0	0	1000	0	45	-1	-5	-1
292	45	0	0	1000	0	45	-1	-5	-1
293	45	0	0	1000	0	45	-1	-5	-1
294	45	0	0	1000	0	45	-1	-5	-1
295	45	0	0	1000	0	45	-1	-5	-1
296	45	0	0	1000	0	45	-1	-5	-1
297	45	0	0	1000	0	45	-1	-5	-1
298	45	0	0	1000	0	45	-1	-5	-1
299	45	0	0	1000	0	45	-1	-5	-1
300	45	0	0	1000	0	45	-1	-5	-1
301	45	0	0	1000	0	45	-1	-5	-1
302	45	0	0	1000	0	45	-1	-5	-1
303	45	0	0	1000	0	45	-1	-5	-1
304	45	0	0	1000	0	45	-1	-5	-1
305	45	0	0	1000	0	45	-1	-5	-1
306	45	0	0	1000	0	45	-1	-5	-1
307	45	0	0	1000	0	45	-1	-5	-1
308	45	0	0	1000	0	45	-1	-5	-1
309	45	0	0	1000	0	45	-1	-5	-1
310	45	0	0	1000	0	45	-1	-5	-1
311	45	0	0	1000	0	45	-1	-5	-1
312	45	0	0	1000	0	45	-1	-5	-1
313	45	0	0	1000	0	45	-1	-5	-1
314	45	0	0	1000	0	45	-1	-5	-1
315	45	0	0	1000	0	45	-1	-5	-1
316	45	0	0	1000	0	45	-1	-5	-1
317	45	0	0	1000	0	45	-1	-5	-1
318	45	0	0	1000	0	45	-1	-5	-1
319	45	0	0	1000	0	45	-1	-5	-1
320	45	0	0	1000	0	45	-1	-5	-1
321	45	0	0	1000	0	45	-1	-5	-1
322	45	0	0	1000	0	45	-1	-5	-1
323	45	0	0	1000	0	45	-1	-5	-1
324	45	0	0	1000	0	45	-1	-5	-1
325	45	0	0	1000	0	45	-1	-5	-1
326	45	0	0	1000	0	45	-1	-5	-1
327	45	0	0	1000	0	45	-1	-5	-1
328	45	0	0	1000	0	45	-1	-5	-1
329	45	0	0	1000	0	45	-1	-5	-1
330	45	0	0	1000	0	45	-1	-5	-1
331	45	0	0	1000	0	45	-1	-5	-1
332	45	0	0	1000	0	45	-1	-5	-1
333	45	0	0	1000	0	45	-1	-5	-1
334	45	0	0	1000	0	45	-1	-5	-1
335	45	0	0	1000	0	45	-1	-5	-1
336	45	0	0	1000	0	45	-1	-5	-1
337	45	0	0	1000	0	45	-1	-5	-1
338	45	0	0	1000	0	45	-1	-5	-1
339	45	0	0	1000	0	45	-1	-5	-1
340	45	0	0	1000	0	45	-1	-5	-1
341	45	0	0	1000	0	45	-1	-5	-1
342	45	0	0	1000	0	45	-1	-5	-1
343	45	0	0	1000	0	45	-1	-5	-1
344	45	0	0	1000	0	45	-1	-5	-1
345	45	0	0	1000	0	45	-1	-5	-1
346	45	0	0	1000	0	45	-1	-5	-1
347	45	0	0	1000	0	45	-1	-5	-1
348	45	0	0	1000	0	45	-1	-5	-1
349	45	0	0	1000	0	45	-1	-5	-1
350	45	0	0	1000	0	45	-1	-5	-1
351	45	0	0	1000	0	45	-1	-5	-1
352	45	0	0	1000	0	45	-1	-5	-1
353	45	0	0	1000	0	45	-1	-5	-1
354	45	0	0	1000	0	45	-1	-5	-1
355	45	0	0	1000	0	45	-1	-5	-1
356	45	0	0	1000	0	45	-1	-5	-1
357	45	0	0	1000	0	45	-1	-5	-1
358	45	0	0	1000	0	45	-1	-5	-1
359	45	0	0	1000	0	45	-1	-5	-1
360	45	0	0	1000	0	45	-1	-5	-1
361	45	0	0	1000	0	45	-1	-5	-1
362	45	0	0	1000	0	45	-1	-5	-1
363	45	0	0	1000	0	45	-1	-5	-1
364	45	0	0	1000	0	45	-1	-5	-1
365	45	0	0	1000	0	45	-1	-5	-1
366	45	0	0	1000	0	45	-1	-5	-1
367	45	0	0	1000	0	45	-1	-5	-1
368	45	0	0	1000	0	45	-1	-5	-1
369	45	0	0	1000	0	45	-1	-5	-1
370	45	0	0	1000	0	45	-1	-5	-1
371	45	0	0	1000	0	45	-1	-5	-1
372	45	0	0	1000	0	45	-1	-5	-1
373	45	0	0	1000	0	45	-1	-5	-1
374	45	0	0	1000	0	45	-1	-5	-1
375	45	0	0	1000	0	45	-1	-5	-1
376	45	0	0	1000	0	45	-1	-5	-1
377	45	0	0	1000	0	45	-1	-5	-1
378	45	0	0	1000	0	45	-1	-5	-1
379	45	0	0	1000	0	45	-1	-5	-1
380	45	0	0	1000	0	45	-1	-5	-1
381	45	0	0	1000	0	45	-1	-5	-1
382	45	0	0	1000	0	45	-1	-5	-1
383	45	0	0	1000	0	45	-1	-5	-1
384	45	0	0	1000	0	45	-1	-5	-1
385	45	0	0	1000	0	45	-1	-5	-1
386	45	0	0	1000	0	45	-1	-5	-1
387	45	0	0	1000	0	45	-1	-5	-1
388	45	0	0	1000	0	45	-1	-5	-1
389	45	0	0	1000	0	45	-1	-5	-1
390	45	0	0	1000	0	45	-1	-5	-1
391	45	0	0	1000	0	45	-1	-5	-1
392	45	0	0	1000	0	45	-1	-5	-1
393	45	0	0	1000	0	45	-1	-5	-1
394	45	0	0	1000	0	45	-1	-5	-1
395	45	0	0	1000	0	45	-1	-5	-1
396	45	0	0	1000	0	45	-1	-5	-1
397	45	0	0	1000	0	45	-1	-5	-1
398	45	0	0	1000	0	45	-1	-5	-1
399	45	0	0	1000	0	45	-1	-5	-1
400	45	0	0	1000	0	45	-1	-5	-1
401	45	0	0	1000	0	45	-1	-5	-1
402	45	0	0	1000	0	45	-1	-5	-1
403	45	0	0	1000	0	45	-1	-5	-1
404	45	0	0	1000	0	45	-1	-5	-1
405	45	0	0	1000	0	45	-1	-5	-1
406	45	0	0	1000	0	45	-1	-5	-1
407	45	0	0	1000	0	45	-1	-5	-1
408	45	0	0	1000	0	45	-1	-5	-1
409	45	0	0	1000	0	45	-1	-5	-1
410	45	0	0	1000	0	45	-1	-5	-1
411	45	0	0	1000	0	45	-1	-5	-1
412	45	0	0	1000	0	45	-1	-5	-1
413	45	0	0	1000	0	45	-1	-5	-1
414	45	0	0	1000	0	45	-1	-5	-1
415	45	0	0	1000	0	45	-1	-5	-1
416	45	0	0	1000	0	45	-1	-5	-1
417	45	0	0	1000	0	45	-1	-5	-1
418	45	0	0	1000	0	45	-1	-5	-1
419	45	0	0	1000	0	45	-1	-5	-1
420	45	0	0	1000	0	45	-1	-5	-1
421	45	0	0	1000	0	45	-1	-5	-1
422	45	0	0	1000	0	45	-1	-5	-1
423	45	0	0	1000	0	45	-1	-5	-1
424	45	0	0	1000	0	45	-1	-5	-1
425	45	0	0	1000	0	45	-1	-5	-1
426	45	0	0	1000	0	45	-1	-5	-1
427	45	0	0	1000	0	45	-1	-5	-1
428	45	0	0	1000	0	45	-1	-5	-1
429	45	0	0	1000	0	45	-1	-5	-1
430	45	0	0	1000	0	45	-1	-5	-1
431	45	0	0	1000	0	45	-1	-5	-1
432	45	0	0	1000	0	45	-1	-5	-1
433	45	0	0	1000	0	45	-1	-5	-1
434	45	0	0	1000	0	45	-1	-5	-1
435	45	0	0	1000	0	45	-1	-5	-1
436	45	0	0	1000	0	45	-1	-5	-1
437	45	0	0	1000	0	45	-1	-5	-1
438	45	0	0	1000	0	45	-1	-5	-1
439	45	0	0	1000	0	45	-1	-5	-1
440	45	0	0	1000	0	45	-1	-5	-1
441	45	0	0	1000	0	45	-1	-5	-1
442	45	0	0	1000	0	45	-1	-5	-1
443	45	0	0	1000	0	45	-1	-5	-1
444	45	0	0	1000	0	45	-1	-5	-1
445	45	0	0	1000	0	45	-1	-5	-1
446	45	0	0	1000	0	45	-1	-5	-1
447	45	0	0	1000	0	45	-1	-5	-1
448	45	0	0	1000	0	45	-1	-5	-1
449	45	0	0	1000	0	45	-1	-5	-1
450	45	0	0	1000	0	45	-1	-5	-1
451	45	0	0	1000	0	45	-1	-5	-1
452	45	0	0	1000	0	45	-1	-5	-1
453	45	0	0	1000	0	45	-1	-5	-1
454	45	0	0	1000	0	45	-1	-5	-1
455	45	0	0	1000	0	45	-1	-5	-1
456	45	0	0	1000	0	45	-1	-5	-1
457	45	0	0	1000	0	45	-1	-5	-1
458	45	0	0	1000	0	45	-1	-5	-1
459	45	0	0	1000	0	45	-1	-5	-1
460	45	0	0	1000	0	45	-1	-5	-1
461	45	0	0	1000	0	45	-1	-5	-1
462	45	0	0	1000	0	45	-1	-5	-1
463	45	0	0	1000	0	45	-1	-5	-1
464	45	0	0	1000	0	45	-1	-5	-1
465	45	0	0	1000	0	45	-1	-5	-1
466	45	0	0	1000	0	45	-1	-5	-1
467	45	0	0	1000	0	45	-1	-5	-1
468	45	0	0	1000	0	45	-1	-5	-1
469	45	0	0	1000	0	45	-1	-5	-1
470	45	0	0	1000	0	45	-1	-5	-1
471	45	0	0	1000	0	45	-1	-5	-1
472	45	0	0	1000	0	45	-1	-5	-1
473	45	0	0	1000	0	45	-1	-5	-1
474	45	0	0	1000	0	45	-1	-5	-1
475	45	0	0	1000	0	45	-1	-5	-1
476	45	0	0	1000	0	45	-1	-5	-1
477	45	0	0	1000	0	45	-1	-5	-1
478	45	0	0	1000	0	45	-1	-5	-1
479	45	0	0	1000	0	45	-1	-5	-1
480	45	0	0	1000	0	45	-1	-5	-1
481	45	0	0	1000	0	45	-1	-5	-1
482	45	0	0	1000	0	45	-1	-5	-1
483	45	0	0	1000	0	45	-1	-5	-1
484	45	0	0	1000	0	45	-1	-5	-1
485	45	0	0	1000	0	45	-1	-5	-1
486	45	0	0	1000	0	45	-1	-5	-1
487	45	0	0	1000	0	45	-1	-5	-1
488	45	0	0	1000	0	45	-1	-5	-1
489	45	0	0	1000	0	45	-1	-5	-1
490	45	0	0	1000	0	45	-1	-5	-1
491	45	0	0	1000	0	45	-1	-5	-1
492	45	0	0	1000	0	45	-1	-5	-1
493	45	0	0	1000	0	45	-1	-5	-1
494	45	0	0	1000	0	45	-1	-5	-1
495	45	0	0	1000	0	45	-1	-5	-1
496	45	0	0	1000	0	45	-1	-5	-1
497	45	0	0	1000	0	45	-1	-5	-1
498	45	0	0	1000	0	45	-1	-5	-1
499	45	0	0	1000	0	45	-1	-5	-1
500	45	0	0	1000	0	45	-1	-5	-1
501	45	0	0	1000	0	45	-1	-5	-1
502	45	0	0	1000	0	45	-1	-5	-1
503	45	0	0	1000	0	45	-1	-5	-1
504	45	0	0	1000	0	45	-1	-5	-1
505	45	0	0	1000	0	45	-1	-5	-1
506	45	0	0	1000	0	45	-1	-5	-1
507	45	0	0	1000	0	45	-1	-5	-1
508	45	0	0	1000	0	45	-1	-5	-1
509	45	0	0	1000	0	45	-1	-5	-1
510	45	0	0	1000	0	45	-1	-5	-1
511	45	0	0	1000	0	45	-1	-5	-1
512	45	0	0	1000	0	45	-1	-5	-1
513	45	0	0	1000	0	45	-1	-5	-1
514	45	0	0	1000	0	45	-1	-5	-1
515	45	0	0	1000	0	45	-1	-5	-1
516	45	0	0	1000	0	45	-1	-5	-1
517	45	0	0	1000	0	45	-1	-5	-1
518	45	0	0	1000	0	45	-1	-5	-1
519	45	0	0	1000	0	45	-1	-5	-1
520	45	0	0	1000	0	45	-1	-5	-1
521	45	0	0	1000	0	45	-1	-5	-1
522	45	0	0	1000	0	45	-1	-5	-1
523	45	0	0	1000	0	45	-1	-5	-1
524	45	0	0	1000	0	45	-1	-5	-1
525	45	0	0	1000	0	45	-1	-5	-1
526	45	0	0	1000	0	45	-1	-5	-1
527	45	0	0	1000	0	45	-1	-5	-1
528	45	0	0	1000	0	45	-1	-5	-1
529	45	0	0	1000	0	45	-1	-5	-1
530	45	0	0	1000	0	45	-1	-5	-1
531	45	0	0	1000	0	45	-1	-5	-1
532	45	0	0	1000	0	45	-1	-5	-1
533	45	0	0	1000	0	45	-1	-5	-1
534	45	0	0	1000	0	45	-1	-5	-1
535	45	0	0	1000	0	45	-1	-5	-1
536	45	0	0	1000	0	45	-1	-5	-1
537	45	0	0	1000	0	45	-1	-5	-1
538	45	0	0	1000	0	45	-1	-5	-1
539	45	0	0	1000	0	45	-1	-5	-1
540	45	0	0	1000	0	45	-1	-5	-1
541	45	0	0	1000	0	45	-1	-5	-1
542	45	0	0	1000	0	45	-1	-5	-1
543	45	0	0	1000	0	45	-1	-5	-1
544	45	0	0	1000	0	45	-1	-5	-1
545	45	0	0	1000	0	45	-1	-5	-1
546	45	0	0	1000	0	45	-1	-5	-1
547	45	0	0	1000	0	45	-1	-5	-1
548	45	0	0	1000	0	45	-1	-5	-1
549	45	0	0	1000	0	45	-1	-5	-1
550	45	0	0	1000	0	45	-1	-5	-1
551	45	0	0	1000	0	45	-1	-5	-1
552	45	0	0	1000	0	45	-1	-5	-1
553	45	0	0	1000	0	45	-1	-5	-1
554	45	0	0	1000	0	45	-1	-5	-1
555	45	0	0	1000	0	45	-1	-5	-1
556	45	0	0	1000	0	45	-1	-5	-1
557	45	0	0	1000	0	45	-1	-5	-1
558	45	0	0	1000	0	45	-1	-5	-1
559	45	0	0	1000	0	45	-1	-5	-1
560	45	0	0	1000	0	45	-1	-5	-1
561	45	0	0	1000	0	45	-1	-5	-1
562	45	0	0	1000	0	45	-1	-5	-1
563	45	0	0	1000	0	45	-1	-5	-1
564	45	0	0	1000	0	45	-1	-5	-1
565	45	0	0	1000	0	45	-1	-5	-1
566	45	0	0	1000	0	45	-1	-5	-1
567	45	0	0	1000	0	45	-1	-5	-1
568	45	0	0	1000	0	45	-1	-5	-1
569	45	0	0	1000	0	45	-1	-5	-1
570	45	0	0	1000	0	45	-1	-5	-1
571	45	0	0	1000	0	45	-1	-5	-1
572	45	0	0	1000	0	45	-1	-5	-1
573	45	0	0	1000	0	45	-1	-5	-1
574	45	0	0	1000	0	45	-1	-5	-1
575	45	0	0	1000	0	45	-1	-5	-1
576	45	0	0	1000	0	45	-1	-5	-1
577	45	0	0	1000	0	45	-1	-5	-1
578	45	0	0	1000	0	45	-1	-5	-1
579	45	0	0	1000	0	45	-1	-5	-1
580	45	0	0	1000	0	45	-1	-5	-1
581	45	0	0	1000	0	45	-1	-5	-1
582	45	0	0	1000	0	45	-1	-5	-1
583	45	0	0	1000	0	45	-1	-5	-1
584	45	0	0	1000	0	45	-1	-5	-1
585	45	0	0	1000	0	45	-1	-5	-1
586	45	0	0	1000	0	45	-1	-5	-1
587	45	0	0	1000	0	45	-1	-5	-1
588	45	0	0	1000	0	45	-1	-5	-1
589	45	0	0	1000	0	45	-1	-5	-1
590	45	0	0	1000	0	45	-1	-5	-1
591	45	0	0	1000	0	45	-1	-5	-1
592	45	0	0	1000	0	45	-1	-5	-1
593	45	0	0	1000	0	45	-1	-5	-1
594	45	0	0	1000	0	45	-1	-5	-1
595	45	0	0	1000	0	45	-1	-5	-1
596	45	0	0	1000	0	45	-1	-5	-1
597	45	0	0	1000	0	45	-1	-5	-1
598	45	0	0	1000	0	45	-1	-5	-1
599	45	0	0	1000	0	45	-1	-5	-1
600	45	0	0	1000	0	45	-1	-5	-1
601	45	0	0	1000	0	45	-1	-5	-1
602	45	0	0	1000	0	45	-1	-5	-1
603	45	0	0	1000	0	45	-1	-5	-1
604	45	0	0	1000	0	45	-1	-5	-1
605	45	0	0	1000	0	45	-1	-5	-1
606	45	0	0	1000	0	45	-1	-5	-1
607	45	0	0	1000	0	45	-1	-5	-1
608	45	0	0	1000	0	45	-1	-5	-1
609	45	0	0	1000	0	45	-1	-5	-1
610	45	0	0	1000	0	45	-1	-5	-1
611	45	0	0	1000	0	45	-1	-5	-1
612	45	0	0	1000	0	45	-1	-5	-1
613	45	0	0	1000	0	45	-1	-5	-1
614	45	0	0	1000	0	45	-1	-5	-1
615	45	0	0	1000	0	45	-1	-5	-1
616	45	0	0	1000	0	45	-1	-5	-1
617	45	0	0	1000	0	45	-1	-5	-1
618	45	0	0	1000	0	45	-1	-5	-1
619	45	0	0	1000	0	45	-1	-5	-1
620	45	0	0	1000	0	45	-1	-5	-1
621	45	0	0	1000	0	45	-1	-5	-1
622	45	0	0	1000	0	45	-1	-5	-1
623	45	0	0	1000	0	45	-1	-5	-1
624	45	0	0	1000	0	45	-1	-5	-1
625	45	0	0	1000	0	45	-1	-5	-1
626	45	0	0	1000	0	45	-1	-5	-1
627	45	0	0	1000	0	45	-1	-5	-1
628	45	0	0	1000	0	45	-1	-5	-1
629	45	0	0	1000	0	45	-1	-5	-1
630	45	0	0	1000	0	45	-1	-5	-1
631	45	0	0	1000	0	45	-1	-5	-1
632	45	0	0	1000	0	45	-1	-5	-1
633	45	0	0	1000	0	45	-1	-5	-1
634	45	0	0	1000	0	45	-1	-5	-1
635	45	0	0	1000	0	45	-1	-5	-1
636	45	0	0	1000	0	45	-1	-5	-1
637	45	0	0	1000	0	45	-1	-5	-1
638	45	0	0	1000	0	45	-1	-5	-1
639	45	0	0	1000	0	45	-1	-5	-1
640	45	0	0	1000	0	45	-1	-5	-1
641	45	0	0	1000	0	45	-1	-5	-1
642	45	0	0	1000	0	45	-1	-5	-1
643	45	0	0	1000	0	45	-1	-5	-1
644	45	0	0	1000	0	45	-1	-5	-1
645	45	0	0	1000	0	45	-1	-5	-1
646	45	0	0	1000	0	45	-1	-5	-1
647	45	0	0	1000	0	45	-1	-5	-1
648	45	0	0	1000	0	45	-1	-5	-1
649	45	0	0	1000	0	45	-1	-5	-1
650	45	0	0	1000	0	45	-1	-5	-1
651	45	0	0	1000	0	45	-1	-5	-1
652	45	0	0	1000	0	45	-1	-5	-1
653	45	0	0	1000	0	45	-1	-5	-1
654	45	0	0	1000	0	45	-1	-5	-1
655	45	0	0	1000	0	45	-1	-5	-1
656	45	0	0	1000	0	45	-1	-5	-1
657	45	0	0	1000	0	45	-1	-5	-1
658	45	0	0	1000	0	45	-1	-5	-1
659	45	0	0	1000	0	45	-1	-5	-1
660	45	0	0	1000	0	45	-1	-5	-1
661	45	0	0	1000	0	45	-1	-5	-1
662	45	0	0	1000	0	45	-1	-5	-1
663	45	0	0	1000	0	45	-1	-5	-1
664	45	0	0	1000	0	45	-1	-5	-1
665	45	0	0	1000	0	45	-1	-5	-1
666	45	0	0	1000	0	45	-1	-5	-1
667	45	0	0	1000	0	45	-1	-5	-1
668	45	0	0	1000	0	45	-1	-5	-1
669	45	0	0	1000	0	45	-1	-5	-1
670	45	0	0	1000	0	45	-1	-5	-1
671	45	0	0	1000	0	45	-1	-5	-1
672	45	0	0	1000	0	45	-1	-5	-1
673	45	0	0	1000	0	45	-1	-5	-1
674	45	0	0	1000	0	45	-1	-5	-1
675	45	0	0	1000	0	45	-1	-5	-1
676	45	0	0	1000	0	45	-1	-5	-1
677	45	0	0	1000	0	45	-1	-5	-1
678	45	0	0	1000	0	45	-1	-5	-1
679	45	0	0	1000	0	45	-1	-5	-1
680	45	0	0	1000	0	45	-1	-5	-1
681	45	0	0	1000	0	45	-1	-5	-1
682	45	0	0	1000	0	45	-1	-5	-1
683	45	0	0	1000	0	45	-1	-5	-1
684	45	0	0	1000	0	45	-1	-5	-1
685	45	0	0	1000	0	45	-1	-5	-1
686	45	0	0	1000	0	45	-1	-5	-1
687	45	0	0	1000	0	45	-1	-5	-1
688	45	0	0	1000	0	45	-1	-5	-1
689	45	0	0	1000	0	45	-1	-5	-1
690	45	0	0	1000	0	45	-1	-5	-1
691	45	0	0	1000	0	45	-1	-5	-1
692	45	0	0	1000	0	45	-1	-5	-1
693	45	0	0	1000	0	45	-1	-5	-1
694	45	0	0	1000	0	45	-1	-5	-1
695	45	0	0	1000	0	45	-1	-5	-1
696	45	0	0	1000	0	45	-1	-5	-1
697	45	0	0	1000	0	45	-1	-5	-1
698	45	0	0	1000	0	45	-1	-5	-1
699	45	0	0	1000	0	45	-1	-5	-1
700	45	0	0	1000	0	45	-1	-5	-1
701	45	0	0	1000	0	45	-1	-5	-1
702	45	0	0	1000	0	45	-1	-5	-1
703	45	0	0	1000	0	45	-1	-5	-1
704	45	0	0	1000	0	45	-1	-5	-1
705	45	0	0	1000	0	45	-1	-5	-1
706	45	0	0	1000	0	45	-1	-5	-1
707	45	0	0	1000	0	45	-1	-5	-1
708	45	0	0	1000	0	45	-1	-5	-1
709	45	0	0	1000	0	45	-1	-5	-1
710	45	0	0	1000	0	45	-1	-5	-1
711	45	0	0	1000	0	45	-1	-5	-1
712	45	0	0	1000	0	45	-1	-5	-1
713	45	0	0	1000	0	45	-1	-5	-1
714	45	0	0	1000	0	45	-1	-5	-1
715	45	0	0	1000	0	45	-1	-5	-1
716	45	0	0	1000	0	45	-1	-5	-1
717	45	0	0	1000	0	45	-1	-5	-1
718	45	0	0	1000	0	45	-1	-5	-1
719	45	0	0	1000	0	45	-1	-5	-1
720	45	0	0	1000	0	45	-1	-5	-1
721	45	0	0	1000	0	45	-1	-5	-1
722	45	0	0	1000	0	45	-1	-5	-1
723	45	0	0	1000	0	45	-1	-5	-1
724	45	0	0	1000	0	45	-1	-5	-1
725	45	0	0	1000	0	45	-1	-5	-1
726	45	0	0	1000	0	45	-1	-5	-1
727	45	0	0	1000	0	45	-1	-5	-1
728	45	0	0	1000	0	45	-1	-5	-1
729	45	0	0	1000	0	45	-1	-5	-1
730	45	0	0	1000	0	45	-1	-5	-1
731	45	0	0	1000	0	45	-1	-5	-1
732	45	0	0	1000	0	45	-1	-5	-1
733	45	0	0	1000	0	45	-1	-5	-1
734	45	0	0	1000	0	45	-1	-5	-1
735	45	0	0	1000	0	45	-1	-5	-1
736	45	0	0	1000	0	45	-1	-5	-1
737	45	0	0	1000	0	45	-1	-5	-1
738	45	0	0	1000	0	45	-1	-5	-1
739	45	0	0	1000	0	45	-1	-5	-1
740	45	0	0	1000	0	45	-1	-5	-1
741	45	0	0	1000	0	45	-1	-5	-1
742	45	0	0	1000	0	45	-1	-5	-1
743	45	0	0	1000	0	45	-1	-5	-1
744	45	0	0	1000	0	45	-1	-5	-1
745	45	0	0	1000	0	45	-1	-5	-1
746	45	0	0	1000	0	45	-1	-5	-1
747	45	0	0	1000	0	45	-1	-5	-1
748	45	0	0	1000	0	45	-1	-5	-1
749	45	0	0	1000	0	45	-1	-5	-1
750	45	0	0	1000	0	45	-1	-5	-1
751	45	0	0	1000	0	45	-1	-5	-1
752	45	0	0	1000	0	45	-1	-5	-1
753	45	0	0	1000	0	45	-1	-5	-1
754	45	0	0	1000	0	45	-1	-5	-1
755	45	0	0	1000	0	45	-1	-5	-1
756	45	0	0	1000	0	45	-1	-5	-1
757	45	0	0	1000	0	45	-1	-5	-1
758	45	0	0	1000	0	45	-1	-5	-1
759	45	0	0	1000	0	45	-1	-5	-1
760	45	0	0	1000	0	45	-1	-5	-1
761	45	0	0	1000	0	45	-1	-5	-1
762	45	0	0	1000	0	45	-1	-5	-1
763	45	0	0	1000	0	45	-1	-5	-1
764	45	0	0	1000	0	45	-1	-5	-1
765	45	0	0	1000	0	45	-1	-5	-1
766	45	0	0	1000	0	45	-1	-5	-1
767	45	0	0	1000	0	45	-1	-5	-1
768	45	0	0	1000	0	45	-1	-5	-1
769	45	0	0	1000	0	45	-1	-5	-1
770	45	0	0	1000	0	45	-1	-5	-1
771	45	0	0	1000	0	45	-1	-5	-1
772	45	0	0	1000	0	45	-1	-5	-1
773	45	0	0	1000	0	45	-1	-5	-1
774	45	0	0	1000	0	45	-1	-5	-1
775	45	0	0	1000	0	45	-1	-5	-1
776	45	0	0	1000	0	45	-1	-5	-1
777	45	0	0	1000	0	45	-1	-5	-1
778	45	0	0	1000	0	45	-1	-5	-1
779	45	0	0	1000	0	45	-1	-5	-1
780	45	0	0	1000	0	45	-1	-5	-1
781	45	0	0	1000	0	45	-1	-5	-1
782	45	0	0	1000	0	45	-1	-5	-1
783	45	0	0	1000	0	45	-1	-5	-1
784	45	0	0	1000	0	45	-1	-5	-1
785	45	0	0	1000	0	45	-1	-5	-1
786	45	0	0	1000	0	45	-1	-5	-1
787	45	0	0	1000	0	45	-1	-5	-1
788	45	0	0	1000	0	45	-1	-5	-1
789	45	0	0	1000	0	45	-1	-5	-1
790	45	0	0	1000	0	45	-1	-5	-1
791	45	0	0	1000	0	45	-1	-5	-1
792	45	0	0	1000	0	45	-1	-5	-1
793	45	0	0	1000	0	45	-1	-5	-1
794	45	0	0	1000	0	45	-1	-5	-1
795	45	0	0	1000	0	45	-1	-5	-1
796	45	0	0	1000	0	45	-1	-5	-1
797	45	0	0	1000	0	45	-1	-5	-1
798	45	0	0	1000	0	45	-1	-5	-1
799	45	0	0	1000	0	45	-1	-5	-1
800	45	0	0	1000	0	45	-1	-5	-1
801	45	0	0	1000	0	45	-1	-5	-1
802	45	0	0	1000	0	45	-1	-5	-1
803	45	0	0	1000	0	45	-1	-5	-1
804	45	0	0	1000	0	45	-1	-5	-1
805	45	0	0	1000	0	45	-1	-5	-1
806	45	0	0	1000	0	45	-1	-5	-1
807	45	0	0	1000	0	45	-1	-5	-1
808	45	0	0	1000	0	45	-1	-5	-1
809	45	0	0	1000	0	45	-1	-5	-1
810	45	0	0	1000	0	45	-1	-5	-1
811	45	0	0	1000	0	45	-1	-5	-1
812	45	0	0	1000	0	45	-1	-5	-1
813	45	0	0	1000	0	45	-1	-5	-1
814	45	0	0	1000	0	45	-1	-5	-1
815	45	0	0	1000	0	45	-1	-5	-1
816	45	0	0	1000	0	45	-1	-5	-1
817	45	0	0	1000	0	45	-1	-5	-1
818	45	0	0	1000	0	45	-1	-5	-1
819	45	0	0	1000	0	45	-1	-5	-1
820	45	0	0	1000	0	45	-1	-5	-1
821	45	0	0	1000	0	45	-1	-5	-1
822	45	0	0	1000	0	45	-1	-5	-1
823	45	0	0	1000	0	45	-1	-5	-1
824	45	0	0	1000	0	45	-1	-5	-1
825	45	0	0	1000	0	45	-1	-5	-1
826	45	0	0	1000	0	45	-1	-5	-1
827	45	0	0	1000	0	45	-1	-5	-1
828	45	0	0	1000	0	45	-1	-5	-1
829	45	0	0	1000	0	45	-1	-5	-1
830	45	0	0	1000	0	45	-1	-5	-1
831	45	0	0	1000	0	45	-1	-5	-1
832	45	0	0	1000	0	45	-1	-5	-1
833	45	0	0	1000	0	45	-1	-5	-1
834	45	0	0	1000	0	45	-1	-5	-1
835	45	0	0	1000	0	45	-1	-5	-1
836	45	0	0	1000	0	45	-1	-5	-1
837	45	0	0	1000	0	45	-1	-5	-1
838	45	0	0	1000	0	45	-1	-5	-1
839	45	0	0	1000	0	45	-1	-5	-1
840	45	0	0	1000	0	45	-1	-5	-1
841	45	0	0	1000	0	45	-1	-5	-1
842	45	0	0	1000	0	45	-1	-5	-1
843	45	0	0	1000	0	45	-1	-5	-1
844	45	0	0	1000	0	45	-1	-5	-1
845	45	0	0	1000	0	45	-1	-5	-1
846	45	0	0	1000	0	45	-1	-5	-1
847	45	0	0	1000	0	45	-1	-5	-1
848	45	0	0	1000	0	45	-1	-5	-1
849	45	0	0	1000	0	45	-1	-5	-1
850	45	0	0	1000	0	45	-1	-5	-1
851	45	0	0	1000	0	45	-1	-5	-1
852	45	0	0	1000	0	45	-1	-5	-1
853	45	0	0	1000	0	45	-1	-5	-1
854	45	0	0	1000	0	45	-1	-5	-1
855	45	0	0	1000	0	45	-1	-5	-1
856	45	0	0	1000	0	45	-1	-5	-1
857	45	0	0	1000	0	45	-1	-5	-1
858	45	0	0	1000	0	45	-1	-5	-1
859	45	0	0	1000	0	45	-1	-5	-1
860	45	0	0	1000	0	45	-1	-5	-1
861	45	0	0	1000	0	45	-1	-5	-1
862	45	0	0	1000	0	45	-1	-5	-1
863	45	0	0	1000	0	45	-1	-5	-1
864	45	0	0	1000	0	45	-1	-5	-1
865	45	0	0	1000	0	45	-1	-5	-1
866	45	0	0	1000	0	45	-1	-5	-1
867	45	0	0	1000	0	45	-1	-5	-1
868	45	0	0	1000	0	45	-1	-5	-1
869	45	0	0	1000	0	45	-1	-5	-1
870	45	0	0	1000	0	45	-1	-5	-1
871	45	0	0	1000	0	45	-1	-5	-1
872	45	0	0	1000	0	45	-1	-5	-1
873	45	0	0	1000	0	45	-1	-5	-1
874	45	0	0	1000	0	45	-1	-5	-1
875	45	0	0	1000	0	45	-1	-5	-1
876	45	0	0	1000	0	45	-1	-5	-1
877	45	0	0	1000	0	45	-1	-5	-1
878	45	0	0	1000	0	45	-1	-5	-1
879	45	0	0	1000	0	45	-1	-5	-1
880	45	0	0	1000	0	45	-1	-5	-1
881	45	0	0	1000	0	45	-1	-5	-1
882	45	0	0	1000	0	45	-1	-5	-1
883	45	0	0	1000	0	45	-1	-5	-1
884	45	0	0	1000	0	45	-1	-5	-1
885	45	0	0	1000	0	45	-1	-5	-1
886	45	0	0	1000	0	45	-1	-5	-1
887	45	0	0	1000	0	45	-1	-5	-1
888	45	0	0	1000	0	45	-1	-5	-1
889	45	0	0	1000	0	45	-1	-5	-1
890	45	0	0	1000	0	45	-1	-5	-1
891	45	0	0	1000	0	45	-1	-5	-1
892	45	0	0	1000	0	45	-1	-5	-1
893	45	0	0	1000	0	45	-1	-5	-1
894	45	0	0	1000	0	45	-1	-5	-1
895	45	0	0	1000	0	45	-1	-5	-1
896	45	0	0	1000	0	45	-1	-5	-1
897	45	0	0	1000	0	45	-1	-5	-1
898	45	0	0	1000	0	45	-1	-5	-1
899	45	0	0	1000	0	45	-1	-5	-1
900	45	0	0	1000	0	45	-1	-5	-1
901	45	0	0	1000	0	45	-1	-5	-1
902	45	0	0	1000	0	45	-1	-5	-1
903	45	0	0	1000	0	45	-1	-5	-1
904	45	0	0	1000	0	45	-1	-5	-1
905	45	0	0	1000	0	45	-1	-5	-1
906	45	0	0	1000	0	45	-1	-5	-1
907	45	0	0	1000	0	45	-1	-5	-1
908	45	0	0	1000	0	45	-1	-5	-1
909	45	0	0	1000	0	45	-1	-5	-1
910	45	0	0	1000	0	45	-1	-5	-1
911	45	0	0	1000	0	45	-1	-5	-1
912	45	0	0	1000	0	45	-1	-5	-1
913	45	0	0	1000	0	45	-1	-5	-1
914	45	0	0	1000	0	45	-1	-5	-1
915	45	0	0	1000	0	45	-1	-5	-1
916	45	0	0	1000	0	45	-1	-5	-1
917	45	0	0	1000	0	45	-1	-5	-1
918	45	0	0	1000	0	45	-1	-5	-1
919	45	0	0	1000	0	45	-1	-5	-1
920	45	0	0	1000	0	45	-1	-5	-1
921	45	0	0	1000	0	45	-1	-5	-1
922	45	0	0	1000	0	45	-1	-5	-1
923	45	0	0	1000	0	45	-1	-5	-1
924	45	0	0	1000	0	45	-1	-5	-1
925	45	0	0	1000	0	45	-1	-5	-1
926	45	0	0	1000	0	45	-1	-5	-1
927	45	0	0	1000	0	45	-1	-5	-1
928	45	0	0	1000	0	45	-1	-5	-1
929	45	0	0	1000	0	45	-1	-5	-1
930	45	0	0	1000	0	45	-1	-5	-1
931	45	0	0	1000	0	45	-1	-5	-1
932	45	0	0	1000	0	45	-1	-5	-1
933	45	0	0	1000	0	45	-1	-5	-1
934	45	0	0	1000	0	45	-1	-5	-1
935	45	0	0	1000	0	45	-1	-5	-1
936	45	0	0	1000	0	45	-1	-5	-1
937	45	0	0	1000	0	45	-1	-5	-1
938	45	0	0	1000	0	45	-1	-5	-1
939	45	0	0	1000	0	45	-1	-5	-1
940	45	0	0	1000	0	45	-1	-5	-1
941	45	0	0	1000	0	45	-1	-5	-1
942	45	0	0	1000	0	45	-1	-5	-1
943	45	0	0	1000	0	45	-1	-5	-1
944	45	0	0	1000	0	45	-1	-5	-1
945	45	0	0	1000	0	45	-1	-5	-1
946	45	0	0	1000	0	45	-1	-5	-1
947	45	0	0	1000	0	45	-1	-5	-1
948	45	0	0	1000	0	45	-1	-5	-1
949	45	0	0	1000	0	45	-1	-5	-1
950	45	0	0	1000	0	45	-1	-5	-1
951	45	0	0	1000	0	45	-1	-5	-1
952	45	0	0	1000	0	45	-1	-5	-1
953	45	0	0	1000	0	45	-1	-5	-1
954	45	0	0	1000	0	45	-1	-5	-1
955	45	0	0	1000	0	45	-1	-5	-1
956	45	0	0	1000	0	45	-1	-5	-1
957	45	0	0	1000	0	45	-1	-5	-1
958	45	0	0	1000	0	45	-1	-5	-1
959	45	0	0	1000	0	45	-1	-5	-1
960	45	0	0	1000	0	45	-1	-5	-1
961	45	0	0	1000	0	45	-1	-5	-1
962	45	0	0	1000	0	45	-1	-5	-1
963	45	0	0	1000	0	45	-1	-5	-1
964	45	0	0	1000	0	45	-1	-5	-1
965	45	0	0	1000	0	45	-1	-5	-1
966	45	0	0	1000	0	45	-1	-5	-1
967	45	0	0	1000	0	45	-1	-5	-1
968	45	0	0	1000	0	45	-1	-5	-1
969	45	0	0	1000	0	45	-1	-5	-1
970	45	0	0	1000	0	45	-1	-5	-1
971	45	0	0	1000	0	45	-1	-5	-1
972	45	0	0	1000	0	45	-1	-5	-1
973	45	0	0	1000	0	45	-1	-5	-1
974	45	0	0	1000	0	45	-1	-5	-1
975	45	0	0	1000	0	45	-1	-5	-1
976	45	0	0	1000	0	45	-1	-5	-1
977	45	0	0	1000	0	45	-1	-5	-1
978	45	0	0	1000	0	45	-1	-5	-1
979	45	0	0	1000	0	45	-1	-5	-1
980	45	0	0	1000	0	45	-1	-5	-1
981	45	0	0	1000	0	45	-1	-5	-1
982	45	0	0	1000	0	45	-1	-5	-1
983	45	0	0	1000	0	45	-1	-5	-1
984	45	0	0	1000	0	45	-1	-5	-1
985	45	0	0	1000	0	45	-1	-5	-1
986	45	0	0	1000	0	45	-1	-5	-1
987	45	0	0	1000	0	45	-1	-5	-1
988	45	0	0	1000	0	45	-1	-5	-1
989	45	0	0	1000	0	45	-1	-5	-1
990	45	0	0	1000	0	45	-1	-5	-1
991	45	0	0	1000	0	45	-1	-5	-1
992	45	0	0	1000	0	45	-1	-5	-1
993	45	0	0	1000	0	45	-1	-5	-1
994	45	0	0	1000	0	45	-1	-5	-1
995	45	0	0	1000	0	45	-1	-5	-1
996	45	0	0	1000	0	45	-1	-5	-1
997	45	0	0	1000	0	45	-1	-5	-1
998	45	0	0	1000	0	45	-1	-5	-1
999	45	0	0	1000	0	45	-1	-5	-1
1000	45	0	0	1000	0	45	-1	-5	-1
1001	45	0	0	1000	0	45	-1	-5	-1
1002	45	0	0	1000	0	45	-1	-5	-1
1003	45	0	0	1000	0	45	-1	-5	-1
1004	45	0	0	1000	0	45	-1	-5	-1
1005	45	0	0	1000	0	45	-1	-5	-1
1006	45	0	0	1000	0	45	-1	-5	-1
1007	45	0	0	1000	0	45	-1	-5	-1
1008	45	0	0	1000	0	45	-1	-5	-1
1009	45	0	0	1000	0	45	-1	-5	-1
1010	45	0	0	1000	0	45	-1	-5	-1
1011	45	0	0	1000	0	45	-1	-5	-1
1012	45	0	0	1000	0	45	-1	-5	-1
1013	45	1	1	1000	1013	45	45	-5	-1
1014	45	1	1	1000	1013	45	45	-5	-1
1015	45	1	1	1000	1013	45	45	-5	-1
1016	45	1	1	1000	1013	45	45	-5	-1
1017	45	1	1	1000	1013	45	45	-5	-1
1018	45	1	1	1000	1013	45	45	-5	-1
1019	45	1	1	1000	1013	45	45	-5	-1
1020	45	1	1	1000	1013	45	45	-5	-1
1021	45	1	1	1000	1013	45	45	-5	-1
1022	45	1	1	1000	1013	45	45	-5	-1
1023	45	1	1	1000	1013	45	45	-5	-1
1024	45	1	1	1000	1013	45	45	-5	-1
1025	45	1	1	1000	1013	45	45	-5	-1
1026	45	1	1	1000	1013	45	45	-5	-1
1027	45	1	1	1000	1013	45	45	-5	-1
1028	45	1	1	1000	1013	45	45	-5	-1
1029	45	1	1	1000	1013	45	45	-5	-1
1030	45	1	1	1000	1013	45	45	-5	-1
1031	45	1	1	1000	1013	45	45	-5	-1
1032	45	1	1	1000	1013	45	45	-5	-1
1033	45	1	1	1000	1013	45	45	-5	-1
1034	45	1	1	1000	1013	45	45	-5	-1
1035	45	1	1	1000	1013	45	45	-5	-1
1036	45	1	1	1000	1013	45	45	-5	-1
1037	45	1	1	1000	1013	45	45	-5	-1
1038	45	1	1	1000	1013	45	45	-5	-1
1039	45	1	1	1000	1013	45	45	-5	-1
1040	45	1	1	1000	1013	45	45	-5	-1
1041	45	1	1	1000	1013	45	45	-5	-1
1042	45	1	1	1000	1013	45	45	-5	-1
1043	45	1	1	1000	1013	45	45	-5	-1
1044	45	1	1	1000	1013	45	45	-5	-1
1045	45	1	1	1000	1013	45	45	-5	-1
1046	45	1	1	1000	1013	45	45	-5	-1
1047	45	1	1	1000	1013	45	45	-5	-1
1048	45	1	1	1000	1013	45	45	-5	-1
1049	45	1	1	1000	1013	45	45	-5	-1
1050	45	1	1	1000	1013	45	45	-5	-1
1051	45	1	1	1000	1013	45	45	-5	-1
1052	45	1	1	1000	1013	45	45	-5	-1
1053	45	1	1	1000	1013	45	45	-5	-1
1054	45	1	1	1000	1013	45	45	-5	-1
1055	45	1	1	1000	1013	45	45	-5	-1
1056	45	1	1	1000	1013	45	45	-5	-1
1057	45	1	1	1000	1013	45	45	-5	-1
1058	45	1	1	1000	1013	45	45	-5	-1
1059	45	1	1	1000	1013	45	45	-5	-1
1060	45	1	1	1000	1013	45	45	-5	-1
1061	45	1	1	1000	1013	45	45	-5	-1
1062	45	1	1	1000	1013	45	45	-5	-1
1063	45	1	1	1000	1013	45	45	-5	-1
1064	45	1	1	1000	1013	45	45	-5	-1
1065	45	1	1	1000	1013	45	45	-5	-1
1066	45	1	1	1000	1013	45	45	-5	-1
1067	45	1	1	1000	1013	45	45	-5	-1
1068	45	1	1	1000	1013	45	45	-5	-1
1069	45	1	1	1000	1013	45	45	-5	-1
1070	45	1	1	1000	1013	45	45	-5	-1
1071	45	1	1	1000	1013	45	45	-5	-1
1072	45	1	1	1000	1013	45	45	-5	-1
1073	45	1	1	1000	1013	45	45	-5	-1
1074	45	1	1	1000	1013	45	45	-5	-1
1075	45	1	1	1000	1013	45	45	-5	-1
1076	45	1	1	1000	1013	45	45	-5	-1
1077	45	1	1	1000	1013	45	45	-5	-1
1078	45	1	1	1000	1013	45	45	-5	-1
1079	45	1	1	1000	1013	45	45	-5	-1
1080	45	1	1	1000	1013	45	45	-5	-1
1081	45	1	1	1000	1013	45	45	-5	-1
1082	45	1	1	1000	1013	45	45	-5	-1
1083	45	1	1	1000	1013	45	45	-5	-1
1084	45	1	1	1000	1013	45	45	-5	-1
1085	45	1	1	1000	1013	45	45	-5	-1
1086	45	1	1	1000	1013	45	45	-5	-1
1087	45	1	1	1000	1013	45	45	-5	-1
1088	45	1	1	1000	1013	45	45	-5	-1
1089	45	1	1	1000	1013	45	45	-5	-1
1090	45	1	1	1000	1013	45	45	-5	-1
1091	45	1	1	1000	1013	45	45	-5	-1
1092	45	1	1	1000	1013	45	45	-5	-1
1093	45	1	1	1000	1013	45	45	-5	-1
1094	45	1	1	1000	1013	45	45	-5	-1
1095	45	1	1	1000	1013	45	45	-5	-1
1096	45	1	1	1000	1013	45	45	-5	-1
1097	45	1	1	1000	1013	45	45	-5	-1
1098	45	1	1	1000	1013	45	45	-5	-1
