1	15	0	0	1000	0	15	-1	3	-6
2	15	0	0	1000	0	15	-1	3	-6
3	15	0	0	1000	0	15	-1	3	-6
4	15	0	0	1000	0	15	-1	3	-6
5	15	0	0	1000	0	15	-1	3	-6
6	15	0	0	1000	0	15	-1	3	-6
7	15	0	0	1000	0	15	-1	3	-6
8	15	0	0	1000	0	15	-1	3	-6
9	15	0	0	1000	0	15	-1	3	-6
10	15	0	0	1000	0	15	-1	3	-6
11	15	0	0	1000	0	15	-1	3	-6
12	15	0	0	1000	0	15	-1	3	-6
13	15	0	0	1000	0	15	-1	3	-6
14	15	0	0	1000	0	15	-1	3	-6
15	15	0	0	1000	0	15	-1	3	-6
16	15	0	0	1000	0	15	-1	3	-6
17	15	0	0	1000	0	15	-1	3	-6
18	15	0	0	1000	0	15	-1	3	-6
19	15	0	0	1000	0	15	-1	3	-6
20	15	0	0	1000	0	15	-1	3	-6
21	15	0	0	1000	0	15	-1	3	-6
22	15	0	0	1000	0	15	-1	3	-6
23	15	0	0	1000	0	15	-1	3	-6
24	15	0	0	1000	0	15	-1	3	-6
25	15	0	0	1000	0	15	-1	3	-6
26	15	0	0	1000	0	15	-1	3	-6
27	15	0	0	1000	0	15	-1	3	-6
28	15	0	0	1000	0	15	-1	3	-6
29	15	0	0	1000	0	15	-1	3	-6
30	15	0	0	1000	0	15	-1	3	-6
31	15	0	0	1000	0	15	-1	3	-6
32	15	0	0	1000	0	15	-1	3	-6
33	15	0	0	1000	0	15	-1	3	-6
34	15	0	0	1000	0	15	-1	3	-6
35	15	0	0	1000	0	15	-1	3	-6
36	15	0	0	1000	0	15	-1	3	-6
37	15	0	0	1000	0	15	-1	3	-6
38	15	0	0	1000	0	15	-1	3	-6
39	15	0	0	1000	0	15	-1	3	-6
40	15	0	0	1000	0	15	-1	3	-6
41	15	0	0	1000	0	15	-1	3	-6
42	15	0	0	1000	0	15	-1	3	-6
43	15	0	0	1000	0	15	-1	3	-6
44	15	0	0	1000	0	15	-1	3	-6
45	15	0	0	1000	0	15	-1	3	-6
46	15	0	0	1000	0	15	-1	3	-6
47	15	0	0	1000	0	15	-1	3	-6
48	15	0	0	1000	0	15	-1	3	-6
49	15	0	0	1000	0	15	-1	3	-6
50	15	0	0	1000	0	15	-1	3	-6
51	15	0	0	1000	0	15	-1	3	-6
52	15	0	0	1000	0	15	-1	3	-6
53	15	0	0	1000	0	15	-1	3	-6
54	15	0	0	1000	0	15	-1	3	-6
55	15	0	0	1000	0	15	-1	3	-6
56	15	0	0	1000	0	15	-1	3	-6
57	15	0	0	1000	0	15	-1	3	-6
58	15	0	0	1000	0	15	-1	3	-6
59	15	0	0	1000	0	15	-1	3	-6
60	15	0	0	1000	0	15	-1	3	-6
61	15	0	0	1000	0	15	-1	3	-6
62	15	0	0	1000	0	15	-1	3	-6
63	15	0	0	1000	0	15	-1	3	-6
64	15	0	0	1000	0	15	-1	3	-6
65	15	0	0	1000	0	15	-1	3	-6
66	15	0	0	1000	0	15	-1	3	-6
67	15	0	0	1000	0	15	-1	3	-6
68	15	0	0	1000	0	15	-1	3	-6
69	15	0	0	1000	0	15	-1	3	-6
70	15	0	0	1000	0	15	-1	3	-6
71	15	0	0	1000	0	15	-1	3	-6
72	15	0	0	1000	0	15	-1	3	-6
73	15	0	0	1000	0	15	-1	3	-6
74	15	0	0	1000	0	15	-1	3	-6
75	15	0	0	1000	0	15	-1	3	-6
76	15	0	0	1000	0	15	-1	3	-6
77	15	0	0	1000	0	15	-1	3	-6
78	15	0	0	1000	0	15	-1	3	-6
79	15	0	0	1000	0	15	-1	3	-6
80	15	0	0	1000	0	15	-1	3	-6
81	15	0	0	1000	0	15	-1	3	-6
82	15	0	0	1000	0	15	-1	3	-6
83	15	0	0	1000	0	15	-1	3	-6
84	15	0	0	1000	0	15	-1	3	-6
85	15	0	0	1000	0	15	-1	3	-6
86	15	0	0	1000	0	15	-1	3	-6
87	15	0	0	1000	0	15	-1	3	-6
88	15	0	0	1000	0	15	-1	3	-6
89	15	0	0	1000	0	15	-1	3	-6
90	15	0	0	1000	0	15	-1	3	-6
91	15	0	0	1000	0	15	-1	3	-6
92	15	0	0	1000	0	15	-1	3	-6
93	15	0	0	1000	0	15	-1	3	-6
94	15	0	0	1000	0	15	-1	3	-6
95	15	0	0	1000	0	15	-1	3	-6
96	15	0	0	1000	0	15	-1	3	-6
97	15	0	0	1000	0	15	-1	3	-6
98	15	0	0	1000	0	15	-1	3	-6
99	15	0	0	1000	0	15	-1	3	-6
100	15	0	0	1000	0	15	-1	3	-6
101	15	0	0	1000	0	15	-1	3	-6
102	15	0	0	1000	0	15	-1	3	-6
103	15	0	0	1000	0	15	-1	3	-6
104	15	0	0	1000	0	15	-1	3	-6
105	15	0	0	1000	0	15	-1	3	-6
106	15	0	0	1000	0	15	-1	3	-6
107	15	0	0	1000	0	15	-1	3	-6
108	15	0	0	1000	0	15	-1	3	-6
109	15	0	0	1000	0	15	-1	3	-6
110	15	0	0	1000	0	15	-1	3	-6
111	15	0	0	1000	0	15	-1	3	-6
112	15	0	0	1000	0	15	-1	3	-6
113	15	0	0	1000	0	15	-1	3	-6
114	15	0	0	1000	0	15	-1	3	-6
115	15	0	0	1000	0	15	-1	3	-6
116	15	0	0	1000	0	15	-1	3	-6
117	15	0	0	1000	0	15	-1	3	-6
118	15	0	0	1000	0	15	-1	3	-6
119	15	0	0	1000	0	15	-1	3	-6
120	15	0	0	1000	0	15	-1	3	-6
121	15	0	0	1000	0	15	-1	3	-6
122	15	0	0	1000	0	15	-1	3	-6
123	15	0	0	1000	0	15	-1	3	-6
124	15	0	0	1000	0	15	-1	3	-6
125	15	0	0	1000	0	15	-1	3	-6
126	15	0	0	1000	0	15	-1	3	-6
127	15	0	0	1000	0	15	-1	3	-6
128	15	0	0	1000	0	15	-1	3	-6
129	15	0	0	1000	0	15	-1	3	-6
130	15	0	0	1000	0	15	-1	3	-6
131	15	0	0	1000	0	15	-1	3	-6
132	15	0	0	1000	0	15	-1	3	-6
133	15	0	0	1000	0	15	-1	3	-6
134	15	0	0	1000	0	15	-1	3	-6
135	15	0	0	1000	0	15	-1	3	-6
136	15	0	0	1000	0	15	-1	3	-6
137	15	0	0	1000	0	15	-1	3	-6
138	15	0	0	1000	0	15	-1	3	-6
139	15	0	0	1000	0	15	-1	3	-6
140	15	0	0	1000	0	15	-1	3	-6
141	15	0	0	1000	0	15	-1	3	-6
142	15	0	0	1000	0	15	-1	3	-6
143	15	0	0	1000	0	15	-1	3	-6
144	15	0	0	1000	0	15	-1	3	-6
145	15	0	0	1000	0	15	-1	3	-6
146	15	0	0	1000	0	15	-1	3	-6
147	15	0	0	1000	0	15	-1	3	-6
148	15	0	0	1000	0	15	-1	3	-6
149	15	0	0	1000	0	15	-1	3	-6
150	15	0	0	1000	0	15	-1	3	-6
151	15	0	0	1000	0	15	-1	3	-6
152	15	0	0	1000	0	15	-1	3	-6
153	15	0	0	1000	0	15	-1	3	-6
154	15	0	0	1000	0	15	-1	3	-6
155	15	0	0	1000	0	15	-1	3	-6
156	15	0	0	1000	0	15	-1	3	-6
157	15	0	0	1000	0	15	-1	3	-6
158	15	0	0	1000	0	15	-1	3	-6
159	15	0	0	1000	0	15	-1	3	-6
160	15	0	0	1000	0	15	-1	3	-6
161	15	0	0	1000	0	15	-1	3	-6
162	15	0	0	1000	0	15	-1	3	-6
163	15	0	0	1000	0	15	-1	3	-6
164	15	0	0	1000	0	15	-1	3	-6
165	15	0	0	1000	0	15	-1	3	-6
166	15	0	0	1000	0	15	-1	3	-6
167	15	0	0	1000	0	15	-1	3	-6
168	15	0	0	1000	0	15	-1	3	-6
169	15	0	0	1000	0	15	-1	3	-6
170	15	0	0	1000	0	15	-1	3	-6
171	15	0	0	1000	0	15	-1	3	-6
172	15	0	0	1000	0	15	-1	3	-6
173	15	0	0	1000	0	15	-1	3	-6
174	15	0	0	1000	0	15	-1	3	-6
175	15	0	0	1000	0	15	-1	3	-6
176	15	0	0	1000	0	15	-1	3	-6
177	15	0	0	1000	0	15	-1	3	-6
178	15	0	0	1000	0	15	-1	3	-6
179	15	0	0	1000	0	15	-1	3	-6
180	15	0	0	1000	0	15	-1	3	-6
181	15	0	0	1000	0	15	-1	3	-6
182	15	0	0	1000	0	15	-1	3	-6
183	15	0	0	1000	0	15	-1	3	-6
184	15	0	0	1000	0	15	-1	3	-6
185	15	0	0	1000	0	15	-1	3	-6
186	15	0	0	1000	0	15	-1	3	-6
187	15	0	0	1000	0	15	-1	3	-6
188	15	0	0	1000	0	15	-1	3	-6
189	15	0	0	1000	0	15	-1	3	-6
190	15	0	0	1000	0	15	-1	3	-6
191	15	0	0	1000	0	15	-1	3	-6
192	15	0	0	1000	0	15	-1	3	-6
193	15	0	0	1000	0	15	-1	3	-6
194	15	0	0	1000	0	15	-1	3	-6
195	15	0	0	1000	0	15	-1	3	-6
196	15	0	0	1000	0	15	-1	3	-6
197	15	0	0	1000	0	15	-1	3	-6
198	15	0	0	1000	0	15	-1	3	-6
199	15	0	0	1000	0	15	-1	3	-6
200	15	0	0	1000	0	15	-1	3	-6
201	15	0	0	1000	0	15	-1	3	-6
202	15	0	0	1000	0	15	-1	3	-6
203	15	0	0	1000	0	15	-1	3	-6
204	15	0	0	1000	0	15	-1	3	-6
205	15	0	0	1000	0	15	-1	3	-6
206	15	0	0	1000	0	15	-1	3	-6
207	15	0	0	1000	0	15	-1	3	-6
208	15	0	0	1000	0	15	-1	3	-6
209	15	0	0	1000	0	15	-1	3	-6
210	15	0	0	1000	0	15	-1	3	-6
211	15	0	0	1000	0	15	-1	3	-6
212	15	0	0	1000	0	15	-1	3	-6
213	15	0	0	1000	0	15	-1	3	-6
214	15	0	0	1000	0	15	-1	3	-6
215	15	0	0	1000	0	15	-1	3	-6
216	15	0	0	1000	0	15	-1	3	-6
217	15	0	0	1000	0	15	-1	3	-6
218	15	0	0	1000	0	15	-1	3	-6
219	15	0	0	1000	0	15	-1	3	-6
220	15	0	0	1000	0	15	-1	3	-6
221	15	0	0	1000	0	15	-1	3	-6
222	15	0	0	1000	0	15	-1	3	-6
223	15	0	0	1000	0	15	-1	3	-6
224	15	0	0	1000	0	15	-1	3	-6
225	15	0	0	1000	0	15	-1	3	-6
226	15	0	0	1000	0	15	-1	3	-6
227	15	0	0	1000	0	15	-1	3	-6
228	15	0	0	1000	0	15	-1	3	-6
229	15	0	0	1000	0	15	-1	3	-6
230	15	0	0	1000	0	15	-1	3	-6
231	15	0	0	1000	0	15	-1	3	-6
232	15	0	0	1000	0	15	-1	3	-6
233	15	0	0	1000	0	15	-1	3	-6
234	15	0	0	1000	0	15	-1	3	-6
235	15	0	0	1000	0	15	-1	3	-6
236	15	0	0	1000	0	15	-1	3	-6
237	15	0	0	1000	0	15	-1	3	-6
238	15	0	0	1000	0	15	-1	3	-6
239	15	0	0	1000	0	15	-1	3	-6
240	15	0	0	1000	0	15	-1	3	-6
241	15	0	0	1000	0	15	-1	3	-6
242	15	0	0	1000	0	15	-1	3	-6
243	15	0	0	1000	0	15	-1	3	-6
244	15	0	0	1000	0	15	-1	3	-6
245	15	0	0	1000	0	15	-1	3	-6
246	15	0	0	1000	0	15	-1	3	-6
247	15	0	0	1000	0	15	-1	3	-6
248	15	0	0	1000	0	15	-1	3	-6
249	15	0	0	1000	0	15	-1	3	-6
250	15	0	0	1000	0	15	-1	3	-6
251	15	0	0	1000	0	15	-1	3	-6
252	15	0	0	1000	0	15	-1	3	-6
253	15	0	0	1000	0	15	-1	3	-6
254	15	0	0	1000	0	15	-1	3	-6
255	15	0	0	1000	0	15	-1	3	-6
256	15	0	0	1000	0	15	-1	3	-6
257	15	0	0	1000	0	15	-1	3	-6
258	15	0	0	1000	0	15	-1	3	-6
259	15	0	0	1000	0	15	-1	3	-6
260	15	0	0	1000	0	15	-1	3	-6
261	15	0	0	1000	0	15	-1	3	-6
262	15	0	0	1000	0	15	-1	3	-6
263	15	0	0	1000	0	15	-1	3	-6
264	15	0	0	1000	0	15	-1	3	-6
265	15	0	0	1000	0	15	-1	3	-6
266	15	0	0	1000	0	15	-1	3	-6
267	15	0	0	1000	0	15	-1	3	-6
268	15	0	0	1000	0	15	-1	3	-6
269	15	0	0	1000	0	15	-1	3	-6
270	15	0	0	1000	0	15	-1	3	-6
271	15	0	0	1000	0	15	-1	3	-6
272	15	0	0	1000	0	15	-1	3	-6
273	15	0	0	1000	0	15	-1	3	-6
274	15	0	0	1000	0	15	-1	3	-6
275	15	0	0	1000	0	15	-1	3	-6
276	15	0	0	1000	0	15	-1	3	-6
277	15	0	0	1000	0	15	-1	3	-6
278	15	0	0	1000	0	15	-1	3	-6
279	15	0	0	1000	0	15	-1	3	-6
280	15	0	0	1000	0	15	-1	3	-6
281	15	0	0	1000	0	15	-1	3	-6
282	15	0	0	1000	0	15	-1	3	-6
283	15	0	0	1000	0	15	-1	3	-6
284	15	0	0	1000	0	15	-1	3	-6
285	15	0	0	1000	0	15	-1	3	-6
286	15	0	0	1000	0	15	-1	3	-6
287	15	0	0	1000	0	15	-1	3	-6
288	15	0	0	1000	0	15	-1	3	-6
289	15	0	0	1000	0	15	-1	3	-6
290	15	0	0	1000	0	15	-1	3	-6
291	15	0	0	1000	0	15	-1	3	-6
292	15	0	0	1000	0	15	-1	3	-6
293	15	0	0	1000	0	15	-1	3	-6
294	15	0	0	1000	0	15	-1	3	-6
295	15	0	0	1000	0	15	-1	3	-6
296	15	0	0	1000	0	15	-1	3	-6
297	15	0	0	1000	0	15	-1	3	-6
298	15	0	0	1000	0	15	-1	3	-6
299	15	0	0	1000	0	15	-1	3	-6
300	15	0	0	1000	0	15	-1	3	-6
301	15	0	0	1000	0	15	-1	3	-6
302	15	0	0	1000	0	15	-1	3	-6
303	15	0	0	1000	0	15	-1	3	-6
304	15	0	0	1000	0	15	-1	3	-6
305	15	0	0	1000	0	15	-1	3	-6
306	15	0	0	1000	0	15	-1	3	-6
307	15	0	0	1000	0	15	-1	3	-6
308	15	0	0	1000	0	15	-1	3	-6
309	15	0	0	1000	0	15	-1	3	-6
310	15	0	0	1000	0	15	-1	3	-6
311	15	0	0	1000	0	15	-1	3	-6
312	15	0	0	1000	0	15	-1	3	-6
313	15	0	0	1000	0	15	-1	3	-6
314	15	0	0	1000	0	15	-1	3	-6
315	15	0	0	1000	0	15	-1	3	-6
316	15	0	0	1000	0	15	-1	3	-6
317	15	0	0	1000	0	15	-1	3	-6
318	15	0	0	1000	0	15	-1	3	-6
319	15	0	0	1000	0	15	-1	3	-6
320	15	0	0	1000	0	15	-1	3	-6
321	15	0	0	1000	0	15	-1	3	-6
322	15	0	0	1000	0	15	-1	3	-6
323	15	0	0	1000	0	15	-1	3	-6
324	15	0	0	1000	0	15	-1	3	-6
325	15	0	0	1000	0	15	-1	3	-6
326	15	0	0	1000	0	15	-1	3	-6
327	15	0	0	1000	0	15	-1	3	-6
328	15	0	0	1000	0	15	-1	3	-6
329	15	0	0	1000	0	15	-1	3	-6
330	15	0	0	1000	0	15	-1	3	-6
331	15	0	0	1000	0	15	-1	3	-6
332	15	0	0	1000	0	15	-1	3	-6
333	15	0	0	1000	0	15	-1	3	-6
334	15	0	0	1000	0	15	-1	3	-6
335	15	0	0	1000	0	15	-1	3	-6
336	15	0	0	1000	0	15	-1	3	-6
337	15	0	0	1000	0	15	-1	3	-6
338	15	0	0	1000	0	15	-1	3	-6
339	15	0	0	1000	0	15	-1	3	-6
340	15	0	0	1000	0	15	-1	3	-6
341	15	0	0	1000	0	15	-1	3	-6
342	15	0	0	1000	0	15	-1	3	-6
343	15	0	0	1000	0	15	-1	3	-6
344	15	0	0	1000	0	15	-1	3	-6
345	15	0	0	1000	0	15	-1	3	-6
346	15	0	0	1000	0	15	-1	3	-6
347	15	0	0	1000	0	15	-1	3	-6
348	15	0	0	1000	0	15	-1	3	-6
349	15	0	0	1000	0	15	-1	3	-6
350	15	0	0	1000	0	15	-1	3	-6
351	15	0	0	1000	0	15	-1	3	-6
352	15	0	0	1000	0	15	-1	3	-6
353	15	0	0	1000	0	15	-1	3	-6
354	15	0	0	1000	0	15	-1	3	-6
355	15	0	0	1000	0	15	-1	3	-6
356	15	0	0	1000	0	15	-1	3	-6
357	15	0	0	1000	0	15	-1	3	-6
358	15	0	0	1000	0	15	-1	3	-6
359	15	0	0	1000	0	15	-1	3	-6
360	15	0	0	1000	0	15	-1	3	-6
361	15	0	0	1000	0	15	-1	3	-6
362	15	0	0	1000	0	15	-1	3	-6
363	15	0	0	1000	0	15	-1	3	-6
364	15	0	0	1000	0	15	-1	3	-6
365	15	0	0	1000	0	15	-1	3	-6
366	15	0	0	1000	0	15	-1	3	-6
367	15	0	0	1000	0	15	-1	3	-6
368	15	0	0	1000	0	15	-1	3	-6
369	15	0	0	1000	0	15	-1	3	-6
370	15	0	0	1000	0	15	-1	3	-6
371	15	0	0	1000	0	15	-1	3	-6
372	15	0	0	1000	0	15	-1	3	-6
373	15	0	0	1000	0	15	-1	3	-6
374	15	0	0	1000	0	15	-1	3	-6
375	15	0	0	1000	0	15	-1	3	-6
376	15	0	0	1000	0	15	-1	3	-6
377	15	0	0	1000	0	15	-1	3	-6
378	15	0	0	1000	0	15	-1	3	-6
379	15	0	0	1000	0	15	-1	3	-6
380	15	0	0	1000	0	15	-1	3	-6
381	15	0	0	1000	0	15	-1	3	-6
382	15	0	0	1000	0	15	-1	3	-6
383	15	0	0	1000	0	15	-1	3	-6
384	15	0	0	1000	0	15	-1	3	-6
385	15	0	0	1000	0	15	-1	3	-6
386	15	0	0	1000	0	15	-1	3	-6
387	15	0	0	1000	0	15	-1	3	-6
388	15	0	0	1000	0	15	-1	3	-6
389	15	0	0	1000	0	15	-1	3	-6
390	15	0	0	1000	0	15	-1	3	-6
391	15	0	0	1000	0	15	-1	3	-6
392	15	0	0	1000	0	15	-1	3	-6
393	15	0	0	1000	0	15	-1	3	-6
394	15	0	0	1000	0	15	-1	3	-6
395	15	0	0	1000	0	15	-1	3	-6
396	15	0	0	1000	0	15	-1	3	-6
397	15	0	0	1000	0	15	-1	3	-6
398	15	0	0	1000	0	15	-1	3	-6
399	15	0	0	1000	0	15	-1	3	-6
400	15	0	0	1000	0	15	-1	3	-6
401	15	0	0	1000	0	15	-1	3	-6
402	15	0	0	1000	0	15	-1	3	-6
403	15	0	0	1000	0	15	-1	3	-6
404	15	0	0	1000	0	15	-1	3	-6
405	15	0	0	1000	0	15	-1	3	-6
406	15	0	0	1000	0	15	-1	3	-6
407	15	0	0	1000	0	15	-1	3	-6
408	15	0	0	1000	0	15	-1	3	-6
409	15	0	0	1000	0	15	-1	3	-6
410	15	0	0	1000	0	15	-1	3	-6
411	15	0	0	1000	0	15	-1	3	-6
412	15	0	0	1000	0	15	-1	3	-6
413	15	0	0	1000	0	15	-1	3	-6
414	15	0	0	1000	0	15	-1	3	-6
415	15	0	0	1000	0	15	-1	3	-6
416	15	0	0	1000	0	15	-1	3	-6
417	15	0	0	1000	0	15	-1	3	-6
418	15	0	0	1000	0	15	-1	3	-6
419	15	0	0	1000	0	15	-1	3	-6
420	15	0	0	1000	0	15	-1	3	-6
421	15	0	0	1000	0	15	-1	3	-6
422	15	0	0	1000	0	15	-1	3	-6
423	15	0	0	1000	0	15	-1	3	-6
424	15	0	0	1000	0	15	-1	3	-6
425	15	0	0	1000	0	15	-1	3	-6
426	15	0	0	1000	0	15	-1	3	-6
427	15	0	0	1000	0	15	-1	3	-6
428	15	0	0	1000	0	15	-1	3	-6
429	15	0	0	1000	0	15	-1	3	-6
430	15	0	0	1000	0	15	-1	3	-6
431	15	0	0	1000	0	15	-1	3	-6
432	15	0	0	1000	0	15	-1	3	-6
433	15	0	0	1000	0	15	-1	3	-6
434	15	0	0	1000	0	15	-1	3	-6
435	15	0	0	1000	0	15	-1	3	-6
436	15	0	0	1000	0	15	-1	3	-6
437	15	0	0	1000	0	15	-1	3	-6
438	15	0	0	1000	0	15	-1	3	-6
439	15	0	0	1000	0	15	-1	3	-6
440	15	0	0	1000	0	15	-1	3	-6
441	15	0	0	1000	0	15	-1	3	-6
442	15	0	0	1000	0	15	-1	3	-6
443	15	0	0	1000	0	15	-1	3	-6
444	15	0	0	1000	0	15	-1	3	-6
445	15	0	0	1000	0	15	-1	3	-6
446	15	0	0	1000	0	15	-1	3	-6
447	15	0	0	1000	0	15	-1	3	-6
448	15	0	0	1000	0	15	-1	3	-6
449	15	0	0	1000	0	15	-1	3	-6
450	15	0	0	1000	0	15	-1	3	-6
451	15	0	0	1000	0	15	-1	3	-6
452	15	0	0	1000	0	15	-1	3	-6
453	15	0	0	1000	0	15	-1	3	-6
454	15	0	0	1000	0	15	-1	3	-6
455	15	0	0	1000	0	15	-1	3	-6
456	15	0	0	1000	0	15	-1	3	-6
457	15	0	0	1000	0	15	-1	3	-6
458	15	0	0	1000	0	15	-1	3	-6
459	15	0	0	1000	0	15	-1	3	-6
460	15	0	0	1000	0	15	-1	3	-6
461	15	0	0	1000	0	15	-1	3	-6
462	15	0	0	1000	0	15	-1	3	-6
463	15	0	0	1000	0	15	-1	3	-6
464	15	0	0	1000	0	15	-1	3	-6
465	15	0	0	1000	0	15	-1	3	-6
466	15	0	0	1000	0	15	-1	3	-6
467	15	0	0	1000	0	15	-1	3	-6
468	15	0	0	1000	0	15	-1	3	-6
469	15	0	0	1000	0	15	-1	3	-6
470	15	0	0	1000	0	15	-1	3	-6
471	15	0	0	1000	0	15	-1	3	-6
472	15	0	0	1000	0	15	-1	3	-6
473	15	0	0	1000	0	15	-1	3	-6
474	15	0	0	1000	0	15	-1	3	-6
475	15	0	0	1000	0	15	-1	3	-6
476	15	0	0	1000	0	15	-1	3	-6
477	15	0	0	1000	0	15	-1	3	-6
478	15	0	0	1000	0	15	-1	3	-6
479	15	0	0	1000	0	15	-1	3	-6
480	15	0	0	1000	0	15	-1	3	-6
481	15	0	0	1000	0	15	-1	3	-6
482	15	0	0	1000	0	15	-1	3	-6
483	15	0	0	1000	0	15	-1	3	-6
484	15	0	0	1000	0	15	-1	3	-6
485	15	0	0	1000	0	15	-1	3	-6
486	15	0	0	1000	0	15	-1	3	-6
487	15	0	0	1000	0	15	-1	3	-6
488	15	0	0	1000	0	15	-1	3	-6
489	15	0	0	1000	0	15	-1	3	-6
490	15	0	0	1000	0	15	-1	3	-6
491	15	0	0	1000	0	15	-1	3	-6
492	15	0	0	1000	0	15	-1	3	-6
493	15	0	0	1000	0	15	-1	3	-6
494	15	0	0	1000	0	15	-1	3	-6
495	15	0	0	1000	0	15	-1	3	-6
496	15	0	0	1000	0	15	-1	3	-6
497	15	0	0	1000	0	15	-1	3	-6
498	15	0	0	1000	0	15	-1	3	-6
499	15	0	0	1000	0	15	-1	3	-6
500	15	0	0	1000	0	15	-1	3	-6
501	15	0	0	1000	0	15	-1	3	-6
502	15	0	0	1000	0	15	-1	3	-6
503	15	0	0	1000	0	15	-1	3	-6
504	15	0	0	1000	0	15	-1	3	-6
505	15	0	0	1000	0	15	-1	3	-6
506	15	0	0	1000	0	15	-1	3	-6
507	15	0	0	1000	0	15	-1	3	-6
508	15	0	0	1000	0	15	-1	3	-6
509	15	0	0	1000	0	15	-1	3	-6
510	15	0	0	1000	0	15	-1	3	-6
511	15	0	0	1000	0	15	-1	3	-6
512	15	0	0	1000	0	15	-1	3	-6
513	15	0	0	1000	0	15	-1	3	-6
514	15	0	0	1000	0	15	-1	3	-6
515	15	0	0	1000	0	15	-1	3	-6
516	15	0	0	1000	0	15	-1	3	-6
517	15	0	0	1000	0	15	-1	3	-6
518	15	0	0	1000	0	15	-1	3	-6
519	15	0	0	1000	0	15	-1	3	-6
520	15	0	0	1000	0	15	-1	3	-6
521	15	0	0	1000	0	15	-1	3	-6
522	15	0	0	1000	0	15	-1	3	-6
523	15	0	0	1000	0	15	-1	3	-6
524	15	0	0	1000	0	15	-1	3	-6
525	15	0	0	1000	0	15	-1	3	-6
526	15	0	0	1000	0	15	-1	3	-6
527	15	0	0	1000	0	15	-1	3	-6
528	15	0	0	1000	0	15	-1	3	-6
529	15	0	0	1000	0	15	-1	3	-6
530	15	0	0	1000	0	15	-1	3	-6
531	15	0	0	1000	0	15	-1	3	-6
532	15	0	0	1000	0	15	-1	3	-6
533	15	0	0	1000	0	15	-1	3	-6
534	15	0	0	1000	0	15	-1	3	-6
535	15	0	0	1000	0	15	-1	3	-6
536	15	0	0	1000	0	15	-1	3	-6
537	15	0	0	1000	0	15	-1	3	-6
538	15	0	0	1000	0	15	-1	3	-6
539	15	0	0	1000	0	15	-1	3	-6
540	15	0	0	1000	0	15	-1	3	-6
541	15	0	0	1000	0	15	-1	3	-6
542	15	0	0	1000	0	15	-1	3	-6
543	15	0	0	1000	0	15	-1	3	-6
544	15	0	0	1000	0	15	-1	3	-6
545	15	0	0	1000	0	15	-1	3	-6
546	15	0	0	1000	0	15	-1	3	-6
547	15	0	0	1000	0	15	-1	3	-6
548	15	0	0	1000	0	15	-1	3	-6
549	15	0	0	1000	0	15	-1	3	-6
550	15	0	0	1000	0	15	-1	3	-6
551	15	0	0	1000	0	15	-1	3	-6
552	15	0	0	1000	0	15	-1	3	-6
553	15	0	0	1000	0	15	-1	3	-6
554	15	0	0	1000	0	15	-1	3	-6
555	15	0	0	1000	0	15	-1	3	-6
556	15	0	0	1000	0	15	-1	3	-6
557	15	0	0	1000	0	15	-1	3	-6
558	15	0	0	1000	0	15	-1	3	-6
559	15	0	0	1000	0	15	-1	3	-6
560	15	0	0	1000	0	15	-1	3	-6
561	15	0	0	1000	0	15	-1	3	-6
562	15	0	0	1000	0	15	-1	3	-6
563	15	0	0	1000	0	15	-1	3	-6
564	15	0	0	1000	0	15	-1	3	-6
565	15	0	0	1000	0	15	-1	3	-6
566	15	0	0	1000	0	15	-1	3	-6
567	15	0	0	1000	0	15	-1	3	-6
568	15	0	0	1000	0	15	-1	3	-6
569	15	0	0	1000	0	15	-1	3	-6
570	15	0	0	1000	0	15	-1	3	-6
571	15	0	0	1000	0	15	-1	3	-6
572	15	0	0	1000	0	15	-1	3	-6
573	15	0	0	1000	0	15	-1	3	-6
574	15	0	0	1000	0	15	-1	3	-6
575	15	0	0	1000	0	15	-1	3	-6
576	15	0	0	1000	0	15	-1	3	-6
577	15	0	0	1000	0	15	-1	3	-6
578	15	0	0	1000	0	15	-1	3	-6
579	15	0	0	1000	0	15	-1	3	-6
580	15	0	0	1000	0	15	-1	3	-6
581	15	0	0	1000	0	15	-1	3	-6
582	15	0	0	1000	0	15	-1	3	-6
583	15	0	0	1000	0	15	-1	3	-6
584	15	0	0	1000	0	15	-1	3	-6
585	15	0	0	1000	0	15	-1	3	-6
586	15	0	0	1000	0	15	-1	3	-6
587	15	0	0	1000	0	15	-1	3	-6
588	15	0	0	1000	0	15	-1	3	-6
589	15	0	0	1000	0	15	-1	3	-6
590	15	0	0	1000	0	15	-1	3	-6
591	15	0	0	1000	0	15	-1	3	-6
592	15	0	0	1000	0	15	-1	3	-6
593	15	0	0	1000	0	15	-1	3	-6
594	15	0	0	1000	0	15	-1	3	-6
595	15	0	0	1000	0	15	-1	3	-6
596	15	0	0	1000	0	15	-1	3	-6
597	15	0	0	1000	0	15	-1	3	-6
598	15	0	0	1000	0	15	-1	3	-6
599	15	0	0	1000	0	15	-1	3	-6
600	15	0	0	1000	0	15	-1	3	-6
601	15	0	0	1000	0	15	-1	3	-6
602	15	0	0	1000	0	15	-1	3	-6
603	15	0	0	1000	0	15	-1	3	-6
604	15	0	0	1000	0	15	-1	3	-6
605	15	0	0	1000	0	15	-1	3	-6
606	15	0	0	1000	0	15	-1	3	-6
607	15	0	0	1000	0	15	-1	3	-6
608	15	0	0	1000	0	15	-1	3	-6
609	15	0	0	1000	0	15	-1	3	-6
610	15	0	0	1000	0	15	-1	3	-6
611	15	0	0	1000	0	15	-1	3	-6
612	15	0	0	1000	0	15	-1	3	-6
613	15	0	0	1000	0	15	-1	3	-6
614	15	0	0	1000	0	15	-1	3	-6
615	15	0	0	1000	0	15	-1	3	-6
616	15	0	0	1000	0	15	-1	3	-6
617	15	0	0	1000	0	15	-1	3	-6
618	15	0	0	1000	0	15	-1	3	-6
619	15	0	0	1000	0	15	-1	3	-6
620	15	0	0	1000	0	15	-1	3	-6
621	15	0	0	1000	0	15	-1	3	-6
622	15	0	0	1000	0	15	-1	3	-6
623	15	0	0	1000	0	15	-1	3	-6
624	15	0	0	1000	0	15	-1	3	-6
625	15	0	0	1000	0	15	-1	3	-6
626	15	0	0	1000	0	15	-1	3	-6
627	15	0	0	1000	0	15	-1	3	-6
628	15	0	0	1000	0	15	-1	3	-6
629	15	0	0	1000	0	15	-1	3	-6
630	15	0	0	1000	0	15	-1	3	-6
631	15	0	0	1000	0	15	-1	3	-6
632	15	0	0	1000	0	15	-1	3	-6
633	15	0	0	1000	0	15	-1	3	-6
634	15	0	0	1000	0	15	-1	3	-6
635	15	0	0	1000	0	15	-1	3	-6
636	15	0	0	1000	0	15	-1	3	-6
637	15	0	0	1000	0	15	-1	3	-6
638	15	0	0	1000	0	15	-1	3	-6
639	15	0	0	1000	0	15	-1	3	-6
640	15	0	0	1000	0	15	-1	3	-6
641	15	0	0	1000	0	15	-1	3	-6
642	15	0	0	1000	0	15	-1	3	-6
643	15	0	0	1000	0	15	-1	3	-6
644	15	0	0	1000	0	15	-1	3	-6
645	15	0	0	1000	0	15	-1	3	-6
646	15	0	0	1000	0	15	-1	3	-6
647	15	0	0	1000	0	15	-1	3	-6
648	15	0	0	1000	0	15	-1	3	-6
649	15	0	0	1000	0	15	-1	3	-6
650	15	0	0	1000	0	15	-1	3	-6
651	15	0	0	1000	0	15	-1	3	-6
652	15	0	0	1000	0	15	-1	3	-6
653	15	0	0	1000	0	15	-1	3	-6
654	15	0	0	1000	0	15	-1	3	-6
655	15	0	0	1000	0	15	-1	3	-6
656	15	0	0	1000	0	15	-1	3	-6
657	15	0	0	1000	0	15	-1	3	-6
658	15	0	0	1000	0	15	-1	3	-6
659	15	0	0	1000	0	15	-1	3	-6
660	15	0	0	1000	0	15	-1	3	-6
661	15	0	0	1000	0	15	-1	3	-6
662	15	0	0	1000	0	15	-1	3	-6
663	15	0	0	1000	0	15	-1	3	-6
664	15	0	0	1000	0	15	-1	3	-6
665	15	0	0	1000	0	15	-1	3	-6
666	15	0	0	1000	0	15	-1	3	-6
667	15	0	0	1000	0	15	-1	3	-6
668	15	0	0	1000	0	15	-1	3	-6
669	15	0	0	1000	0	15	-1	3	-6
670	15	0	0	1000	0	15	-1	3	-6
671	15	0	0	1000	0	15	-1	3	-6
672	15	0	0	1000	0	15	-1	3	-6
673	15	0	0	1000	0	15	-1	3	-6
674	15	0	0	1000	0	15	-1	3	-6
675	15	0	0	1000	0	15	-1	3	-6
676	15	0	0	1000	0	15	-1	3	-6
677	15	0	0	1000	0	15	-1	3	-6
678	15	0	0	1000	0	15	-1	3	-6
679	15	0	0	1000	0	15	-1	3	-6
680	15	0	0	1000	0	15	-1	3	-6
681	15	0	0	1000	0	15	-1	3	-6
682	15	0	0	1000	0	15	-1	3	-6
683	15	0	0	1000	0	15	-1	3	-6
684	15	0	0	1000	0	15	-1	3	-6
685	15	0	0	1000	0	15	-1	3	-6
686	15	0	0	1000	0	15	-1	3	-6
687	15	0	0	1000	0	15	-1	3	-6
688	15	0	0	1000	0	15	-1	3	-6
689	15	0	0	1000	0	15	-1	3	-6
690	15	0	0	1000	0	15	-1	3	-6
691	15	0	0	1000	0	15	-1	3	-6
692	15	0	0	1000	0	15	-1	3	-6
693	15	0	0	1000	0	15	-1	3	-6
694	15	0	0	1000	0	15	-1	3	-6
695	15	0	0	1000	0	15	-1	3	-6
696	15	0	0	1000	0	15	-1	3	-6
697	15	0	0	1000	0	15	-1	3	-6
698	15	0	0	1000	0	15	-1	3	-6
699	15	0	0	1000	0	15	-1	3	-6
700	15	0	0	1000	0	15	-1	3	-6
701	15	0	0	1000	0	15	-1	3	-6
702	15	0	0	1000	0	15	-1	3	-6
703	15	0	0	1000	0	15	-1	3	-6
704	15	0	0	1000	0	15	-1	3	-6
705	15	0	0	1000	0	15	-1	3	-6
706	15	0	0	1000	0	15	-1	3	-6
707	15	0	0	1000	0	15	-1	3	-6
708	15	0	0	1000	0	15	-1	3	-6
709	15	0	0	1000	0	15	-1	3	-6
710	15	0	0	1000	0	15	-1	3	-6
711	15	0	0	1000	0	15	-1	3	-6
712	15	0	0	1000	0	15	-1	3	-6
713	15	0	0	1000	0	15	-1	3	-6
714	15	0	0	1000	0	15	-1	3	-6
715	15	0	0	1000	0	15	-1	3	-6
716	15	0	0	1000	0	15	-1	3	-6
717	15	0	0	1000	0	15	-1	3	-6
718	15	0	0	1000	0	15	-1	3	-6
719	15	0	0	1000	0	15	-1	3	-6
720	15	0	0	1000	0	15	-1	3	-6
721	15	0	0	1000	0	15	-1	3	-6
722	15	0	0	1000	0	15	-1	3	-6
723	15	0	0	1000	0	15	-1	3	-6
724	15	0	0	1000	0	15	-1	3	-6
725	15	0	0	1000	0	15	-1	3	-6
726	15	0	0	1000	0	15	-1	3	-6
727	15	0	0	1000	0	15	-1	3	-6
728	15	0	0	1000	0	15	-1	3	-6
729	15	0	0	1000	0	15	-1	3	-6
730	15	0	0	1000	0	15	-1	3	-6
731	15	0	0	1000	0	15	-1	3	-6
732	15	0	0	1000	0	15	-1	3	-6
733	15	0	0	1000	0	15	-1	3	-6
734	15	0	0	1000	0	15	-1	3	-6
735	15	0	0	1000	0	15	-1	3	-6
736	15	0	0	1000	0	15	-1	3	-6
737	15	0	0	1000	0	15	-1	3	-6
738	15	0	0	1000	0	15	-1	3	-6
739	15	0	0	1000	0	15	-1	3	-6
740	15	0	0	1000	0	15	-1	3	-6
741	15	0	0	1000	0	15	-1	3	-6
742	15	0	0	1000	0	15	-1	3	-6
743	15	0	0	1000	0	15	-1	3	-6
744	15	0	0	1000	0	15	-1	3	-6
745	15	0	0	1000	0	15	-1	3	-6
746	15	0	0	1000	0	15	-1	3	-6
747	15	0	0	1000	0	15	-1	3	-6
748	15	0	0	1000	0	15	-1	3	-6
749	15	0	0	1000	0	15	-1	3	-6
750	15	0	0	1000	0	15	-1	3	-6
751	15	0	0	1000	0	15	-1	3	-6
752	15	0	0	1000	0	15	-1	3	-6
753	15	0	0	1000	0	15	-1	3	-6
754	15	0	0	1000	0	15	-1	3	-6
755	15	0	0	1000	0	15	-1	3	-6
756	15	0	0	1000	0	15	-1	3	-6
757	15	0	0	1000	0	15	-1	3	-6
758	15	0	0	1000	0	15	-1	3	-6
759	15	0	0	1000	0	15	-1	3	-6
760	15	0	0	1000	0	15	-1	3	-6
761	15	0	0	1000	0	15	-1	3	-6
762	15	0	0	1000	0	15	-1	3	-6
763	15	0	0	1000	0	15	-1	3	-6
764	15	0	0	1000	0	15	-1	3	-6
765	15	0	0	1000	0	15	-1	3	-6
766	15	0	0	1000	0	15	-1	3	-6
767	15	0	0	1000	0	15	-1	3	-6
768	15	0	0	1000	0	15	-1	3	-6
769	15	0	0	1000	0	15	-1	3	-6
770	15	0	0	1000	0	15	-1	3	-6
771	15	0	0	1000	0	15	-1	3	-6
772	15	0	0	1000	0	15	-1	3	-6
773	15	0	0	1000	0	15	-1	3	-6
774	15	0	0	1000	0	15	-1	3	-6
775	15	0	0	1000	0	15	-1	3	-6
776	15	0	0	1000	0	15	-1	3	-6
777	15	0	0	1000	0	15	-1	3	-6
778	15	0	0	1000	0	15	-1	3	-6
779	15	0	0	1000	0	15	-1	3	-6
780	15	0	0	1000	0	15	-1	3	-6
781	15	0	0	1000	0	15	-1	3	-6
782	15	0	0	1000	0	15	-1	3	-6
783	15	0	0	1000	0	15	-1	3	-6
784	15	0	0	1000	0	15	-1	3	-6
785	15	0	0	1000	0	15	-1	3	-6
786	15	0	0	1000	0	15	-1	3	-6
787	15	0	0	1000	0	15	-1	3	-6
788	15	0	0	1000	0	15	-1	3	-6
789	15	0	0	1000	0	15	-1	3	-6
790	15	0	0	1000	0	15	-1	3	-6
791	15	0	0	1000	0	15	-1	3	-6
792	15	0	0	1000	0	15	-1	3	-6
793	15	0	0	1000	0	15	-1	3	-6
794	15	0	0	1000	0	15	-1	3	-6
795	15	0	0	1000	0	15	-1	3	-6
796	15	0	0	1000	0	15	-1	3	-6
797	15	0	0	1000	0	15	-1	3	-6
798	15	0	0	1000	0	15	-1	3	-6
799	15	0	0	1000	0	15	-1	3	-6
800	15	0	0	1000	0	15	-1	3	-6
801	15	0	0	1000	0	15	-1	3	-6
802	15	0	0	1000	0	15	-1	3	-6
803	15	0	0	1000	0	15	-1	3	-6
804	15	0	0	1000	0	15	-1	3	-6
805	15	0	0	1000	0	15	-1	3	-6
806	15	0	0	1000	0	15	-1	3	-6
807	15	0	0	1000	0	15	-1	3	-6
808	15	0	0	1000	0	15	-1	3	-6
809	15	0	0	1000	0	15	-1	3	-6
810	15	0	0	1000	0	15	-1	3	-6
811	15	0	0	1000	0	15	-1	3	-6
812	15	0	0	1000	0	15	-1	3	-6
813	15	0	0	1000	0	15	-1	3	-6
814	15	0	0	1000	0	15	-1	3	-6
815	15	0	0	1000	0	15	-1	3	-6
816	15	0	0	1000	0	15	-1	3	-6
817	15	0	0	1000	0	15	-1	3	-6
818	15	0	0	1000	0	15	-1	3	-6
819	15	0	0	1000	0	15	-1	3	-6
820	15	0	0	1000	0	15	-1	3	-6
821	15	0	0	1000	0	15	-1	3	-6
822	15	0	0	1000	0	15	-1	3	-6
823	15	0	0	1000	0	15	-1	3	-6
824	15	0	0	1000	0	15	-1	3	-6
825	15	0	0	1000	0	15	-1	3	-6
826	15	0	0	1000	0	15	-1	3	-6
827	15	0	0	1000	0	15	-1	3	-6
828	15	0	0	1000	0	15	-1	3	-6
829	15	0	0	1000	0	15	-1	3	-6
830	15	0	0	1000	0	15	-1	3	-6
831	15	0	0	1000	0	15	-1	3	-6
832	15	0	0	1000	0	15	-1	3	-6
833	15	0	0	1000	0	15	-1	3	-6
834	15	0	0	1000	0	15	-1	3	-6
835	15	0	0	1000	0	15	-1	3	-6
836	15	0	0	1000	0	15	-1	3	-6
837	15	0	0	1000	0	15	-1	3	-6
838	15	0	0	1000	0	15	-1	3	-6
839	15	0	0	1000	0	15	-1	3	-6
840	15	0	0	1000	0	15	-1	3	-6
841	15	0	0	1000	0	15	-1	3	-6
842	15	0	0	1000	0	15	-1	3	-6
843	15	0	0	1000	0	15	-1	3	-6
844	15	0	0	1000	0	15	-1	3	-6
845	15	0	0	1000	0	15	-1	3	-6
846	15	0	0	1000	0	15	-1	3	-6
847	15	0	0	1000	0	15	-1	3	-6
848	15	0	0	1000	0	15	-1	3	-6
849	15	0	0	1000	0	15	-1	3	-6
850	15	0	0	1000	0	15	-1	3	-6
851	15	0	0	1000	0	15	-1	3	-6
852	15	0	0	1000	0	15	-1	3	-6
853	15	0	0	1000	0	15	-1	3	-6
854	15	0	0	1000	0	15	-1	3	-6
855	15	0	0	1000	0	15	-1	3	-6
856	15	0	0	1000	0	15	-1	3	-6
857	15	0	0	1000	0	15	-1	3	-6
858	15	0	0	1000	0	15	-1	3	-6
859	15	0	0	1000	0	15	-1	3	-6
860	15	0	0	1000	0	15	-1	3	-6
861	15	0	0	1000	0	15	-1	3	-6
862	15	0	0	1000	0	15	-1	3	-6
863	15	0	0	1000	0	15	-1	3	-6
864	15	0	0	1000	0	15	-1	3	-6
865	15	0	0	1000	0	15	-1	3	-6
866	15	0	0	1000	0	15	-1	3	-6
867	15	0	0	1000	0	15	-1	3	-6
868	15	0	0	1000	0	15	-1	3	-6
869	15	0	0	1000	0	15	-1	3	-6
870	15	0	0	1000	0	15	-1	3	-6
871	15	0	0	1000	0	15	-1	3	-6
872	15	0	0	1000	0	15	-1	3	-6
873	15	0	0	1000	0	15	-1	3	-6
874	15	0	0	1000	0	15	-1	3	-6
875	15	0	0	1000	0	15	-1	3	-6
876	15	0	0	1000	0	15	-1	3	-6
877	15	0	0	1000	0	15	-1	3	-6
878	15	0	0	1000	0	15	-1	3	-6
879	15	0	0	1000	0	15	-1	3	-6
880	15	0	0	1000	0	15	-1	3	-6
881	15	0	0	1000	0	15	-1	3	-6
882	15	0	0	1000	0	15	-1	3	-6
883	15	0	0	1000	0	15	-1	3	-6
884	15	0	0	1000	0	15	-1	3	-6
885	15	0	0	1000	0	15	-1	3	-6
886	15	0	0	1000	0	15	-1	3	-6
887	15	0	0	1000	0	15	-1	3	-6
888	15	0	0	1000	0	15	-1	3	-6
889	15	0	0	1000	0	15	-1	3	-6
890	15	0	0	1000	0	15	-1	3	-6
891	15	0	0	1000	0	15	-1	3	-6
892	15	0	0	1000	0	15	-1	3	-6
893	15	0	0	1000	0	15	-1	3	-6
894	15	0	0	1000	0	15	-1	3	-6
895	15	0	0	1000	0	15	-1	3	-6
896	15	0	0	1000	0	15	-1	3	-6
897	15	0	0	1000	0	15	-1	3	-6
898	15	0	0	1000	0	15	-1	3	-6
899	15	0	0	1000	0	15	-1	3	-6
900	15	0	0	1000	0	15	-1	3	-6
901	15	0	0	1000	0	15	-1	3	-6
902	15	0	0	1000	0	15	-1	3	-6
903	15	0	0	1000	0	15	-1	3	-6
904	15	0	0	1000	0	15	-1	3	-6
905	15	0	0	1000	0	15	-1	3	-6
906	15	0	0	1000	0	15	-1	3	-6
907	15	0	0	1000	0	15	-1	3	-6
908	15	0	0	1000	0	15	-1	3	-6
909	15	0	0	1000	0	15	-1	3	-6
910	15	0	0	1000	0	15	-1	3	-6
911	15	0	0	1000	0	15	-1	3	-6
912	15	0	0	1000	0	15	-1	3	-6
913	15	0	0	1000	0	15	-1	3	-6
914	15	0	0	1000	0	15	-1	3	-6
915	15	0	0	1000	0	15	-1	3	-6
916	15	0	0	1000	0	15	-1	3	-6
917	15	0	0	1000	0	15	-1	3	-6
918	15	0	0	1000	0	15	-1	3	-6
919	15	0	0	1000	0	15	-1	3	-6
920	15	0	0	1000	0	15	-1	3	-6
921	15	0	0	1000	0	15	-1	3	-6
922	15	0	0	1000	0	15	-1	3	-6
923	15	0	0	1000	0	15	-1	3	-6
924	15	0	0	1000	0	15	-1	3	-6
925	15	0	0	1000	0	15	-1	3	-6
926	15	0	0	1000	0	15	-1	3	-6
927	15	0	0	1000	0	15	-1	3	-6
928	15	0	0	1000	0	15	-1	3	-6
929	15	0	0	1000	0	15	-1	3	-6
930	15	0	0	1000	0	15	-1	3	-6
931	15	0	0	1000	0	15	-1	3	-6
932	15	0	0	1000	0	15	-1	3	-6
933	15	0	0	1000	0	15	-1	3	-6
934	15	0	0	1000	0	15	-1	3	-6
935	15	0	0	1000	0	15	-1	3	-6
936	15	0	0	1000	0	15	-1	3	-6
937	15	0	0	1000	0	15	-1	3	-6
938	15	0	0	1000	0	15	-1	3	-6
939	15	0	0	1000	0	15	-1	3	-6
940	15	0	0	1000	0	15	-1	3	-6
941	15	0	0	1000	0	15	-1	3	-6
942	15	0	0	1000	0	15	-1	3	-6
943	15	0	0	1000	0	15	-1	3	-6
944	15	0	0	1000	0	15	-1	3	-6
945	15	0	0	1000	0	15	-1	3	-6
946	15	0	0	1000	0	15	-1	3	-6
947	15	0	0	1000	0	15	-1	3	-6
948	15	0	0	1000	0	15	-1	3	-6
949	15	0	0	1000	0	15	-1	3	-6
950	15	0	0	1000	0	15	-1	3	-6
951	15	0	0	1000	0	15	-1	3	-6
952	15	0	0	1000	0	15	-1	3	-6
953	15	0	0	1000	0	15	-1	3	-6
954	15	0	0	1000	0	15	-1	3	-6
955	15	0	0	1000	0	15	-1	3	-6
956	15	0	0	1000	0	15	-1	3	-6
957	15	0	0	1000	0	15	-1	3	-6
958	15	0	0	1000	0	15	-1	3	-6
959	15	0	0	1000	0	15	-1	3	-6
960	15	0	0	1000	0	15	-1	3	-6
961	15	0	0	1000	0	15	-1	3	-6
962	15	0	0	1000	0	15	-1	3	-6
963	15	0	0	1000	0	15	-1	3	-6
964	15	0	0	1000	0	15	-1	3	-6
965	15	0	0	1000	0	15	-1	3	-6
966	15	0	0	1000	0	15	-1	3	-6
967	15	0	0	1000	0	15	-1	3	-6
968	15	0	0	1000	0	15	-1	3	-6
969	15	0	0	1000	0	15	-1	3	-6
970	15	0	0	1000	0	15	-1	3	-6
971	15	0	0	1000	0	15	-1	3	-6
972	15	0	0	1000	0	15	-1	3	-6
973	15	0	0	1000	0	15	-1	3	-6
974	15	0	0	1000	0	15	-1	3	-6
975	15	0	0	1000	0	15	-1	3	-6
976	15	0	0	1000	0	15	-1	3	-6
977	15	0	0	1000	0	15	-1	3	-6
978	15	0	0	1000	0	15	-1	3	-6
979	15	0	0	1000	0	15	-1	3	-6
980	15	0	0	1000	0	15	-1	3	-6
981	15	0	0	1000	0	15	-1	3	-6
982	15	0	0	1000	0	15	-1	3	-6
983	15	0	0	1000	0	15	-1	3	-6
984	15	0	0	1000	0	15	-1	3	-6
985	15	0	0	1000	0	15	-1	3	-6
986	15	0	0	1000	0	15	-1	3	-6
987	15	0	0	1000	0	15	-1	3	-6
988	15	0	0	1000	0	15	-1	3	-6
989	15	0	0	1000	0	15	-1	3	-6
990	15	0	0	1000	0	15	-1	3	-6
991	15	0	0	1000	0	15	-1	3	-6
992	15	0	0	1000	0	15	-1	3	-6
993	15	0	0	1000	0	15	-1	3	-6
994	15	0	0	1000	0	15	-1	3	-6
995	15	0	0	1000	0	15	-1	3	-6
996	15	0	0	1000	0	15	-1	3	-6
997	15	0	0	1000	0	15	-1	3	-6
998	15	0	0	1000	0	15	-1	3	-6
999	15	0	0	1000	0	15	-1	3	-6
1000	15	0	0	1000	0	15	-1	3	-6
1001	15	0	0	1000	0	15	-1	3	-6
1002	15	0	0	1000	0	15	-1	3	-6
1003	15	0	0	1000	0	15	-1	3	-6
1004	15	0	0	1000	0	15	-1	3	-6
1005	15	0	0	1000	0	15	-1	3	-6
1006	15	0	0	1000	0	15	-1	3	-6
1007	15	0	0	1000	0	15	-1	3	-6
1008	15	0	0	1000	0	15	-1	3	-6
1009	15	0	0	1000	0	15	-1	3	-6
1010	15	0	0	1000	0	15	-1	3	-6
1011	15	1	1	1000	1011	15	15	3	-6
1012	15	1	1	1000	1011	15	15	3	-6
1013	15	1	1	1000	1011	15	15	3	-6
1014	15	1	1	1000	1011	15	15	3	-6
1015	15	1	1	1000	1011	15	15	3	-6
1016	15	1	1	1000	1011	15	15	3	-6
1017	15	1	1	1000	1011	15	15	3	-6
1018	15	1	1	1000	1011	15	15	3	-6
1019	15	1	1	1000	1011	15	15	3	-6
1020	15	1	1	1000	1011	15	15	3	-6
1021	15	1	1	1000	1011	15	15	3	-6
1022	15	1	1	1000	1011	15	15	3	-6
1023	15	1	1	1000	1011	15	15	3	-6
1024	15	1	1	1000	1011	15	15	3	-6
1025	15	1	1	1000	1011	15	15	3	-6
1026	15	1	1	1000	1011	15	15	3	-6
1027	15	1	1	1000	1011	15	15	3	-6
1028	15	1	1	1000	1011	15	15	3	-6
1029	15	1	1	1000	1011	15	15	3	-6
1030	15	1	1	1000	1011	15	15	3	-6
1031	15	1	1	1000	1011	15	15	3	-6
1032	15	1	1	1000	1011	15	15	3	-6
1033	15	1	1	1000	1011	15	15	3	-6
1034	15	1	1	1000	1011	15	15	3	-6
1035	15	1	1	1000	1011	15	15	3	-6
1036	15	1	1	1000	1011	15	15	3	-6
1037	15	1	1	1000	1011	15	15	3	-6
1038	15	1	1	1000	1011	15	15	3	-6
1039	15	1	1	1000	1011	15	15	3	-6
1040	15	1	1	1000	1011	15	15	3	-6
1041	15	1	1	1000	1011	15	15	3	-6
1042	15	1	1	1000	1011	15	15	3	-6
1043	15	1	1	1000	1011	15	15	3	-6
1044	15	1	1	1000	1011	15	15	3	-6
1045	15	1	1	1000	1011	15	15	3	-6
1046	15	1	1	1000	1011	15	15	3	-6
