1	5	0	0	600	0	5	-1	4	-1
2	5	0	0	600	0	5	-1	4	-1
3	5	0	0	600	0	5	-1	4	-1
4	5	0	0	600	0	5	-1	4	-1
5	5	0	0	600	0	5	-1	4	-1
6	5	0	0	600	0	5	-1	4	-1
7	5	0	0	600	0	5	-1	4	-1
8	5	0	0	600	0	5	-1	4	-1
9	5	0	0	600	0	5	-1	4	-1
10	5	0	0	600	0	5	-1	4	-1
11	5	0	0	600	0	5	-1	4	-1
12	5	0	0	600	0	5	-1	4	-1
13	5	0	0	600	0	5	-1	4	-1
14	5	0	0	600	0	5	-1	4	-1
15	5	0	0	600	0	5	-1	4	-1
16	5	0	0	600	0	5	-1	4	-1
17	5	0	0	600	0	5	-1	4	-1
18	5	0	0	600	0	5	-1	4	-1
19	5	0	0	600	0	5	-1	4	-1
20	5	0	0	600	0	5	-1	4	-1
21	5	0	0	600	0	5	-1	4	-1
22	5	0	0	600	0	5	-1	4	-1
23	5	0	0	600	0	5	-1	4	-1
24	5	0	0	600	0	5	-1	4	-1
25	5	0	0	600	0	5	-1	4	-1
26	5	0	0	600	0	5	-1	4	-1
27	5	0	0	600	0	5	-1	4	-1
28	5	0	0	600	0	5	-1	4	-1
29	5	0	0	600	0	5	-1	4	-1
30	5	0	0	600	0	5	-1	4	-1
31	5	0	0	600	0	5	-1	4	-1
32	5	0	0	600	0	5	-1	4	-1
33	5	0	0	600	0	5	-1	4	-1
34	5	0	0	600	0	5	-1	4	-1
35	5	0	0	600	0	5	-1	4	-1
36	5	0	0	600	0	5	-1	4	-1
37	5	0	0	600	0	5	-1	4	-1
38	5	0	0	600	0	5	-1	4	-1
39	5	0	0	600	0	5	-1	4	-1
40	5	0	0	600	0	5	-1	4	-1
41	5	0	0	600	0	5	-1	4	-1
42	5	0	0	600	0	5	-1	4	-1
43	5	0	0	600	0	5	-1	4	-1
44	5	0	0	600	0	5	-1	4	-1
45	5	0	0	600	0	5	-1	4	-1
46	5	0	0	600	0	5	-1	4	-1
47	5	0	0	600	0	5	-1	4	-1
48	5	0	0	600	0	5	-1	4	-1
49	5	0	0	600	0	5	-1	4	-1
50	5	0	0	600	0	5	-1	4	-1
51	5	0	0	600	0	5	-1	4	-1
52	5	0	0	600	0	5	-1	4	-1
53	5	0	0	600	0	5	-1	4	-1
54	5	0	0	600	0	5	-1	4	-1
55	5	0	0	600	0	5	-1	4	-1
56	5	0	0	600	0	5	-1	4	-1
57	5	0	0	600	0	5	-1	4	-1
58	5	0	0	600	0	5	-1	4	-1
59	5	0	0	600	0	5	-1	4	-1
60	5	0	0	600	0	5	-1	4	-1
61	5	0	0	600	0	5	-1	4	-1
62	5	0	0	600	0	5	-1	4	-1
63	5	0	0	600	0	5	-1	4	-1
64	5	0	0	600	0	5	-1	4	-1
65	5	0	0	600	0	5	-1	4	-1
66	5	0	0	600	0	5	-1	4	-1
67	5	0	0	600	0	5	-1	4	-1
68	5	0	0	600	0	5	-1	4	-1
69	5	0	0	600	0	5	-1	4	-1
70	5	0	0	600	0	5	-1	4	-1
71	5	0	0	600	0	5	-1	4	-1
72	5	0	0	600	0	5	-1	4	-1
73	5	0	0	600	0	5	-1	4	-1
74	5	0	0	600	0	5	-1	4	-1
75	5	0	0	600	0	5	-1	4	-1
76	5	0	0	600	0	5	-1	4	-1
77	5	0	0	600	0	5	-1	4	-1
78	5	0	0	600	0	5	-1	4	-1
79	5	0	0	600	0	5	-1	4	-1
80	5	0	0	600	0	5	-1	4	-1
81	5	0	0	600	0	5	-1	4	-1
82	5	0	0	600	0	5	-1	4	-1
83	5	0	0	600	0	5	-1	4	-1
84	5	0	0	600	0	5	-1	4	-1
85	5	0	0	600	0	5	-1	4	-1
86	5	0	0	600	0	5	-1	4	-1
87	5	0	0	600	0	5	-1	4	-1
88	5	0	0	600	0	5	-1	4	-1
89	5	0	0	600	0	5	-1	4	-1
90	5	0	0	600	0	5	-1	4	-1
91	5	0	0	600	0	5	-1	4	-1
92	5	0	0	600	0	5	-1	4	-1
93	5	0	0	600	0	5	-1	4	-1
94	5	0	0	600	0	5	-1	4	-1
95	5	0	0	600	0	5	-1	4	-1
96	5	0	0	600	0	5	-1	4	-1
97	5	0	0	600	0	5	-1	4	-1
98	5	0	0	600	0	5	-1	4	-1
99	5	0	0	600	0	5	-1	4	-1
100	5	0	0	600	0	5	-1	4	-1
101	5	0	0	600	0	5	-1	4	-1
102	5	0	0	600	0	5	-1	4	-1
103	5	0	0	600	0	5	-1	4	-1
104	5	0	0	600	0	5	-1	4	-1
105	5	0	0	600	0	5	-1	4	-1
106	5	0	0	600	0	5	-1	4	-1
107	5	0	0	600	0	5	-1	4	-1
108	5	0	0	600	0	5	-1	4	-1
109	5	0	0	600	0	5	-1	4	-1
110	5	0	0	600	0	5	-1	4	-1
111	5	0	0	600	0	5	-1	4	-1
112	5	0	0	600	0	5	-1	4	-1
113	5	0	0	600	0	5	-1	4	-1
114	5	0	0	600	0	5	-1	4	-1
115	5	0	0	600	0	5	-1	4	-1
116	5	0	0	600	0	5	-1	4	-1
117	5	0	0	600	0	5	-1	4	-1
118	5	0	0	600	0	5	-1	4	-1
119	5	0	0	600	0	5	-1	4	-1
120	5	0	0	600	0	5	-1	4	-1
121	5	0	0	600	0	5	-1	4	-1
122	5	0	0	600	0	5	-1	4	-1
123	5	0	0	600	0	5	-1	4	-1
124	5	0	0	600	0	5	-1	4	-1
125	5	0	0	600	0	5	-1	4	-1
126	5	0	0	600	0	5	-1	4	-1
127	5	0	0	600	0	5	-1	4	-1
128	5	0	0	600	0	5	-1	4	-1
129	5	0	0	600	0	5	-1	4	-1
130	5	0	0	600	0	5	-1	4	-1
131	5	0	0	600	0	5	-1	4	-1
132	5	0	0	600	0	5	-1	4	-1
133	5	0	0	600	0	5	-1	4	-1
134	5	0	0	600	0	5	-1	4	-1
135	5	0	0	600	0	5	-1	4	-1
136	5	0	0	600	0	5	-1	4	-1
137	5	0	0	600	0	5	-1	4	-1
138	5	0	0	600	0	5	-1	4	-1
139	5	0	0	600	0	5	-1	4	-1
140	5	0	0	600	0	5	-1	4	-1
141	5	0	0	600	0	5	-1	4	-1
142	5	0	0	600	0	5	-1	4	-1
143	5	0	0	600	0	5	-1	4	-1
144	5	0	0	600	0	5	-1	4	-1
145	5	0	0	600	0	5	-1	4	-1
146	5	0	0	600	0	5	-1	4	-1
147	5	0	0	600	0	5	-1	4	-1
148	5	0	0	600	0	5	-1	4	-1
149	5	0	0	600	0	5	-1	4	-1
150	5	0	0	600	0	5	-1	4	-1
151	5	0	0	600	0	5	-1	4	-1
152	5	0	0	600	0	5	-1	4	-1
153	5	0	0	600	0	5	-1	4	-1
154	5	0	0	600	0	5	-1	4	-1
155	5	0	0	600	0	5	-1	4	-1
156	5	0	0	600	0	5	-1	4	-1
157	5	0	0	600	0	5	-1	4	-1
158	5	0	0	600	0	5	-1	4	-1
159	5	0	0	600	0	5	-1	4	-1
160	5	0	0	600	0	5	-1	4	-1
161	5	0	0	600	0	5	-1	4	-1
162	5	0	0	600	0	5	-1	4	-1
163	5	0	0	600	0	5	-1	4	-1
164	5	0	0	600	0	5	-1	4	-1
165	5	0	0	600	0	5	-1	4	-1
166	5	0	0	600	0	5	-1	4	-1
167	5	0	0	600	0	5	-1	4	-1
168	5	0	0	600	0	5	-1	4	-1
169	5	0	0	600	0	5	-1	4	-1
170	5	0	0	600	0	5	-1	4	-1
171	5	0	0	600	0	5	-1	4	-1
172	5	0	0	600	0	5	-1	4	-1
173	5	0	0	600	0	5	-1	4	-1
174	5	0	0	600	0	5	-1	4	-1
175	5	0	0	600	0	5	-1	4	-1
176	5	0	0	600	0	5	-1	4	-1
177	5	0	0	600	0	5	-1	4	-1
178	5	0	0	600	0	5	-1	4	-1
179	5	0	0	600	0	5	-1	4	-1
180	5	0	0	600	0	5	-1	4	-1
181	5	0	0	600	0	5	-1	4	-1
182	5	0	0	600	0	5	-1	4	-1
183	5	0	0	600	0	5	-1	4	-1
184	5	0	0	600	0	5	-1	4	-1
185	5	0	0	600	0	5	-1	4	-1
186	5	0	0	600	0	5	-1	4	-1
187	5	0	0	600	0	5	-1	4	-1
188	5	0	0	600	0	5	-1	4	-1
189	5	0	0	600	0	5	-1	4	-1
190	5	0	0	600	0	5	-1	4	-1
191	5	0	0	600	0	5	-1	4	-1
192	5	0	0	600	0	5	-1	4	-1
193	5	0	0	600	0	5	-1	4	-1
194	5	0	0	600	0	5	-1	4	-1
195	5	0	0	600	0	5	-1	4	-1
196	5	0	0	600	0	5	-1	4	-1
197	5	0	0	600	0	5	-1	4	-1
198	5	0	0	600	0	5	-1	4	-1
199	5	0	0	600	0	5	-1	4	-1
200	5	0	0	600	0	5	-1	4	-1
201	5	0	0	600	0	5	-1	4	-1
202	5	0	0	600	0	5	-1	4	-1
203	5	0	0	600	0	5	-1	4	-1
204	5	0	0	600	0	5	-1	4	-1
205	5	0	0	600	0	5	-1	4	-1
206	5	0	0	600	0	5	-1	4	-1
207	5	0	0	600	0	5	-1	4	-1
208	5	0	0	600	0	5	-1	4	-1
209	5	0	0	600	0	5	-1	4	-1
210	5	0	0	600	0	5	-1	4	-1
211	5	0	0	600	0	5	-1	4	-1
212	5	0	0	600	0	5	-1	4	-1
213	5	0	0	600	0	5	-1	4	-1
214	5	0	0	600	0	5	-1	4	-1
215	5	0	0	600	0	5	-1	4	-1
216	5	0	0	600	0	5	-1	4	-1
217	5	0	0	600	0	5	-1	4	-1
218	5	0	0	600	0	5	-1	4	-1
219	5	0	0	600	0	5	-1	4	-1
220	5	0	0	600	0	5	-1	4	-1
221	5	0	0	600	0	5	-1	4	-1
222	5	0	0	600	0	5	-1	4	-1
223	5	0	0	600	0	5	-1	4	-1
224	5	0	0	600	0	5	-1	4	-1
225	5	0	0	600	0	5	-1	4	-1
226	5	0	0	600	0	5	-1	4	-1
227	5	0	0	600	0	5	-1	4	-1
228	5	0	0	600	0	5	-1	4	-1
229	5	0	0	600	0	5	-1	4	-1
230	5	0	0	600	0	5	-1	4	-1
231	5	0	0	600	0	5	-1	4	-1
232	5	0	0	600	0	5	-1	4	-1
233	5	0	0	600	0	5	-1	4	-1
234	5	0	0	600	0	5	-1	4	-1
235	5	0	0	600	0	5	-1	4	-1
236	5	0	0	600	0	5	-1	4	-1
237	5	0	0	600	0	5	-1	4	-1
238	5	0	0	600	0	5	-1	4	-1
239	5	0	0	600	0	5	-1	4	-1
240	5	0	0	600	0	5	-1	4	-1
241	5	0	0	600	0	5	-1	4	-1
242	5	0	0	600	0	5	-1	4	-1
243	5	0	0	600	0	5	-1	4	-1
244	5	0	0	600	0	5	-1	4	-1
245	5	0	0	600	0	5	-1	4	-1
246	5	0	0	600	0	5	-1	4	-1
247	5	0	0	600	0	5	-1	4	-1
248	5	0	0	600	0	5	-1	4	-1
249	5	0	0	600	0	5	-1	4	-1
250	5	0	0	600	0	5	-1	4	-1
251	5	0	0	600	0	5	-1	4	-1
252	5	0	0	600	0	5	-1	4	-1
253	5	0	0	600	0	5	-1	4	-1
254	5	0	0	600	0	5	-1	4	-1
255	5	0	0	600	0	5	-1	4	-1
256	5	0	0	600	0	5	-1	4	-1
257	5	0	0	600	0	5	-1	4	-1
258	5	0	0	600	0	5	-1	4	-1
259	5	0	0	600	0	5	-1	4	-1
260	5	0	0	600	0	5	-1	4	-1
261	5	0	0	600	0	5	-1	4	-1
262	5	0	0	600	0	5	-1	4	-1
263	5	0	0	600	0	5	-1	4	-1
264	5	0	0	600	0	5	-1	4	-1
265	5	0	0	600	0	5	-1	4	-1
266	5	0	0	600	0	5	-1	4	-1
267	5	0	0	600	0	5	-1	4	-1
268	5	0	0	600	0	5	-1	4	-1
269	5	0	0	600	0	5	-1	4	-1
270	5	0	0	600	0	5	-1	4	-1
271	5	0	0	600	0	5	-1	4	-1
272	5	0	0	600	0	5	-1	4	-1
273	5	0	0	600	0	5	-1	4	-1
274	5	0	0	600	0	5	-1	4	-1
275	5	0	0	600	0	5	-1	4	-1
276	5	0	0	600	0	5	-1	4	-1
277	5	0	0	600	0	5	-1	4	-1
278	5	0	0	600	0	5	-1	4	-1
279	5	0	0	600	0	5	-1	4	-1
280	5	0	0	600	0	5	-1	4	-1
281	5	0	0	600	0	5	-1	4	-1
282	5	0	0	600	0	5	-1	4	-1
283	5	0	0	600	0	5	-1	4	-1
284	5	0	0	600	0	5	-1	4	-1
285	5	0	0	600	0	5	-1	4	-1
286	5	0	0	600	0	5	-1	4	-1
287	5	0	0	600	0	5	-1	4	-1
288	5	0	0	600	0	5	-1	4	-1
289	5	0	0	600	0	5	-1	4	-1
290	5	0	0	600	0	5	-1	4	-1
291	5	0	0	600	0	5	-1	4	-1
292	5	0	0	600	0	5	-1	4	-1
293	5	0	0	600	0	5	-1	4	-1
294	5	0	0	600	0	5	-1	4	-1
295	5	0	0	600	0	5	-1	4	-1
296	5	0	0	600	0	5	-1	4	-1
297	5	0	0	600	0	5	-1	4	-1
298	5	0	0	600	0	5	-1	4	-1
299	5	0	0	600	0	5	-1	4	-1
300	5	0	0	600	0	5	-1	4	-1
301	5	0	0	600	0	5	-1	4	-1
302	5	0	0	600	0	5	-1	4	-1
303	5	0	0	600	0	5	-1	4	-1
304	5	0	0	600	0	5	-1	4	-1
305	5	0	0	600	0	5	-1	4	-1
306	5	0	0	600	0	5	-1	4	-1
307	5	0	0	600	0	5	-1	4	-1
308	5	0	0	600	0	5	-1	4	-1
309	5	0	0	600	0	5	-1	4	-1
310	5	0	0	600	0	5	-1	4	-1
311	5	0	0	600	0	5	-1	4	-1
312	5	0	0	600	0	5	-1	4	-1
313	5	0	0	600	0	5	-1	4	-1
314	5	0	0	600	0	5	-1	4	-1
315	5	0	0	600	0	5	-1	4	-1
316	5	0	0	600	0	5	-1	4	-1
317	5	0	0	600	0	5	-1	4	-1
318	5	0	0	600	0	5	-1	4	-1
319	5	0	0	600	0	5	-1	4	-1
320	5	0	0	600	0	5	-1	4	-1
321	5	0	0	600	0	5	-1	4	-1
322	5	0	0	600	0	5	-1	4	-1
323	5	0	0	600	0	5	-1	4	-1
324	5	0	0	600	0	5	-1	4	-1
325	5	0	0	600	0	5	-1	4	-1
326	5	0	0	600	0	5	-1	4	-1
327	5	0	0	600	0	5	-1	4	-1
328	5	0	0	600	0	5	-1	4	-1
329	5	0	0	600	0	5	-1	4	-1
330	5	0	0	600	0	5	-1	4	-1
331	5	0	0	600	0	5	-1	4	-1
332	5	0	0	600	0	5	-1	4	-1
333	5	0	0	600	0	5	-1	4	-1
334	5	0	0	600	0	5	-1	4	-1
335	5	0	0	600	0	5	-1	4	-1
336	5	0	0	600	0	5	-1	4	-1
337	5	0	0	600	0	5	-1	4	-1
338	5	0	0	600	0	5	-1	4	-1
339	5	0	0	600	0	5	-1	4	-1
340	5	0	0	600	0	5	-1	4	-1
341	5	0	0	600	0	5	-1	4	-1
342	5	0	0	600	0	5	-1	4	-1
343	5	0	0	600	0	5	-1	4	-1
344	5	0	0	600	0	5	-1	4	-1
345	5	0	0	600	0	5	-1	4	-1
346	5	0	0	600	0	5	-1	4	-1
347	5	0	0	600	0	5	-1	4	-1
348	5	0	0	600	0	5	-1	4	-1
349	5	0	0	600	0	5	-1	4	-1
350	5	0	0	600	0	5	-1	4	-1
351	5	0	0	600	0	5	-1	4	-1
352	5	0	0	600	0	5	-1	4	-1
353	5	0	0	600	0	5	-1	4	-1
354	5	0	0	600	0	5	-1	4	-1
355	5	0	0	600	0	5	-1	4	-1
356	5	0	0	600	0	5	-1	4	-1
357	5	0	0	600	0	5	-1	4	-1
358	5	0	0	600	0	5	-1	4	-1
359	5	0	0	600	0	5	-1	4	-1
360	5	0	0	600	0	5	-1	4	-1
361	5	0	0	600	0	5	-1	4	-1
362	5	0	0	600	0	5	-1	4	-1
363	5	0	0	600	0	5	-1	4	-1
364	5	0	0	600	0	5	-1	4	-1
365	5	0	0	600	0	5	-1	4	-1
366	5	0	0	600	0	5	-1	4	-1
367	5	0	0	600	0	5	-1	4	-1
368	5	0	0	600	0	5	-1	4	-1
369	5	0	0	600	0	5	-1	4	-1
370	5	0	0	600	0	5	-1	4	-1
371	5	0	0	600	0	5	-1	4	-1
372	5	0	0	600	0	5	-1	4	-1
373	5	0	0	600	0	5	-1	4	-1
374	5	0	0	600	0	5	-1	4	-1
375	5	0	0	600	0	5	-1	4	-1
376	5	0	0	600	0	5	-1	4	-1
377	5	0	0	600	0	5	-1	4	-1
378	5	0	0	600	0	5	-1	4	-1
379	5	0	0	600	0	5	-1	4	-1
380	5	0	0	600	0	5	-1	4	-1
381	5	0	0	600	0	5	-1	4	-1
382	5	0	0	600	0	5	-1	4	-1
383	5	0	0	600	0	5	-1	4	-1
384	5	0	0	600	0	5	-1	4	-1
385	5	0	0	600	0	5	-1	4	-1
386	5	0	0	600	0	5	-1	4	-1
387	5	0	0	600	0	5	-1	4	-1
388	5	0	0	600	0	5	-1	4	-1
389	5	0	0	600	0	5	-1	4	-1
390	5	0	0	600	0	5	-1	4	-1
391	5	0	0	600	0	5	-1	4	-1
392	5	0	0	600	0	5	-1	4	-1
393	5	0	0	600	0	5	-1	4	-1
394	5	0	0	600	0	5	-1	4	-1
395	5	0	0	600	0	5	-1	4	-1
396	5	0	0	600	0	5	-1	4	-1
397	5	0	0	600	0	5	-1	4	-1
398	5	0	0	600	0	5	-1	4	-1
399	5	0	0	600	0	5	-1	4	-1
400	5	0	0	600	0	5	-1	4	-1
401	5	0	0	600	0	5	-1	4	-1
402	5	0	0	600	0	5	-1	4	-1
403	5	0	0	600	0	5	-1	4	-1
404	5	0	0	600	0	5	-1	4	-1
405	5	0	0	600	0	5	-1	4	-1
406	5	0	0	600	0	5	-1	4	-1
407	5	0	0	600	0	5	-1	4	-1
408	5	0	0	600	0	5	-1	4	-1
409	5	0	0	600	0	5	-1	4	-1
410	5	0	0	600	0	5	-1	4	-1
411	5	0	0	600	0	5	-1	4	-1
412	5	0	0	600	0	5	-1	4	-1
413	5	0	0	600	0	5	-1	4	-1
414	5	0	0	600	0	5	-1	4	-1
415	5	0	0	600	0	5	-1	4	-1
416	5	0	0	600	0	5	-1	4	-1
417	5	0	0	600	0	5	-1	4	-1
418	5	0	0	600	0	5	-1	4	-1
419	5	0	0	600	0	5	-1	4	-1
420	5	0	0	600	0	5	-1	4	-1
421	5	0	0	600	0	5	-1	4	-1
422	5	0	0	600	0	5	-1	4	-1
423	5	0	0	600	0	5	-1	4	-1
424	5	0	0	600	0	5	-1	4	-1
425	5	0	0	600	0	5	-1	4	-1
426	5	0	0	600	0	5	-1	4	-1
427	5	0	0	600	0	5	-1	4	-1
428	5	0	0	600	0	5	-1	4	-1
429	5	0	0	600	0	5	-1	4	-1
430	5	0	0	600	0	5	-1	4	-1
431	5	0	0	600	0	5	-1	4	-1
432	5	0	0	600	0	5	-1	4	-1
433	5	0	0	600	0	5	-1	4	-1
434	5	0	0	600	0	5	-1	4	-1
435	5	0	0	600	0	5	-1	4	-1
436	5	0	0	600	0	5	-1	4	-1
437	5	0	0	600	0	5	-1	4	-1
438	5	0	0	600	0	5	-1	4	-1
439	5	0	0	600	0	5	-1	4	-1
440	5	0	0	600	0	5	-1	4	-1
441	5	0	0	600	0	5	-1	4	-1
442	5	0	0	600	0	5	-1	4	-1
443	5	0	0	600	0	5	-1	4	-1
444	5	0	0	600	0	5	-1	4	-1
445	5	0	0	600	0	5	-1	4	-1
446	5	0	0	600	0	5	-1	4	-1
447	5	0	0	600	0	5	-1	4	-1
448	5	0	0	600	0	5	-1	4	-1
449	5	0	0	600	0	5	-1	4	-1
450	5	0	0	600	0	5	-1	4	-1
451	5	0	0	600	0	5	-1	4	-1
452	5	0	0	600	0	5	-1	4	-1
453	5	0	0	600	0	5	-1	4	-1
454	5	0	0	600	0	5	-1	4	-1
455	5	0	0	600	0	5	-1	4	-1
456	5	0	0	600	0	5	-1	4	-1
457	5	0	0	600	0	5	-1	4	-1
458	5	0	0	600	0	5	-1	4	-1
459	5	0	0	600	0	5	-1	4	-1
460	5	0	0	600	0	5	-1	4	-1
461	5	0	0	600	0	5	-1	4	-1
462	5	0	0	600	0	5	-1	4	-1
463	5	0	0	600	0	5	-1	4	-1
464	5	0	0	600	0	5	-1	4	-1
465	5	0	0	600	0	5	-1	4	-1
466	5	0	0	600	0	5	-1	4	-1
467	5	0	0	600	0	5	-1	4	-1
468	5	0	0	600	0	5	-1	4	-1
469	5	0	0	600	0	5	-1	4	-1
470	5	0	0	600	0	5	-1	4	-1
471	5	0	0	600	0	5	-1	4	-1
472	5	0	0	600	0	5	-1	4	-1
473	5	0	0	600	0	5	-1	4	-1
474	5	0	0	600	0	5	-1	4	-1
475	5	0	0	600	0	5	-1	4	-1
476	5	0	0	600	0	5	-1	4	-1
477	5	0	0	600	0	5	-1	4	-1
478	5	0	0	600	0	5	-1	4	-1
479	5	0	0	600	0	5	-1	4	-1
480	5	0	0	600	0	5	-1	4	-1
481	5	0	0	600	0	5	-1	4	-1
482	5	0	0	600	0	5	-1	4	-1
483	5	0	0	600	0	5	-1	4	-1
484	5	0	0	600	0	5	-1	4	-1
485	5	0	0	600	0	5	-1	4	-1
486	5	0	0	600	0	5	-1	4	-1
487	5	0	0	600	0	5	-1	4	-1
488	5	0	0	600	0	5	-1	4	-1
489	5	0	0	600	0	5	-1	4	-1
490	5	0	0	600	0	5	-1	4	-1
491	5	0	0	600	0	5	-1	4	-1
492	5	0	0	600	0	5	-1	4	-1
493	5	0	0	600	0	5	-1	4	-1
494	5	0	0	600	0	5	-1	4	-1
495	5	0	0	600	0	5	-1	4	-1
496	5	0	0	600	0	5	-1	4	-1
497	5	0	0	600	0	5	-1	4	-1
498	5	0	0	600	0	5	-1	4	-1
499	5	0	0	600	0	5	-1	4	-1
500	5	0	0	600	0	5	-1	4	-1
501	5	0	0	600	0	5	-1	4	-1
502	5	0	0	600	0	5	-1	4	-1
503	5	0	0	600	0	5	-1	4	-1
504	5	0	0	600	0	5	-1	4	-1
505	5	0	0	600	0	5	-1	4	-1
506	5	0	0	600	0	5	-1	4	-1
507	5	0	0	600	0	5	-1	4	-1
508	5	0	0	600	0	5	-1	4	-1
509	5	0	0	600	0	5	-1	4	-1
510	5	0	0	600	0	5	-1	4	-1
511	5	0	0	600	0	5	-1	4	-1
512	5	0	0	600	0	5	-1	4	-1
513	5	0	0	600	0	5	-1	4	-1
514	5	0	0	600	0	5	-1	4	-1
515	5	0	0	600	0	5	-1	4	-1
516	5	0	0	600	0	5	-1	4	-1
517	5	0	0	600	0	5	-1	4	-1
518	5	0	0	600	0	5	-1	4	-1
519	5	0	0	600	0	5	-1	4	-1
520	5	0	0	600	0	5	-1	4	-1
521	5	0	0	600	0	5	-1	4	-1
522	5	0	0	600	0	5	-1	4	-1
523	5	0	0	600	0	5	-1	4	-1
524	5	0	0	600	0	5	-1	4	-1
525	5	0	0	600	0	5	-1	4	-1
526	5	0	0	600	0	5	-1	4	-1
527	5	0	0	600	0	5	-1	4	-1
528	5	0	0	600	0	5	-1	4	-1
529	5	0	0	600	0	5	-1	4	-1
530	5	0	0	600	0	5	-1	4	-1
531	5	0	0	600	0	5	-1	4	-1
532	5	0	0	600	0	5	-1	4	-1
533	5	0	0	600	0	5	-1	4	-1
534	5	0	0	600	0	5	-1	4	-1
535	5	0	0	600	0	5	-1	4	-1
536	5	0	0	600	0	5	-1	4	-1
537	5	0	0	600	0	5	-1	4	-1
538	5	0	0	600	0	5	-1	4	-1
539	5	0	0	600	0	5	-1	4	-1
540	5	0	0	600	0	5	-1	4	-1
541	5	0	0	600	0	5	-1	4	-1
542	5	0	0	600	0	5	-1	4	-1
543	5	0	0	600	0	5	-1	4	-1
544	5	0	0	600	0	5	-1	4	-1
545	5	0	0	600	0	5	-1	4	-1
546	5	0	0	600	0	5	-1	4	-1
547	5	0	0	600	0	5	-1	4	-1
548	5	0	0	600	0	5	-1	4	-1
549	5	0	0	600	0	5	-1	4	-1
550	5	0	0	600	0	5	-1	4	-1
551	5	0	0	600	0	5	-1	4	-1
552	5	0	0	600	0	5	-1	4	-1
553	5	0	0	600	0	5	-1	4	-1
554	5	0	0	600	0	5	-1	4	-1
555	5	0	0	600	0	5	-1	4	-1
556	5	0	0	600	0	5	-1	4	-1
557	5	0	0	600	0	5	-1	4	-1
558	5	0	0	600	0	5	-1	4	-1
559	5	0	0	600	0	5	-1	4	-1
560	5	0	0	600	0	5	-1	4	-1
561	5	0	0	600	0	5	-1	4	-1
562	5	0	0	600	0	5	-1	4	-1
563	5	0	0	600	0	5	-1	4	-1
564	5	0	0	600	0	5	-1	4	-1
565	5	0	0	600	0	5	-1	4	-1
566	5	0	0	600	0	5	-1	4	-1
567	5	0	0	600	0	5	-1	4	-1
568	5	0	0	600	0	5	-1	4	-1
569	5	0	0	600	0	5	-1	4	-1
570	5	0	0	600	0	5	-1	4	-1
571	5	0	0	600	0	5	-1	4	-1
572	5	0	0	600	0	5	-1	4	-1
573	5	0	0	600	0	5	-1	4	-1
574	5	0	0	600	0	5	-1	4	-1
575	5	0	0	600	0	5	-1	4	-1
576	5	0	0	600	0	5	-1	4	-1
577	5	0	0	600	0	5	-1	4	-1
578	5	0	0	600	0	5	-1	4	-1
579	5	0	0	600	0	5	-1	4	-1
580	5	0	0	600	0	5	-1	4	-1
581	5	0	0	600	0	5	-1	4	-1
582	5	0	0	600	0	5	-1	4	-1
583	5	0	0	600	0	5	-1	4	-1
584	5	0	0	600	0	5	-1	4	-1
585	5	0	0	600	0	5	-1	4	-1
586	5	0	0	600	0	5	-1	4	-1
587	5	0	0	600	0	5	-1	4	-1
588	5	0	0	600	0	5	-1	4	-1
589	5	0	0	600	0	5	-1	4	-1
590	5	0	0	600	0	5	-1	4	-1
591	5	0	0	600	0	5	-1	4	-1
592	5	0	0	600	0	5	-1	4	-1
593	5	0	0	600	0	5	-1	4	-1
594	5	0	0	600	0	5	-1	4	-1
595	5	0	0	600	0	5	-1	4	-1
596	5	0	0	600	0	5	-1	4	-1
597	5	0	0	600	0	5	-1	4	-1
598	5	0	0	600	0	5	-1	4	-1
599	5	0	0	600	0	5	-1	4	-1
600	5	0	0	600	0	5	-1	4	-1
601	5	0	0	600	0	5	-1	4	-1
602	5	0	0	600	0	5	-1	4	-1
603	5	0	0	600	0	5	-1	4	-1
604	5	0	0	600	0	5	-1	4	-1
605	5	0	0	600	0	5	-1	4	-1
606	5	0	0	600	0	5	-1	4	-1
607	5	0	0	600	0	5	-1	4	-1
608	5	0	0	600	0	5	-1	4	-1
609	5	0	0	600	0	5	-1	4	-1
610	5	0	0	600	0	5	-1	4	-1
611	5	0	0	600	0	5	-1	4	-1
612	5	0	0	600	0	5	-1	4	-1
613	5	0	0	600	0	5	-1	4	-1
614	5	0	0	600	0	5	-1	4	-1
615	5	0	0	600	0	5	-1	4	-1
616	5	0	0	600	0	5	-1	4	-1
617	5	0	0	600	0	5	-1	4	-1
618	5	0	0	600	0	5	-1	4	-1
619	5	1	1	600	619	5	5	4	-1
620	5	1	1	600	619	5	5	4	-1
621	5	1	1	600	619	5	5	4	-1
622	5	1	1	600	619	5	5	4	-1
623	5	1	1	600	619	5	5	4	-1
624	5	1	1	600	619	5	5	4	-1
625	5	1	1	600	619	5	5	4	-1
626	5	1	1	600	619	5	5	4	-1
627	5	1	1	600	619	5	5	4	-1
628	5	1	1	600	619	5	5	4	-1
629	5	1	1	600	619	5	5	4	-1
630	5	1	1	600	619	5	5	4	-1
631	5	1	1	600	619	5	5	4	-1
632	5	1	1	600	619	5	5	4	-1
633	5	1	1	600	619	5	5	4	-1
634	5	1	1	600	619	5	5	4	-1
635	5	1	1	600	619	5	5	4	-1
636	5	1	1	600	619	5	5	4	-1
637	5	1	1	600	619	5	5	4	-1
638	5	1	1	600	619	5	5	4	-1
639	5	1	1	600	619	5	5	4	-1
640	5	1	1	600	619	5	5	4	-1
641	5	1	1	600	619	5	5	4	-1
642	5	1	1	600	619	5	5	4	-1
643	5	1	1	600	619	5	5	4	-1
644	5	1	1	600	619	5	5	4	-1
645	5	1	1	600	619	5	5	4	-1
646	5	1	1	600	619	5	5	4	-1
647	5	1	1	600	619	5	5	4	-1
648	5	1	1	600	619	5	5	4	-1
649	5	1	1	600	619	5	5	4	-1
650	5	1	1	600	619	5	5	4	-1
651	5	1	1	600	619	5	5	4	-1
652	5	1	1	600	619	5	5	4	-1
653	5	1	1	600	619	5	5	4	-1
654	5	1	1	600	619	5	5	4	-1
655	5	1	1	600	619	5	5	4	-1
656	5	1	1	600	619	5	5	4	-1
657	5	1	1	600	619	5	5	4	-1
658	5	1	1	600	619	5	5	4	-1
659	5	1	1	600	619	5	5	4	-1
660	5	1	1	600	619	5	5	4	-1
661	5	1	1	600	619	5	5	4	-1
662	5	1	1	600	619	5	5	4	-1
663	5	1	1	600	619	5	5	4	-1
664	5	1	1	600	619	5	5	4	-1
665	5	1	1	600	619	5	5	4	-1
666	5	1	1	600	619	5	5	4	-1
667	5	1	1	600	619	5	5	4	-1
668	5	1	1	600	619	5	5	4	-1
