1	14	0	0	600	0	14	-1	-1	-1
2	14	0	0	600	0	14	-1	-1	-1
3	14	0	0	600	0	14	-1	-1	-1
4	14	0	0	600	0	14	-1	-1	-1
5	14	0	0	600	0	14	-1	-1	-1
6	14	0	0	600	0	14	-1	-1	-1
7	14	0	0	600	0	14	-1	-1	-1
8	14	0	0	600	0	14	-1	-1	-1
9	14	0	0	600	0	14	-1	-1	-1
10	14	0	0	600	0	14	-1	-1	-1
11	14	0	0	600	0	14	-1	-1	-1
12	14	0	0	600	0	14	-1	-1	-1
13	14	0	0	600	0	14	-1	-1	-1
14	14	0	0	600	0	14	-1	-1	-1
15	14	0	0	600	0	14	-1	-1	-1
16	14	0	0	600	0	14	-1	-1	-1
17	14	0	0	600	0	14	-1	-1	-1
18	14	0	0	600	0	14	-1	-1	-1
19	14	0	0	600	0	14	-1	-1	-1
20	14	0	0	600	0	14	-1	-1	-1
21	14	0	0	600	0	14	-1	-1	-1
22	14	0	0	600	0	14	-1	-1	-1
23	14	0	0	600	0	14	-1	-1	-1
24	14	0	0	600	0	14	-1	-1	-1
25	14	0	0	600	0	14	-1	-1	-1
26	14	0	0	600	0	14	-1	-1	-1
27	14	0	0	600	0	14	-1	-1	-1
28	14	0	0	600	0	14	-1	-1	-1
29	14	0	0	600	0	14	-1	-1	-1
30	14	0	0	600	0	14	-1	-1	-1
31	14	0	0	600	0	14	-1	-1	-1
32	14	0	0	600	0	14	-1	-1	-1
33	14	0	0	600	0	14	-1	-1	-1
34	14	0	0	600	0	14	-1	-1	-1
35	14	0	0	600	0	14	-1	-1	-1
36	14	0	0	600	0	14	-1	-1	-1
37	14	0	0	600	0	14	-1	-1	-1
38	14	0	0	600	0	14	-1	-1	-1
39	14	0	0	600	0	14	-1	-1	-1
40	14	0	0	600	0	14	-1	-1	-1
41	14	0	0	600	0	14	-1	-1	-1
42	14	0	0	600	0	14	-1	-1	-1
43	14	0	0	600	0	14	-1	-1	-1
44	14	0	0	600	0	14	-1	-1	-1
45	14	0	0	600	0	14	-1	-1	-1
46	14	0	0	600	0	14	-1	-1	-1
47	14	0	0	600	0	14	-1	-1	-1
48	14	0	0	600	0	14	-1	-1	-1
49	14	0	0	600	0	14	-1	-1	-1
50	14	0	0	600	0	14	-1	-1	-1
51	14	0	0	600	0	14	-1	-1	-1
52	14	0	0	600	0	14	-1	-1	-1
53	14	0	0	600	0	14	-1	-1	-1
54	14	0	0	600	0	14	-1	-1	-1
55	14	0	0	600	0	14	-1	-1	-1
56	14	0	0	600	0	14	-1	-1	-1
57	14	0	0	600	0	14	-1	-1	-1
58	14	0	0	600	0	14	-1	-1	-1
59	14	0	0	600	0	14	-1	-1	-1
60	14	0	0	600	0	14	-1	-1	-1
61	14	0	0	600	0	14	-1	-1	-1
62	14	0	0	600	0	14	-1	-1	-1
63	14	0	0	600	0	14	-1	-1	-1
64	14	0	0	600	0	14	-1	-1	-1
65	14	0	0	600	0	14	-1	-1	-1
66	14	0	0	600	0	14	-1	-1	-1
67	14	0	0	600	0	14	-1	-1	-1
68	14	0	0	600	0	14	-1	-1	-1
69	14	0	0	600	0	14	-1	-1	-1
70	14	0	0	600	0	14	-1	-1	-1
71	14	0	0	600	0	14	-1	-1	-1
72	14	0	0	600	0	14	-1	-1	-1
73	14	0	0	600	0	14	-1	-1	-1
74	14	0	0	600	0	14	-1	-1	-1
75	14	0	0	600	0	14	-1	-1	-1
76	14	0	0	600	0	14	-1	-1	-1
77	14	0	0	600	0	14	-1	-1	-1
78	14	0	0	600	0	14	-1	-1	-1
79	14	0	0	600	0	14	-1	-1	-1
80	14	0	0	600	0	14	-1	-1	-1
81	14	0	0	600	0	14	-1	-1	-1
82	14	0	0	600	0	14	-1	-1	-1
83	14	0	0	600	0	14	-1	-1	-1
84	14	0	0	600	0	14	-1	-1	-1
85	14	0	0	600	0	14	-1	-1	-1
86	14	0	0	600	0	14	-1	-1	-1
87	14	0	0	600	0	14	-1	-1	-1
88	14	0	0	600	0	14	-1	-1	-1
89	14	0	0	600	0	14	-1	-1	-1
90	14	0	0	600	0	14	-1	-1	-1
91	14	0	0	600	0	14	-1	-1	-1
92	14	0	0	600	0	14	-1	-1	-1
93	14	0	0	600	0	14	-1	-1	-1
94	14	0	0	600	0	14	-1	-1	-1
95	14	0	0	600	0	14	-1	-1	-1
96	14	0	0	600	0	14	-1	-1	-1
97	14	0	0	600	0	14	-1	-1	-1
98	14	0	0	600	0	14	-1	-1	-1
99	14	0	0	600	0	14	-1	-1	-1
100	14	0	0	600	0	14	-1	-1	-1
101	14	0	0	600	0	14	-1	-1	-1
102	14	0	0	600	0	14	-1	-1	-1
103	14	0	0	600	0	14	-1	-1	-1
104	14	0	0	600	0	14	-1	-1	-1
105	14	0	0	600	0	14	-1	-1	-1
106	14	0	0	600	0	14	-1	-1	-1
107	14	0	0	600	0	14	-1	-1	-1
108	14	0	0	600	0	14	-1	-1	-1
109	14	0	0	600	0	14	-1	-1	-1
110	14	0	0	600	0	14	-1	-1	-1
111	14	0	0	600	0	14	-1	-1	-1
112	14	0	0	600	0	14	-1	-1	-1
113	14	0	0	600	0	14	-1	-1	-1
114	14	0	0	600	0	14	-1	-1	-1
115	14	0	0	600	0	14	-1	-1	-1
116	14	0	0	600	0	14	-1	-1	-1
117	14	0	0	600	0	14	-1	-1	-1
118	14	0	0	600	0	14	-1	-1	-1
119	14	0	0	600	0	14	-1	-1	-1
120	14	0	0	600	0	14	-1	-1	-1
121	14	0	0	600	0	14	-1	-1	-1
122	14	0	0	600	0	14	-1	-1	-1
123	14	0	0	600	0	14	-1	-1	-1
124	14	0	0	600	0	14	-1	-1	-1
125	14	0	0	600	0	14	-1	-1	-1
126	14	0	0	600	0	14	-1	-1	-1
127	14	0	0	600	0	14	-1	-1	-1
128	14	0	0	600	0	14	-1	-1	-1
129	14	0	0	600	0	14	-1	-1	-1
130	14	0	0	600	0	14	-1	-1	-1
131	14	0	0	600	0	14	-1	-1	-1
132	14	0	0	600	0	14	-1	-1	-1
133	14	0	0	600	0	14	-1	-1	-1
134	14	0	0	600	0	14	-1	-1	-1
135	14	0	0	600	0	14	-1	-1	-1
136	14	0	0	600	0	14	-1	-1	-1
137	14	0	0	600	0	14	-1	-1	-1
138	14	0	0	600	0	14	-1	-1	-1
139	14	0	0	600	0	14	-1	-1	-1
140	14	0	0	600	0	14	-1	-1	-1
141	14	0	0	600	0	14	-1	-1	-1
142	14	0	0	600	0	14	-1	-1	-1
143	14	0	0	600	0	14	-1	-1	-1
144	14	0	0	600	0	14	-1	-1	-1
145	14	0	0	600	0	14	-1	-1	-1
146	14	0	0	600	0	14	-1	-1	-1
147	14	0	0	600	0	14	-1	-1	-1
148	14	0	0	600	0	14	-1	-1	-1
149	14	0	0	600	0	14	-1	-1	-1
150	14	0	0	600	0	14	-1	-1	-1
151	14	0	0	600	0	14	-1	-1	-1
152	14	0	0	600	0	14	-1	-1	-1
153	14	0	0	600	0	14	-1	-1	-1
154	14	0	0	600	0	14	-1	-1	-1
155	14	0	0	600	0	14	-1	-1	-1
156	14	0	0	600	0	14	-1	-1	-1
157	14	0	0	600	0	14	-1	-1	-1
158	14	0	0	600	0	14	-1	-1	-1
159	14	0	0	600	0	14	-1	-1	-1
160	14	0	0	600	0	14	-1	-1	-1
161	14	0	0	600	0	14	-1	-1	-1
162	14	0	0	600	0	14	-1	-1	-1
163	14	0	0	600	0	14	-1	-1	-1
164	14	0	0	600	0	14	-1	-1	-1
165	14	0	0	600	0	14	-1	-1	-1
166	14	0	0	600	0	14	-1	-1	-1
167	14	0	0	600	0	14	-1	-1	-1
168	14	0	0	600	0	14	-1	-1	-1
169	14	0	0	600	0	14	-1	-1	-1
170	14	0	0	600	0	14	-1	-1	-1
171	14	0	0	600	0	14	-1	-1	-1
172	14	0	0	600	0	14	-1	-1	-1
173	14	0	0	600	0	14	-1	-1	-1
174	14	0	0	600	0	14	-1	-1	-1
175	14	0	0	600	0	14	-1	-1	-1
176	14	0	0	600	0	14	-1	-1	-1
177	14	0	0	600	0	14	-1	-1	-1
178	14	0	0	600	0	14	-1	-1	-1
179	14	0	0	600	0	14	-1	-1	-1
180	14	0	0	600	0	14	-1	-1	-1
181	14	0	0	600	0	14	-1	-1	-1
182	14	0	0	600	0	14	-1	-1	-1
183	14	0	0	600	0	14	-1	-1	-1
184	14	0	0	600	0	14	-1	-1	-1
185	14	0	0	600	0	14	-1	-1	-1
186	14	0	0	600	0	14	-1	-1	-1
187	14	0	0	600	0	14	-1	-1	-1
188	14	0	0	600	0	14	-1	-1	-1
189	14	0	0	600	0	14	-1	-1	-1
190	14	0	0	600	0	14	-1	-1	-1
191	14	0	0	600	0	14	-1	-1	-1
192	14	0	0	600	0	14	-1	-1	-1
193	14	0	0	600	0	14	-1	-1	-1
194	14	0	0	600	0	14	-1	-1	-1
195	14	0	0	600	0	14	-1	-1	-1
196	14	0	0	600	0	14	-1	-1	-1
197	14	0	0	600	0	14	-1	-1	-1
198	14	0	0	600	0	14	-1	-1	-1
199	14	0	0	600	0	14	-1	-1	-1
200	14	0	0	600	0	14	-1	-1	-1
201	14	0	0	600	0	14	-1	-1	-1
202	14	0	0	600	0	14	-1	-1	-1
203	14	0	0	600	0	14	-1	-1	-1
204	14	0	0	600	0	14	-1	-1	-1
205	14	0	0	600	0	14	-1	-1	-1
206	14	0	0	600	0	14	-1	-1	-1
207	14	0	0	600	0	14	-1	-1	-1
208	14	0	0	600	0	14	-1	-1	-1
209	14	0	0	600	0	14	-1	-1	-1
210	14	0	0	600	0	14	-1	-1	-1
211	14	0	0	600	0	14	-1	-1	-1
212	14	0	0	600	0	14	-1	-1	-1
213	14	0	0	600	0	14	-1	-1	-1
214	14	0	0	600	0	14	-1	-1	-1
215	14	0	0	600	0	14	-1	-1	-1
216	14	0	0	600	0	14	-1	-1	-1
217	14	0	0	600	0	14	-1	-1	-1
218	14	0	0	600	0	14	-1	-1	-1
219	14	0	0	600	0	14	-1	-1	-1
220	14	0	0	600	0	14	-1	-1	-1
221	14	0	0	600	0	14	-1	-1	-1
222	14	0	0	600	0	14	-1	-1	-1
223	14	0	0	600	0	14	-1	-1	-1
224	14	0	0	600	0	14	-1	-1	-1
225	14	0	0	600	0	14	-1	-1	-1
226	14	0	0	600	0	14	-1	-1	-1
227	14	0	0	600	0	14	-1	-1	-1
228	14	0	0	600	0	14	-1	-1	-1
229	14	0	0	600	0	14	-1	-1	-1
230	14	0	0	600	0	14	-1	-1	-1
231	14	0	0	600	0	14	-1	-1	-1
232	14	0	0	600	0	14	-1	-1	-1
233	14	0	0	600	0	14	-1	-1	-1
234	14	0	0	600	0	14	-1	-1	-1
235	14	0	0	600	0	14	-1	-1	-1
236	14	0	0	600	0	14	-1	-1	-1
237	14	0	0	600	0	14	-1	-1	-1
238	14	0	0	600	0	14	-1	-1	-1
239	14	0	0	600	0	14	-1	-1	-1
240	14	0	0	600	0	14	-1	-1	-1
241	14	0	0	600	0	14	-1	-1	-1
242	14	0	0	600	0	14	-1	-1	-1
243	14	0	0	600	0	14	-1	-1	-1
244	14	0	0	600	0	14	-1	-1	-1
245	14	0	0	600	0	14	-1	-1	-1
246	14	0	0	600	0	14	-1	-1	-1
247	14	0	0	600	0	14	-1	-1	-1
248	14	0	0	600	0	14	-1	-1	-1
249	14	0	0	600	0	14	-1	-1	-1
250	14	0	0	600	0	14	-1	-1	-1
251	14	0	0	600	0	14	-1	-1	-1
252	14	0	0	600	0	14	-1	-1	-1
253	14	0	0	600	0	14	-1	-1	-1
254	14	0	0	600	0	14	-1	-1	-1
255	14	0	0	600	0	14	-1	-1	-1
256	14	0	0	600	0	14	-1	-1	-1
257	14	0	0	600	0	14	-1	-1	-1
258	14	0	0	600	0	14	-1	-1	-1
259	14	0	0	600	0	14	-1	-1	-1
260	14	0	0	600	0	14	-1	-1	-1
261	14	0	0	600	0	14	-1	-1	-1
262	14	0	0	600	0	14	-1	-1	-1
263	14	0	0	600	0	14	-1	-1	-1
264	14	0	0	600	0	14	-1	-1	-1
265	14	0	0	600	0	14	-1	-1	-1
266	14	0	0	600	0	14	-1	-1	-1
267	14	0	0	600	0	14	-1	-1	-1
268	14	0	0	600	0	14	-1	-1	-1
269	14	0	0	600	0	14	-1	-1	-1
270	14	0	0	600	0	14	-1	-1	-1
271	14	0	0	600	0	14	-1	-1	-1
272	14	0	0	600	0	14	-1	-1	-1
273	14	0	0	600	0	14	-1	-1	-1
274	14	0	0	600	0	14	-1	-1	-1
275	14	0	0	600	0	14	-1	-1	-1
276	14	0	0	600	0	14	-1	-1	-1
277	14	0	0	600	0	14	-1	-1	-1
278	14	0	0	600	0	14	-1	-1	-1
279	14	0	0	600	0	14	-1	-1	-1
280	14	0	0	600	0	14	-1	-1	-1
281	14	0	0	600	0	14	-1	-1	-1
282	14	0	0	600	0	14	-1	-1	-1
283	14	0	0	600	0	14	-1	-1	-1
284	14	0	0	600	0	14	-1	-1	-1
285	14	0	0	600	0	14	-1	-1	-1
286	14	0	0	600	0	14	-1	-1	-1
287	14	0	0	600	0	14	-1	-1	-1
288	14	0	0	600	0	14	-1	-1	-1
289	14	0	0	600	0	14	-1	-1	-1
290	14	0	0	600	0	14	-1	-1	-1
291	14	0	0	600	0	14	-1	-1	-1
292	14	0	0	600	0	14	-1	-1	-1
293	14	0	0	600	0	14	-1	-1	-1
294	14	0	0	600	0	14	-1	-1	-1
295	14	0	0	600	0	14	-1	-1	-1
296	14	0	0	600	0	14	-1	-1	-1
297	14	0	0	600	0	14	-1	-1	-1
298	14	0	0	600	0	14	-1	-1	-1
299	14	0	0	600	0	14	-1	-1	-1
300	14	0	0	600	0	14	-1	-1	-1
301	14	0	0	600	0	14	-1	-1	-1
302	14	0	0	600	0	14	-1	-1	-1
303	14	0	0	600	0	14	-1	-1	-1
304	14	0	0	600	0	14	-1	-1	-1
305	14	0	0	600	0	14	-1	-1	-1
306	14	0	0	600	0	14	-1	-1	-1
307	14	0	0	600	0	14	-1	-1	-1
308	14	0	0	600	0	14	-1	-1	-1
309	14	0	0	600	0	14	-1	-1	-1
310	14	0	0	600	0	14	-1	-1	-1
311	14	0	0	600	0	14	-1	-1	-1
312	14	0	0	600	0	14	-1	-1	-1
313	14	0	0	600	0	14	-1	-1	-1
314	14	0	0	600	0	14	-1	-1	-1
315	14	0	0	600	0	14	-1	-1	-1
316	14	0	0	600	0	14	-1	-1	-1
317	14	0	0	600	0	14	-1	-1	-1
318	14	0	0	600	0	14	-1	-1	-1
319	14	0	0	600	0	14	-1	-1	-1
320	14	0	0	600	0	14	-1	-1	-1
321	14	0	0	600	0	14	-1	-1	-1
322	14	0	0	600	0	14	-1	-1	-1
323	14	0	0	600	0	14	-1	-1	-1
324	14	0	0	600	0	14	-1	-1	-1
325	14	0	0	600	0	14	-1	-1	-1
326	14	0	0	600	0	14	-1	-1	-1
327	14	0	0	600	0	14	-1	-1	-1
328	14	0	0	600	0	14	-1	-1	-1
329	14	0	0	600	0	14	-1	-1	-1
330	14	0	0	600	0	14	-1	-1	-1
331	14	0	0	600	0	14	-1	-1	-1
332	14	0	0	600	0	14	-1	-1	-1
333	14	0	0	600	0	14	-1	-1	-1
334	14	0	0	600	0	14	-1	-1	-1
335	14	0	0	600	0	14	-1	-1	-1
336	14	0	0	600	0	14	-1	-1	-1
337	14	0	0	600	0	14	-1	-1	-1
338	14	0	0	600	0	14	-1	-1	-1
339	14	0	0	600	0	14	-1	-1	-1
340	14	0	0	600	0	14	-1	-1	-1
341	14	0	0	600	0	14	-1	-1	-1
342	14	0	0	600	0	14	-1	-1	-1
343	14	0	0	600	0	14	-1	-1	-1
344	14	0	0	600	0	14	-1	-1	-1
345	14	0	0	600	0	14	-1	-1	-1
346	14	0	0	600	0	14	-1	-1	-1
347	14	0	0	600	0	14	-1	-1	-1
348	14	0	0	600	0	14	-1	-1	-1
349	14	0	0	600	0	14	-1	-1	-1
350	14	0	0	600	0	14	-1	-1	-1
351	14	0	0	600	0	14	-1	-1	-1
352	14	0	0	600	0	14	-1	-1	-1
353	14	0	0	600	0	14	-1	-1	-1
354	14	0	0	600	0	14	-1	-1	-1
355	14	0	0	600	0	14	-1	-1	-1
356	14	0	0	600	0	14	-1	-1	-1
357	14	0	0	600	0	14	-1	-1	-1
358	14	0	0	600	0	14	-1	-1	-1
359	14	0	0	600	0	14	-1	-1	-1
360	14	0	0	600	0	14	-1	-1	-1
361	14	0	0	600	0	14	-1	-1	-1
362	14	0	0	600	0	14	-1	-1	-1
363	14	0	0	600	0	14	-1	-1	-1
364	14	0	0	600	0	14	-1	-1	-1
365	14	0	0	600	0	14	-1	-1	-1
366	14	0	0	600	0	14	-1	-1	-1
367	14	0	0	600	0	14	-1	-1	-1
368	14	0	0	600	0	14	-1	-1	-1
369	14	0	0	600	0	14	-1	-1	-1
370	14	0	0	600	0	14	-1	-1	-1
371	14	0	0	600	0	14	-1	-1	-1
372	14	0	0	600	0	14	-1	-1	-1
373	14	0	0	600	0	14	-1	-1	-1
374	14	0	0	600	0	14	-1	-1	-1
375	14	0	0	600	0	14	-1	-1	-1
376	14	0	0	600	0	14	-1	-1	-1
377	14	0	0	600	0	14	-1	-1	-1
378	14	0	0	600	0	14	-1	-1	-1
379	14	0	0	600	0	14	-1	-1	-1
380	14	0	0	600	0	14	-1	-1	-1
381	14	0	0	600	0	14	-1	-1	-1
382	14	0	0	600	0	14	-1	-1	-1
383	14	0	0	600	0	14	-1	-1	-1
384	14	0	0	600	0	14	-1	-1	-1
385	14	0	0	600	0	14	-1	-1	-1
386	14	0	0	600	0	14	-1	-1	-1
387	14	0	0	600	0	14	-1	-1	-1
388	14	0	0	600	0	14	-1	-1	-1
389	14	0	0	600	0	14	-1	-1	-1
390	14	0	0	600	0	14	-1	-1	-1
391	14	0	0	600	0	14	-1	-1	-1
392	14	0	0	600	0	14	-1	-1	-1
393	14	0	0	600	0	14	-1	-1	-1
394	14	0	0	600	0	14	-1	-1	-1
395	14	0	0	600	0	14	-1	-1	-1
396	14	0	0	600	0	14	-1	-1	-1
397	14	0	0	600	0	14	-1	-1	-1
398	14	0	0	600	0	14	-1	-1	-1
399	14	0	0	600	0	14	-1	-1	-1
400	14	0	0	600	0	14	-1	-1	-1
401	14	0	0	600	0	14	-1	-1	-1
402	14	0	0	600	0	14	-1	-1	-1
403	14	0	0	600	0	14	-1	-1	-1
404	14	0	0	600	0	14	-1	-1	-1
405	14	0	0	600	0	14	-1	-1	-1
406	14	0	0	600	0	14	-1	-1	-1
407	14	0	0	600	0	14	-1	-1	-1
408	14	0	0	600	0	14	-1	-1	-1
409	14	0	0	600	0	14	-1	-1	-1
410	14	0	0	600	0	14	-1	-1	-1
411	14	0	0	600	0	14	-1	-1	-1
412	14	0	0	600	0	14	-1	-1	-1
413	14	0	0	600	0	14	-1	-1	-1
414	14	0	0	600	0	14	-1	-1	-1
415	14	0	0	600	0	14	-1	-1	-1
416	14	0	0	600	0	14	-1	-1	-1
417	14	0	0	600	0	14	-1	-1	-1
418	14	0	0	600	0	14	-1	-1	-1
419	14	0	0	600	0	14	-1	-1	-1
420	14	0	0	600	0	14	-1	-1	-1
421	14	0	0	600	0	14	-1	-1	-1
422	14	0	0	600	0	14	-1	-1	-1
423	14	0	0	600	0	14	-1	-1	-1
424	14	0	0	600	0	14	-1	-1	-1
425	14	0	0	600	0	14	-1	-1	-1
426	14	0	0	600	0	14	-1	-1	-1
427	14	0	0	600	0	14	-1	-1	-1
428	14	0	0	600	0	14	-1	-1	-1
429	14	0	0	600	0	14	-1	-1	-1
430	14	0	0	600	0	14	-1	-1	-1
431	14	0	0	600	0	14	-1	-1	-1
432	14	0	0	600	0	14	-1	-1	-1
433	14	0	0	600	0	14	-1	-1	-1
434	14	0	0	600	0	14	-1	-1	-1
435	14	0	0	600	0	14	-1	-1	-1
436	14	0	0	600	0	14	-1	-1	-1
437	14	0	0	600	0	14	-1	-1	-1
438	14	0	0	600	0	14	-1	-1	-1
439	14	0	0	600	0	14	-1	-1	-1
440	14	0	0	600	0	14	-1	-1	-1
441	14	0	0	600	0	14	-1	-1	-1
442	14	0	0	600	0	14	-1	-1	-1
443	14	0	0	600	0	14	-1	-1	-1
444	14	0	0	600	0	14	-1	-1	-1
445	14	0	0	600	0	14	-1	-1	-1
446	14	0	0	600	0	14	-1	-1	-1
447	14	0	0	600	0	14	-1	-1	-1
448	14	0	0	600	0	14	-1	-1	-1
449	14	0	0	600	0	14	-1	-1	-1
450	14	0	0	600	0	14	-1	-1	-1
451	14	0	0	600	0	14	-1	-1	-1
452	14	0	0	600	0	14	-1	-1	-1
453	14	0	0	600	0	14	-1	-1	-1
454	14	0	0	600	0	14	-1	-1	-1
455	14	0	0	600	0	14	-1	-1	-1
456	14	0	0	600	0	14	-1	-1	-1
457	14	0	0	600	0	14	-1	-1	-1
458	14	0	0	600	0	14	-1	-1	-1
459	14	0	0	600	0	14	-1	-1	-1
460	14	0	0	600	0	14	-1	-1	-1
461	14	0	0	600	0	14	-1	-1	-1
462	14	0	0	600	0	14	-1	-1	-1
463	14	0	0	600	0	14	-1	-1	-1
464	14	0	0	600	0	14	-1	-1	-1
465	14	0	0	600	0	14	-1	-1	-1
466	14	0	0	600	0	14	-1	-1	-1
467	14	0	0	600	0	14	-1	-1	-1
468	14	0	0	600	0	14	-1	-1	-1
469	14	0	0	600	0	14	-1	-1	-1
470	14	0	0	600	0	14	-1	-1	-1
471	14	0	0	600	0	14	-1	-1	-1
472	14	0	0	600	0	14	-1	-1	-1
473	14	0	0	600	0	14	-1	-1	-1
474	14	0	0	600	0	14	-1	-1	-1
475	14	0	0	600	0	14	-1	-1	-1
476	14	0	0	600	0	14	-1	-1	-1
477	14	0	0	600	0	14	-1	-1	-1
478	14	0	0	600	0	14	-1	-1	-1
479	14	0	0	600	0	14	-1	-1	-1
480	14	0	0	600	0	14	-1	-1	-1
481	14	0	0	600	0	14	-1	-1	-1
482	14	0	0	600	0	14	-1	-1	-1
483	14	0	0	600	0	14	-1	-1	-1
484	14	0	0	600	0	14	-1	-1	-1
485	14	0	0	600	0	14	-1	-1	-1
486	14	0	0	600	0	14	-1	-1	-1
487	14	0	0	600	0	14	-1	-1	-1
488	14	0	0	600	0	14	-1	-1	-1
489	14	0	0	600	0	14	-1	-1	-1
490	14	0	0	600	0	14	-1	-1	-1
491	14	0	0	600	0	14	-1	-1	-1
492	14	0	0	600	0	14	-1	-1	-1
493	14	0	0	600	0	14	-1	-1	-1
494	14	0	0	600	0	14	-1	-1	-1
495	14	0	0	600	0	14	-1	-1	-1
496	14	0	0	600	0	14	-1	-1	-1
497	14	0	0	600	0	14	-1	-1	-1
498	14	0	0	600	0	14	-1	-1	-1
499	14	0	0	600	0	14	-1	-1	-1
500	14	0	0	600	0	14	-1	-1	-1
501	14	0	0	600	0	14	-1	-1	-1
502	14	0	0	600	0	14	-1	-1	-1
503	14	0	0	600	0	14	-1	-1	-1
504	14	0	0	600	0	14	-1	-1	-1
505	14	0	0	600	0	14	-1	-1	-1
506	14	0	0	600	0	14	-1	-1	-1
507	14	0	0	600	0	14	-1	-1	-1
508	14	0	0	600	0	14	-1	-1	-1
509	14	0	0	600	0	14	-1	-1	-1
510	14	0	0	600	0	14	-1	-1	-1
511	14	0	0	600	0	14	-1	-1	-1
512	14	0	0	600	0	14	-1	-1	-1
513	14	0	0	600	0	14	-1	-1	-1
514	14	0	0	600	0	14	-1	-1	-1
515	14	0	0	600	0	14	-1	-1	-1
516	14	0	0	600	0	14	-1	-1	-1
517	14	0	0	600	0	14	-1	-1	-1
518	14	0	0	600	0	14	-1	-1	-1
519	14	0	0	600	0	14	-1	-1	-1
520	14	0	0	600	0	14	-1	-1	-1
521	14	0	0	600	0	14	-1	-1	-1
522	14	0	0	600	0	14	-1	-1	-1
523	14	0	0	600	0	14	-1	-1	-1
524	14	0	0	600	0	14	-1	-1	-1
525	14	0	0	600	0	14	-1	-1	-1
526	14	0	0	600	0	14	-1	-1	-1
527	14	0	0	600	0	14	-1	-1	-1
528	14	0	0	600	0	14	-1	-1	-1
529	14	0	0	600	0	14	-1	-1	-1
530	14	0	0	600	0	14	-1	-1	-1
531	14	0	0	600	0	14	-1	-1	-1
532	14	0	0	600	0	14	-1	-1	-1
533	14	0	0	600	0	14	-1	-1	-1
534	14	0	0	600	0	14	-1	-1	-1
535	14	0	0	600	0	14	-1	-1	-1
536	14	0	0	600	0	14	-1	-1	-1
537	14	0	0	600	0	14	-1	-1	-1
538	14	0	0	600	0	14	-1	-1	-1
539	14	0	0	600	0	14	-1	-1	-1
540	14	0	0	600	0	14	-1	-1	-1
541	14	0	0	600	0	14	-1	-1	-1
542	14	0	0	600	0	14	-1	-1	-1
543	14	0	0	600	0	14	-1	-1	-1
544	14	0	0	600	0	14	-1	-1	-1
545	14	0	0	600	0	14	-1	-1	-1
546	14	0	0	600	0	14	-1	-1	-1
547	14	0	0	600	0	14	-1	-1	-1
548	14	0	0	600	0	14	-1	-1	-1
549	14	0	0	600	0	14	-1	-1	-1
550	14	0	0	600	0	14	-1	-1	-1
551	14	0	0	600	0	14	-1	-1	-1
552	14	0	0	600	0	14	-1	-1	-1
553	14	0	0	600	0	14	-1	-1	-1
554	14	0	0	600	0	14	-1	-1	-1
555	14	0	0	600	0	14	-1	-1	-1
556	14	0	0	600	0	14	-1	-1	-1
557	14	0	0	600	0	14	-1	-1	-1
558	14	0	0	600	0	14	-1	-1	-1
559	14	0	0	600	0	14	-1	-1	-1
560	14	0	0	600	0	14	-1	-1	-1
561	14	0	0	600	0	14	-1	-1	-1
562	14	0	0	600	0	14	-1	-1	-1
563	14	0	0	600	0	14	-1	-1	-1
564	14	0	0	600	0	14	-1	-1	-1
565	14	0	0	600	0	14	-1	-1	-1
566	14	0	0	600	0	14	-1	-1	-1
567	14	0	0	600	0	14	-1	-1	-1
568	14	0	0	600	0	14	-1	-1	-1
569	14	0	0	600	0	14	-1	-1	-1
570	14	0	0	600	0	14	-1	-1	-1
571	14	0	0	600	0	14	-1	-1	-1
572	14	0	0	600	0	14	-1	-1	-1
573	14	0	0	600	0	14	-1	-1	-1
574	14	0	0	600	0	14	-1	-1	-1
575	14	0	0	600	0	14	-1	-1	-1
576	14	0	0	600	0	14	-1	-1	-1
577	14	0	0	600	0	14	-1	-1	-1
578	14	0	0	600	0	14	-1	-1	-1
579	14	0	0	600	0	14	-1	-1	-1
580	14	0	0	600	0	14	-1	-1	-1
581	14	0	0	600	0	14	-1	-1	-1
582	14	0	0	600	0	14	-1	-1	-1
583	14	0	0	600	0	14	-1	-1	-1
584	14	0	0	600	0	14	-1	-1	-1
585	14	0	0	600	0	14	-1	-1	-1
586	14	0	0	600	0	14	-1	-1	-1
587	14	0	0	600	0	14	-1	-1	-1
588	14	0	0	600	0	14	-1	-1	-1
589	14	0	0	600	0	14	-1	-1	-1
590	14	0	0	600	0	14	-1	-1	-1
591	14	0	0	600	0	14	-1	-1	-1
592	14	0	0	600	0	14	-1	-1	-1
593	14	0	0	600	0	14	-1	-1	-1
594	14	0	0	600	0	14	-1	-1	-1
595	14	0	0	600	0	14	-1	-1	-1
596	14	0	0	600	0	14	-1	-1	-1
597	14	0	0	600	0	14	-1	-1	-1
598	14	0	0	600	0	14	-1	-1	-1
599	14	0	0	600	0	14	-1	-1	-1
600	14	0	0	600	0	14	-1	-1	-1
601	14	0	0	600	0	14	-1	-1	-1
602	14	0	0	600	0	14	-1	-1	-1
603	14	0	0	600	0	14	-1	-1	-1
604	14	0	0	600	0	14	-1	-1	-1
605	14	0	0	600	0	14	-1	-1	-1
606	14	0	0	600	0	14	-1	-1	-1
607	14	0	0	600	0	14	-1	-1	-1
608	14	0	0	600	0	14	-1	-1	-1
609	14	0	0	600	0	14	-1	-1	-1
610	14	0	0	600	0	14	-1	-1	-1
611	14	0	0	600	0	14	-1	-1	-1
612	14	0	0	600	0	14	-1	-1	-1
613	14	0	0	600	0	14	-1	-1	-1
614	14	0	0	600	0	14	-1	-1	-1
615	14	0	0	600	0	14	-1	-1	-1
616	14	0	0	600	0	14	-1	-1	-1
617	14	0	0	600	0	14	-1	-1	-1
618	14	0	0	600	0	14	-1	-1	-1
619	14	0	0	600	0	14	-1	-1	-1
620	14	0	0	600	0	14	-1	-1	-1
621	14	0	0	600	0	14	-1	-1	-1
622	14	0	0	600	0	14	-1	-1	-1
623	14	0	0	600	0	14	-1	-1	-1
624	14	0	0	600	0	14	-1	-1	-1
625	14	0	0	600	0	14	-1	-1	-1
626	14	0	0	600	0	14	-1	-1	-1
627	14	0	0	600	0	14	-1	-1	-1
628	14	0	0	600	0	14	-1	-1	-1
629	14	0	0	600	0	14	-1	-1	-1
630	14	0	0	600	0	14	-1	-1	-1
631	14	0	0	600	0	14	-1	-1	-1
632	14	0	0	600	0	14	-1	-1	-1
633	14	0	0	600	0	14	-1	-1	-1
634	14	0	0	600	0	14	-1	-1	-1
635	14	0	0	600	0	14	-1	-1	-1
636	14	0	0	600	0	14	-1	-1	-1
637	14	0	0	600	0	14	-1	-1	-1
638	14	0	0	600	0	14	-1	-1	-1
639	14	0	0	600	0	14	-1	-1	-1
640	14	0	0	600	0	14	-1	-1	-1
641	14	0	0	600	0	14	-1	-1	-1
642	14	0	0	600	0	14	-1	-1	-1
643	14	0	0	600	0	14	-1	-1	-1
644	14	0	0	600	0	14	-1	-1	-1
645	14	0	0	600	0	14	-1	-1	-1
646	14	0	0	600	0	14	-1	-1	-1
647	14	0	0	600	0	14	-1	-1	-1
648	14	0	0	600	0	14	-1	-1	-1
649	14	0	0	600	0	14	-1	-1	-1
650	14	0	0	600	0	14	-1	-1	-1
651	14	1	0	600	0	14	9	-1	-1
652	14	1	0	600	0	14	9	-1	-1
653	14	1	0	600	0	14	9	-1	-1
654	14	1	0	600	0	14	9	-1	-1
655	14	1	0	600	0	14	9	-1	-1
656	14	1	0	600	0	14	9	-1	-1
657	14	1	0	600	0	14	9	-1	-1
658	14	1	0	600	0	14	9	-1	-1
659	14	1	0	600	0	14	9	-1	-1
660	14	1	0	600	0	14	9	-1	-1
661	14	1	0	600	0	14	9	-1	-1
662	14	1	0	600	0	14	9	-1	-1
663	14	1	0	600	0	14	9	-1	-1
664	14	1	0	600	0	14	9	-1	-1
665	14	1	0	600	0	14	9	-1	-1
666	14	1	0	600	0	14	9	-1	-1
667	14	1	0	600	0	14	9	-1	-1
668	14	1	0	600	0	14	9	-1	-1
669	14	1	0	600	0	14	9	-1	-1
670	14	1	0	600	0	14	9	-1	-1
671	14	1	0	600	0	14	9	-1	-1
672	14	1	0	600	0	14	9	-1	-1
673	14	1	0	600	0	14	9	-1	-1
674	14	1	0	600	0	14	9	-1	-1
675	14	1	0	600	0	14	9	-1	-1
676	14	1	0	600	0	14	9	-1	-1
677	14	1	0	600	0	14	9	-1	-1
678	14	1	0	600	0	14	9	-1	-1
679	14	1	0	600	0	14	9	-1	-1
680	14	1	0	600	0	14	9	-1	-1
681	14	1	0	600	0	14	9	-1	-1
