1	10	0	0	600	0	10	-1	-1	-2
2	10	0	0	600	0	10	-1	-1	-2
3	10	0	0	600	0	10	-1	-1	-2
4	10	0	0	600	0	10	-1	-1	-2
5	10	0	0	600	0	10	-1	-1	-2
6	10	0	0	600	0	10	-1	-1	-2
7	10	0	0	600	0	10	-1	-1	-2
8	10	0	0	600	0	10	-1	-1	-2
9	10	0	0	600	0	10	-1	-1	-2
10	10	0	0	600	0	10	-1	-1	-2
11	10	0	0	600	0	10	-1	-1	-2
12	10	0	0	600	0	10	-1	-1	-2
13	10	0	0	600	0	10	-1	-1	-2
14	10	0	0	600	0	10	-1	-1	-2
15	10	0	0	600	0	10	-1	-1	-2
16	10	0	0	600	0	10	-1	-1	-2
17	10	0	0	600	0	10	-1	-1	-2
18	10	0	0	600	0	10	-1	-1	-2
19	10	0	0	600	0	10	-1	-1	-2
20	10	0	0	600	0	10	-1	-1	-2
21	10	0	0	600	0	10	-1	-1	-2
22	10	0	0	600	0	10	-1	-1	-2
23	10	0	0	600	0	10	-1	-1	-2
24	10	0	0	600	0	10	-1	-1	-2
25	10	0	0	600	0	10	-1	-1	-2
26	10	0	0	600	0	10	-1	-1	-2
27	10	0	0	600	0	10	-1	-1	-2
28	10	0	0	600	0	10	-1	-1	-2
29	10	0	0	600	0	10	-1	-1	-2
30	10	0	0	600	0	10	-1	-1	-2
31	10	0	0	600	0	10	-1	-1	-2
32	10	0	0	600	0	10	-1	-1	-2
33	10	0	0	600	0	10	-1	-1	-2
34	10	0	0	600	0	10	-1	-1	-2
35	10	0	0	600	0	10	-1	-1	-2
36	10	0	0	600	0	10	-1	-1	-2
37	10	0	0	600	0	10	-1	-1	-2
38	10	0	0	600	0	10	-1	-1	-2
39	10	0	0	600	0	10	-1	-1	-2
40	10	0	0	600	0	10	-1	-1	-2
41	10	0	0	600	0	10	-1	-1	-2
42	10	0	0	600	0	10	-1	-1	-2
43	10	0	0	600	0	10	-1	-1	-2
44	10	0	0	600	0	10	-1	-1	-2
45	10	0	0	600	0	10	-1	-1	-2
46	10	0	0	600	0	10	-1	-1	-2
47	10	0	0	600	0	10	-1	-1	-2
48	10	0	0	600	0	10	-1	-1	-2
49	10	0	0	600	0	10	-1	-1	-2
50	10	0	0	600	0	10	-1	-1	-2
51	10	0	0	600	0	10	-1	-1	-2
52	10	0	0	600	0	10	-1	-1	-2
53	10	0	0	600	0	10	-1	-1	-2
54	10	0	0	600	0	10	-1	-1	-2
55	10	0	0	600	0	10	-1	-1	-2
56	10	0	0	600	0	10	-1	-1	-2
57	10	0	0	600	0	10	-1	-1	-2
58	10	0	0	600	0	10	-1	-1	-2
59	10	0	0	600	0	10	-1	-1	-2
60	10	0	0	600	0	10	-1	-1	-2
61	10	0	0	600	0	10	-1	-1	-2
62	10	0	0	600	0	10	-1	-1	-2
63	10	0	0	600	0	10	-1	-1	-2
64	10	0	0	600	0	10	-1	-1	-2
65	10	0	0	600	0	10	-1	-1	-2
66	10	0	0	600	0	10	-1	-1	-2
67	10	0	0	600	0	10	-1	-1	-2
68	10	0	0	600	0	10	-1	-1	-2
69	10	0	0	600	0	10	-1	-1	-2
70	10	0	0	600	0	10	-1	-1	-2
71	10	0	0	600	0	10	-1	-1	-2
72	10	0	0	600	0	10	-1	-1	-2
73	10	0	0	600	0	10	-1	-1	-2
74	10	0	0	600	0	10	-1	-1	-2
75	10	0	0	600	0	10	-1	-1	-2
76	10	0	0	600	0	10	-1	-1	-2
77	10	0	0	600	0	10	-1	-1	-2
78	10	0	0	600	0	10	-1	-1	-2
79	10	0	0	600	0	10	-1	-1	-2
80	10	0	0	600	0	10	-1	-1	-2
81	10	0	0	600	0	10	-1	-1	-2
82	10	0	0	600	0	10	-1	-1	-2
83	10	0	0	600	0	10	-1	-1	-2
84	10	0	0	600	0	10	-1	-1	-2
85	10	0	0	600	0	10	-1	-1	-2
86	10	0	0	600	0	10	-1	-1	-2
87	10	0	0	600	0	10	-1	-1	-2
88	10	0	0	600	0	10	-1	-1	-2
89	10	0	0	600	0	10	-1	-1	-2
90	10	0	0	600	0	10	-1	-1	-2
91	10	0	0	600	0	10	-1	-1	-2
92	10	0	0	600	0	10	-1	-1	-2
93	10	0	0	600	0	10	-1	-1	-2
94	10	0	0	600	0	10	-1	-1	-2
95	10	0	0	600	0	10	-1	-1	-2
96	10	0	0	600	0	10	-1	-1	-2
97	10	0	0	600	0	10	-1	-1	-2
98	10	0	0	600	0	10	-1	-1	-2
99	10	0	0	600	0	10	-1	-1	-2
100	10	0	0	600	0	10	-1	-1	-2
101	10	0	0	600	0	10	-1	-1	-2
102	10	0	0	600	0	10	-1	-1	-2
103	10	0	0	600	0	10	-1	-1	-2
104	10	0	0	600	0	10	-1	-1	-2
105	10	0	0	600	0	10	-1	-1	-2
106	10	0	0	600	0	10	-1	-1	-2
107	10	0	0	600	0	10	-1	-1	-2
108	10	0	0	600	0	10	-1	-1	-2
109	10	0	0	600	0	10	-1	-1	-2
110	10	0	0	600	0	10	-1	-1	-2
111	10	0	0	600	0	10	-1	-1	-2
112	10	0	0	600	0	10	-1	-1	-2
113	10	0	0	600	0	10	-1	-1	-2
114	10	0	0	600	0	10	-1	-1	-2
115	10	0	0	600	0	10	-1	-1	-2
116	10	0	0	600	0	10	-1	-1	-2
117	10	0	0	600	0	10	-1	-1	-2
118	10	0	0	600	0	10	-1	-1	-2
119	10	0	0	600	0	10	-1	-1	-2
120	10	0	0	600	0	10	-1	-1	-2
121	10	0	0	600	0	10	-1	-1	-2
122	10	0	0	600	0	10	-1	-1	-2
123	10	0	0	600	0	10	-1	-1	-2
124	10	0	0	600	0	10	-1	-1	-2
125	10	0	0	600	0	10	-1	-1	-2
126	10	0	0	600	0	10	-1	-1	-2
127	10	0	0	600	0	10	-1	-1	-2
128	10	0	0	600	0	10	-1	-1	-2
129	10	0	0	600	0	10	-1	-1	-2
130	10	0	0	600	0	10	-1	-1	-2
131	10	0	0	600	0	10	-1	-1	-2
132	10	0	0	600	0	10	-1	-1	-2
133	10	0	0	600	0	10	-1	-1	-2
134	10	0	0	600	0	10	-1	-1	-2
135	10	0	0	600	0	10	-1	-1	-2
136	10	0	0	600	0	10	-1	-1	-2
137	10	0	0	600	0	10	-1	-1	-2
138	10	0	0	600	0	10	-1	-1	-2
139	10	0	0	600	0	10	-1	-1	-2
140	10	0	0	600	0	10	-1	-1	-2
141	10	0	0	600	0	10	-1	-1	-2
142	10	0	0	600	0	10	-1	-1	-2
143	10	0	0	600	0	10	-1	-1	-2
144	10	0	0	600	0	10	-1	-1	-2
145	10	0	0	600	0	10	-1	-1	-2
146	10	0	0	600	0	10	-1	-1	-2
147	10	0	0	600	0	10	-1	-1	-2
148	10	0	0	600	0	10	-1	-1	-2
149	10	0	0	600	0	10	-1	-1	-2
150	10	0	0	600	0	10	-1	-1	-2
151	10	0	0	600	0	10	-1	-1	-2
152	10	0	0	600	0	10	-1	-1	-2
153	10	0	0	600	0	10	-1	-1	-2
154	10	0	0	600	0	10	-1	-1	-2
155	10	0	0	600	0	10	-1	-1	-2
156	10	0	0	600	0	10	-1	-1	-2
157	10	0	0	600	0	10	-1	-1	-2
158	10	0	0	600	0	10	-1	-1	-2
159	10	0	0	600	0	10	-1	-1	-2
160	10	0	0	600	0	10	-1	-1	-2
161	10	0	0	600	0	10	-1	-1	-2
162	10	0	0	600	0	10	-1	-1	-2
163	10	0	0	600	0	10	-1	-1	-2
164	10	0	0	600	0	10	-1	-1	-2
165	10	0	0	600	0	10	-1	-1	-2
166	10	0	0	600	0	10	-1	-1	-2
167	10	0	0	600	0	10	-1	-1	-2
168	10	0	0	600	0	10	-1	-1	-2
169	10	0	0	600	0	10	-1	-1	-2
170	10	0	0	600	0	10	-1	-1	-2
171	10	0	0	600	0	10	-1	-1	-2
172	10	0	0	600	0	10	-1	-1	-2
173	10	0	0	600	0	10	-1	-1	-2
174	10	0	0	600	0	10	-1	-1	-2
175	10	0	0	600	0	10	-1	-1	-2
176	10	0	0	600	0	10	-1	-1	-2
177	10	0	0	600	0	10	-1	-1	-2
178	10	0	0	600	0	10	-1	-1	-2
179	10	0	0	600	0	10	-1	-1	-2
180	10	0	0	600	0	10	-1	-1	-2
181	10	0	0	600	0	10	-1	-1	-2
182	10	0	0	600	0	10	-1	-1	-2
183	10	0	0	600	0	10	-1	-1	-2
184	10	0	0	600	0	10	-1	-1	-2
185	10	0	0	600	0	10	-1	-1	-2
186	10	0	0	600	0	10	-1	-1	-2
187	10	0	0	600	0	10	-1	-1	-2
188	10	0	0	600	0	10	-1	-1	-2
189	10	0	0	600	0	10	-1	-1	-2
190	10	0	0	600	0	10	-1	-1	-2
191	10	0	0	600	0	10	-1	-1	-2
192	10	0	0	600	0	10	-1	-1	-2
193	10	0	0	600	0	10	-1	-1	-2
194	10	0	0	600	0	10	-1	-1	-2
195	10	0	0	600	0	10	-1	-1	-2
196	10	0	0	600	0	10	-1	-1	-2
197	10	0	0	600	0	10	-1	-1	-2
198	10	0	0	600	0	10	-1	-1	-2
199	10	0	0	600	0	10	-1	-1	-2
200	10	0	0	600	0	10	-1	-1	-2
201	10	0	0	600	0	10	-1	-1	-2
202	10	0	0	600	0	10	-1	-1	-2
203	10	0	0	600	0	10	-1	-1	-2
204	10	0	0	600	0	10	-1	-1	-2
205	10	0	0	600	0	10	-1	-1	-2
206	10	0	0	600	0	10	-1	-1	-2
207	10	0	0	600	0	10	-1	-1	-2
208	10	0	0	600	0	10	-1	-1	-2
209	10	0	0	600	0	10	-1	-1	-2
210	10	0	0	600	0	10	-1	-1	-2
211	10	0	0	600	0	10	-1	-1	-2
212	10	0	0	600	0	10	-1	-1	-2
213	10	0	0	600	0	10	-1	-1	-2
214	10	0	0	600	0	10	-1	-1	-2
215	10	0	0	600	0	10	-1	-1	-2
216	10	0	0	600	0	10	-1	-1	-2
217	10	0	0	600	0	10	-1	-1	-2
218	10	0	0	600	0	10	-1	-1	-2
219	10	0	0	600	0	10	-1	-1	-2
220	10	0	0	600	0	10	-1	-1	-2
221	10	0	0	600	0	10	-1	-1	-2
222	10	0	0	600	0	10	-1	-1	-2
223	10	0	0	600	0	10	-1	-1	-2
224	10	0	0	600	0	10	-1	-1	-2
225	10	0	0	600	0	10	-1	-1	-2
226	10	0	0	600	0	10	-1	-1	-2
227	10	0	0	600	0	10	-1	-1	-2
228	10	0	0	600	0	10	-1	-1	-2
229	10	0	0	600	0	10	-1	-1	-2
230	10	0	0	600	0	10	-1	-1	-2
231	10	0	0	600	0	10	-1	-1	-2
232	10	0	0	600	0	10	-1	-1	-2
233	10	0	0	600	0	10	-1	-1	-2
234	10	0	0	600	0	10	-1	-1	-2
235	10	0	0	600	0	10	-1	-1	-2
236	10	0	0	600	0	10	-1	-1	-2
237	10	0	0	600	0	10	-1	-1	-2
238	10	0	0	600	0	10	-1	-1	-2
239	10	0	0	600	0	10	-1	-1	-2
240	10	0	0	600	0	10	-1	-1	-2
241	10	0	0	600	0	10	-1	-1	-2
242	10	0	0	600	0	10	-1	-1	-2
243	10	0	0	600	0	10	-1	-1	-2
244	10	0	0	600	0	10	-1	-1	-2
245	10	0	0	600	0	10	-1	-1	-2
246	10	0	0	600	0	10	-1	-1	-2
247	10	0	0	600	0	10	-1	-1	-2
248	10	0	0	600	0	10	-1	-1	-2
249	10	0	0	600	0	10	-1	-1	-2
250	10	0	0	600	0	10	-1	-1	-2
251	10	0	0	600	0	10	-1	-1	-2
252	10	0	0	600	0	10	-1	-1	-2
253	10	0	0	600	0	10	-1	-1	-2
254	10	0	0	600	0	10	-1	-1	-2
255	10	0	0	600	0	10	-1	-1	-2
256	10	0	0	600	0	10	-1	-1	-2
257	10	0	0	600	0	10	-1	-1	-2
258	10	0	0	600	0	10	-1	-1	-2
259	10	0	0	600	0	10	-1	-1	-2
260	10	0	0	600	0	10	-1	-1	-2
261	10	0	0	600	0	10	-1	-1	-2
262	10	0	0	600	0	10	-1	-1	-2
263	10	0	0	600	0	10	-1	-1	-2
264	10	0	0	600	0	10	-1	-1	-2
265	10	0	0	600	0	10	-1	-1	-2
266	10	0	0	600	0	10	-1	-1	-2
267	10	0	0	600	0	10	-1	-1	-2
268	10	0	0	600	0	10	-1	-1	-2
269	10	0	0	600	0	10	-1	-1	-2
270	10	0	0	600	0	10	-1	-1	-2
271	10	0	0	600	0	10	-1	-1	-2
272	10	0	0	600	0	10	-1	-1	-2
273	10	0	0	600	0	10	-1	-1	-2
274	10	0	0	600	0	10	-1	-1	-2
275	10	0	0	600	0	10	-1	-1	-2
276	10	0	0	600	0	10	-1	-1	-2
277	10	0	0	600	0	10	-1	-1	-2
278	10	0	0	600	0	10	-1	-1	-2
279	10	0	0	600	0	10	-1	-1	-2
280	10	0	0	600	0	10	-1	-1	-2
281	10	0	0	600	0	10	-1	-1	-2
282	10	0	0	600	0	10	-1	-1	-2
283	10	0	0	600	0	10	-1	-1	-2
284	10	0	0	600	0	10	-1	-1	-2
285	10	0	0	600	0	10	-1	-1	-2
286	10	0	0	600	0	10	-1	-1	-2
287	10	0	0	600	0	10	-1	-1	-2
288	10	0	0	600	0	10	-1	-1	-2
289	10	0	0	600	0	10	-1	-1	-2
290	10	0	0	600	0	10	-1	-1	-2
291	10	0	0	600	0	10	-1	-1	-2
292	10	0	0	600	0	10	-1	-1	-2
293	10	0	0	600	0	10	-1	-1	-2
294	10	0	0	600	0	10	-1	-1	-2
295	10	0	0	600	0	10	-1	-1	-2
296	10	0	0	600	0	10	-1	-1	-2
297	10	0	0	600	0	10	-1	-1	-2
298	10	0	0	600	0	10	-1	-1	-2
299	10	0	0	600	0	10	-1	-1	-2
300	10	0	0	600	0	10	-1	-1	-2
301	10	0	0	600	0	10	-1	-1	-2
302	10	0	0	600	0	10	-1	-1	-2
303	10	0	0	600	0	10	-1	-1	-2
304	10	0	0	600	0	10	-1	-1	-2
305	10	0	0	600	0	10	-1	-1	-2
306	10	0	0	600	0	10	-1	-1	-2
307	10	0	0	600	0	10	-1	-1	-2
308	10	0	0	600	0	10	-1	-1	-2
309	10	0	0	600	0	10	-1	-1	-2
310	10	0	0	600	0	10	-1	-1	-2
311	10	0	0	600	0	10	-1	-1	-2
312	10	0	0	600	0	10	-1	-1	-2
313	10	0	0	600	0	10	-1	-1	-2
314	10	0	0	600	0	10	-1	-1	-2
315	10	0	0	600	0	10	-1	-1	-2
316	10	0	0	600	0	10	-1	-1	-2
317	10	0	0	600	0	10	-1	-1	-2
318	10	0	0	600	0	10	-1	-1	-2
319	10	0	0	600	0	10	-1	-1	-2
320	10	0	0	600	0	10	-1	-1	-2
321	10	0	0	600	0	10	-1	-1	-2
322	10	0	0	600	0	10	-1	-1	-2
323	10	0	0	600	0	10	-1	-1	-2
324	10	0	0	600	0	10	-1	-1	-2
325	10	0	0	600	0	10	-1	-1	-2
326	10	0	0	600	0	10	-1	-1	-2
327	10	0	0	600	0	10	-1	-1	-2
328	10	0	0	600	0	10	-1	-1	-2
329	10	0	0	600	0	10	-1	-1	-2
330	10	0	0	600	0	10	-1	-1	-2
331	10	0	0	600	0	10	-1	-1	-2
332	10	0	0	600	0	10	-1	-1	-2
333	10	0	0	600	0	10	-1	-1	-2
334	10	0	0	600	0	10	-1	-1	-2
335	10	0	0	600	0	10	-1	-1	-2
336	10	0	0	600	0	10	-1	-1	-2
337	10	0	0	600	0	10	-1	-1	-2
338	10	0	0	600	0	10	-1	-1	-2
339	10	0	0	600	0	10	-1	-1	-2
340	10	0	0	600	0	10	-1	-1	-2
341	10	0	0	600	0	10	-1	-1	-2
342	10	0	0	600	0	10	-1	-1	-2
343	10	0	0	600	0	10	-1	-1	-2
344	10	0	0	600	0	10	-1	-1	-2
345	10	0	0	600	0	10	-1	-1	-2
346	10	0	0	600	0	10	-1	-1	-2
347	10	0	0	600	0	10	-1	-1	-2
348	10	0	0	600	0	10	-1	-1	-2
349	10	0	0	600	0	10	-1	-1	-2
350	10	0	0	600	0	10	-1	-1	-2
351	10	0	0	600	0	10	-1	-1	-2
352	10	0	0	600	0	10	-1	-1	-2
353	10	0	0	600	0	10	-1	-1	-2
354	10	0	0	600	0	10	-1	-1	-2
355	10	0	0	600	0	10	-1	-1	-2
356	10	0	0	600	0	10	-1	-1	-2
357	10	0	0	600	0	10	-1	-1	-2
358	10	0	0	600	0	10	-1	-1	-2
359	10	0	0	600	0	10	-1	-1	-2
360	10	0	0	600	0	10	-1	-1	-2
361	10	0	0	600	0	10	-1	-1	-2
362	10	0	0	600	0	10	-1	-1	-2
363	10	0	0	600	0	10	-1	-1	-2
364	10	0	0	600	0	10	-1	-1	-2
365	10	0	0	600	0	10	-1	-1	-2
366	10	0	0	600	0	10	-1	-1	-2
367	10	0	0	600	0	10	-1	-1	-2
368	10	0	0	600	0	10	-1	-1	-2
369	10	0	0	600	0	10	-1	-1	-2
370	10	0	0	600	0	10	-1	-1	-2
371	10	0	0	600	0	10	-1	-1	-2
372	10	0	0	600	0	10	-1	-1	-2
373	10	0	0	600	0	10	-1	-1	-2
374	10	0	0	600	0	10	-1	-1	-2
375	10	0	0	600	0	10	-1	-1	-2
376	10	0	0	600	0	10	-1	-1	-2
377	10	0	0	600	0	10	-1	-1	-2
378	10	0	0	600	0	10	-1	-1	-2
379	10	0	0	600	0	10	-1	-1	-2
380	10	0	0	600	0	10	-1	-1	-2
381	10	0	0	600	0	10	-1	-1	-2
382	10	0	0	600	0	10	-1	-1	-2
383	10	0	0	600	0	10	-1	-1	-2
384	10	0	0	600	0	10	-1	-1	-2
385	10	0	0	600	0	10	-1	-1	-2
386	10	0	0	600	0	10	-1	-1	-2
387	10	0	0	600	0	10	-1	-1	-2
388	10	0	0	600	0	10	-1	-1	-2
389	10	0	0	600	0	10	-1	-1	-2
390	10	0	0	600	0	10	-1	-1	-2
391	10	0	0	600	0	10	-1	-1	-2
392	10	0	0	600	0	10	-1	-1	-2
393	10	0	0	600	0	10	-1	-1	-2
394	10	0	0	600	0	10	-1	-1	-2
395	10	0	0	600	0	10	-1	-1	-2
396	10	0	0	600	0	10	-1	-1	-2
397	10	0	0	600	0	10	-1	-1	-2
398	10	0	0	600	0	10	-1	-1	-2
399	10	0	0	600	0	10	-1	-1	-2
400	10	0	0	600	0	10	-1	-1	-2
401	10	0	0	600	0	10	-1	-1	-2
402	10	0	0	600	0	10	-1	-1	-2
403	10	0	0	600	0	10	-1	-1	-2
404	10	0	0	600	0	10	-1	-1	-2
405	10	0	0	600	0	10	-1	-1	-2
406	10	0	0	600	0	10	-1	-1	-2
407	10	0	0	600	0	10	-1	-1	-2
408	10	0	0	600	0	10	-1	-1	-2
409	10	0	0	600	0	10	-1	-1	-2
410	10	0	0	600	0	10	-1	-1	-2
411	10	0	0	600	0	10	-1	-1	-2
412	10	0	0	600	0	10	-1	-1	-2
413	10	0	0	600	0	10	-1	-1	-2
414	10	0	0	600	0	10	-1	-1	-2
415	10	0	0	600	0	10	-1	-1	-2
416	10	0	0	600	0	10	-1	-1	-2
417	10	0	0	600	0	10	-1	-1	-2
418	10	0	0	600	0	10	-1	-1	-2
419	10	0	0	600	0	10	-1	-1	-2
420	10	0	0	600	0	10	-1	-1	-2
421	10	0	0	600	0	10	-1	-1	-2
422	10	0	0	600	0	10	-1	-1	-2
423	10	0	0	600	0	10	-1	-1	-2
424	10	0	0	600	0	10	-1	-1	-2
425	10	0	0	600	0	10	-1	-1	-2
426	10	0	0	600	0	10	-1	-1	-2
427	10	0	0	600	0	10	-1	-1	-2
428	10	0	0	600	0	10	-1	-1	-2
429	10	0	0	600	0	10	-1	-1	-2
430	10	0	0	600	0	10	-1	-1	-2
431	10	0	0	600	0	10	-1	-1	-2
432	10	0	0	600	0	10	-1	-1	-2
433	10	0	0	600	0	10	-1	-1	-2
434	10	0	0	600	0	10	-1	-1	-2
435	10	0	0	600	0	10	-1	-1	-2
436	10	0	0	600	0	10	-1	-1	-2
437	10	0	0	600	0	10	-1	-1	-2
438	10	0	0	600	0	10	-1	-1	-2
439	10	0	0	600	0	10	-1	-1	-2
440	10	0	0	600	0	10	-1	-1	-2
441	10	0	0	600	0	10	-1	-1	-2
442	10	0	0	600	0	10	-1	-1	-2
443	10	0	0	600	0	10	-1	-1	-2
444	10	0	0	600	0	10	-1	-1	-2
445	10	0	0	600	0	10	-1	-1	-2
446	10	0	0	600	0	10	-1	-1	-2
447	10	0	0	600	0	10	-1	-1	-2
448	10	0	0	600	0	10	-1	-1	-2
449	10	0	0	600	0	10	-1	-1	-2
450	10	0	0	600	0	10	-1	-1	-2
451	10	0	0	600	0	10	-1	-1	-2
452	10	0	0	600	0	10	-1	-1	-2
453	10	0	0	600	0	10	-1	-1	-2
454	10	0	0	600	0	10	-1	-1	-2
455	10	0	0	600	0	10	-1	-1	-2
456	10	0	0	600	0	10	-1	-1	-2
457	10	0	0	600	0	10	-1	-1	-2
458	10	0	0	600	0	10	-1	-1	-2
459	10	0	0	600	0	10	-1	-1	-2
460	10	0	0	600	0	10	-1	-1	-2
461	10	0	0	600	0	10	-1	-1	-2
462	10	0	0	600	0	10	-1	-1	-2
463	10	0	0	600	0	10	-1	-1	-2
464	10	0	0	600	0	10	-1	-1	-2
465	10	0	0	600	0	10	-1	-1	-2
466	10	0	0	600	0	10	-1	-1	-2
467	10	0	0	600	0	10	-1	-1	-2
468	10	0	0	600	0	10	-1	-1	-2
469	10	0	0	600	0	10	-1	-1	-2
470	10	0	0	600	0	10	-1	-1	-2
471	10	0	0	600	0	10	-1	-1	-2
472	10	0	0	600	0	10	-1	-1	-2
473	10	0	0	600	0	10	-1	-1	-2
474	10	0	0	600	0	10	-1	-1	-2
475	10	0	0	600	0	10	-1	-1	-2
476	10	0	0	600	0	10	-1	-1	-2
477	10	0	0	600	0	10	-1	-1	-2
478	10	0	0	600	0	10	-1	-1	-2
479	10	0	0	600	0	10	-1	-1	-2
480	10	0	0	600	0	10	-1	-1	-2
481	10	0	0	600	0	10	-1	-1	-2
482	10	0	0	600	0	10	-1	-1	-2
483	10	0	0	600	0	10	-1	-1	-2
484	10	0	0	600	0	10	-1	-1	-2
485	10	0	0	600	0	10	-1	-1	-2
486	10	0	0	600	0	10	-1	-1	-2
487	10	0	0	600	0	10	-1	-1	-2
488	10	0	0	600	0	10	-1	-1	-2
489	10	0	0	600	0	10	-1	-1	-2
490	10	0	0	600	0	10	-1	-1	-2
491	10	0	0	600	0	10	-1	-1	-2
492	10	0	0	600	0	10	-1	-1	-2
493	10	0	0	600	0	10	-1	-1	-2
494	10	0	0	600	0	10	-1	-1	-2
495	10	0	0	600	0	10	-1	-1	-2
496	10	0	0	600	0	10	-1	-1	-2
497	10	0	0	600	0	10	-1	-1	-2
498	10	0	0	600	0	10	-1	-1	-2
499	10	0	0	600	0	10	-1	-1	-2
500	10	0	0	600	0	10	-1	-1	-2
501	10	0	0	600	0	10	-1	-1	-2
502	10	0	0	600	0	10	-1	-1	-2
503	10	0	0	600	0	10	-1	-1	-2
504	10	0	0	600	0	10	-1	-1	-2
505	10	0	0	600	0	10	-1	-1	-2
506	10	0	0	600	0	10	-1	-1	-2
507	10	0	0	600	0	10	-1	-1	-2
508	10	0	0	600	0	10	-1	-1	-2
509	10	0	0	600	0	10	-1	-1	-2
510	10	0	0	600	0	10	-1	-1	-2
511	10	0	0	600	0	10	-1	-1	-2
512	10	0	0	600	0	10	-1	-1	-2
513	10	0	0	600	0	10	-1	-1	-2
514	10	0	0	600	0	10	-1	-1	-2
515	10	0	0	600	0	10	-1	-1	-2
516	10	0	0	600	0	10	-1	-1	-2
517	10	0	0	600	0	10	-1	-1	-2
518	10	0	0	600	0	10	-1	-1	-2
519	10	0	0	600	0	10	-1	-1	-2
520	10	0	0	600	0	10	-1	-1	-2
521	10	0	0	600	0	10	-1	-1	-2
522	10	0	0	600	0	10	-1	-1	-2
523	10	0	0	600	0	10	-1	-1	-2
524	10	0	0	600	0	10	-1	-1	-2
525	10	0	0	600	0	10	-1	-1	-2
526	10	0	0	600	0	10	-1	-1	-2
527	10	0	0	600	0	10	-1	-1	-2
528	10	0	0	600	0	10	-1	-1	-2
529	10	0	0	600	0	10	-1	-1	-2
530	10	0	0	600	0	10	-1	-1	-2
531	10	0	0	600	0	10	-1	-1	-2
532	10	0	0	600	0	10	-1	-1	-2
533	10	0	0	600	0	10	-1	-1	-2
534	10	0	0	600	0	10	-1	-1	-2
535	10	0	0	600	0	10	-1	-1	-2
536	10	0	0	600	0	10	-1	-1	-2
537	10	0	0	600	0	10	-1	-1	-2
538	10	0	0	600	0	10	-1	-1	-2
539	10	0	0	600	0	10	-1	-1	-2
540	10	0	0	600	0	10	-1	-1	-2
541	10	0	0	600	0	10	-1	-1	-2
542	10	0	0	600	0	10	-1	-1	-2
543	10	0	0	600	0	10	-1	-1	-2
544	10	0	0	600	0	10	-1	-1	-2
545	10	0	0	600	0	10	-1	-1	-2
546	10	0	0	600	0	10	-1	-1	-2
547	10	0	0	600	0	10	-1	-1	-2
548	10	0	0	600	0	10	-1	-1	-2
549	10	0	0	600	0	10	-1	-1	-2
550	10	0	0	600	0	10	-1	-1	-2
551	10	0	0	600	0	10	-1	-1	-2
552	10	0	0	600	0	10	-1	-1	-2
553	10	0	0	600	0	10	-1	-1	-2
554	10	0	0	600	0	10	-1	-1	-2
555	10	0	0	600	0	10	-1	-1	-2
556	10	0	0	600	0	10	-1	-1	-2
557	10	0	0	600	0	10	-1	-1	-2
558	10	0	0	600	0	10	-1	-1	-2
559	10	0	0	600	0	10	-1	-1	-2
560	10	0	0	600	0	10	-1	-1	-2
561	10	0	0	600	0	10	-1	-1	-2
562	10	0	0	600	0	10	-1	-1	-2
563	10	0	0	600	0	10	-1	-1	-2
564	10	0	0	600	0	10	-1	-1	-2
565	10	0	0	600	0	10	-1	-1	-2
566	10	0	0	600	0	10	-1	-1	-2
567	10	0	0	600	0	10	-1	-1	-2
568	10	0	0	600	0	10	-1	-1	-2
569	10	0	0	600	0	10	-1	-1	-2
570	10	0	0	600	0	10	-1	-1	-2
571	10	0	0	600	0	10	-1	-1	-2
572	10	0	0	600	0	10	-1	-1	-2
573	10	0	0	600	0	10	-1	-1	-2
574	10	0	0	600	0	10	-1	-1	-2
575	10	0	0	600	0	10	-1	-1	-2
576	10	0	0	600	0	10	-1	-1	-2
577	10	0	0	600	0	10	-1	-1	-2
578	10	0	0	600	0	10	-1	-1	-2
579	10	0	0	600	0	10	-1	-1	-2
580	10	0	0	600	0	10	-1	-1	-2
581	10	0	0	600	0	10	-1	-1	-2
582	10	0	0	600	0	10	-1	-1	-2
583	10	0	0	600	0	10	-1	-1	-2
584	10	0	0	600	0	10	-1	-1	-2
585	10	0	0	600	0	10	-1	-1	-2
586	10	0	0	600	0	10	-1	-1	-2
587	10	0	0	600	0	10	-1	-1	-2
588	10	0	0	600	0	10	-1	-1	-2
589	10	0	0	600	0	10	-1	-1	-2
590	10	0	0	600	0	10	-1	-1	-2
591	10	0	0	600	0	10	-1	-1	-2
592	10	0	0	600	0	10	-1	-1	-2
593	10	0	0	600	0	10	-1	-1	-2
594	10	0	0	600	0	10	-1	-1	-2
595	10	0	0	600	0	10	-1	-1	-2
596	10	0	0	600	0	10	-1	-1	-2
597	10	0	0	600	0	10	-1	-1	-2
598	10	0	0	600	0	10	-1	-1	-2
599	10	0	0	600	0	10	-1	-1	-2
600	10	0	0	600	0	10	-1	-1	-2
601	10	0	0	600	0	10	-1	-1	-2
602	10	0	0	600	0	10	-1	-1	-2
603	10	0	0	600	0	10	-1	-1	-2
604	10	0	0	600	0	10	-1	-1	-2
605	10	0	0	600	0	10	-1	-1	-2
606	10	0	0	600	0	10	-1	-1	-2
607	10	0	0	600	0	10	-1	-1	-2
608	10	0	0	600	0	10	-1	-1	-2
609	10	0	0	600	0	10	-1	-1	-2
610	10	0	0	600	0	10	-1	-1	-2
611	10	0	0	600	0	10	-1	-1	-2
612	10	0	0	600	0	10	-1	-1	-2
613	10	0	0	600	0	10	-1	-1	-2
614	10	0	0	600	0	10	-1	-1	-2
615	10	0	0	600	0	10	-1	-1	-2
616	10	0	0	600	0	10	-1	-1	-2
617	10	0	0	600	0	10	-1	-1	-2
618	10	0	0	600	0	10	-1	-1	-2
619	10	0	0	600	0	10	-1	-1	-2
620	10	0	0	600	0	10	-1	-1	-2
621	10	0	0	600	0	10	-1	-1	-2
622	10	0	0	600	0	10	-1	-1	-2
623	10	0	0	600	0	10	-1	-1	-2
624	10	0	0	600	0	10	-1	-1	-2
625	10	0	0	600	0	10	-1	-1	-2
626	10	0	0	600	0	10	-1	-1	-2
627	10	0	0	600	0	10	-1	-1	-2
628	10	0	0	600	0	10	-1	-1	-2
629	10	0	0	600	0	10	-1	-1	-2
630	10	0	0	600	0	10	-1	-1	-2
631	10	0	0	600	0	10	-1	-1	-2
632	10	0	0	600	0	10	-1	-1	-2
633	10	0	0	600	0	10	-1	-1	-2
634	10	0	0	600	0	10	-1	-1	-2
635	10	0	0	600	0	10	-1	-1	-2
636	10	0	0	600	0	10	-1	-1	-2
637	10	0	0	600	0	10	-1	-1	-2
638	10	0	0	600	0	10	-1	-1	-2
639	10	1	0	600	0	10	7	-1	-2
640	10	1	0	600	0	10	7	-1	-2
641	10	1	0	600	0	10	7	-1	-2
642	10	1	0	600	0	10	7	-1	-2
643	10	1	0	600	0	10	7	-1	-2
644	10	1	0	600	0	10	7	-1	-2
645	10	1	0	600	0	10	7	-1	-2
646	10	1	0	600	0	10	7	-1	-2
647	10	1	0	600	0	10	7	-1	-2
648	10	1	0	600	0	10	7	-1	-2
649	10	1	0	600	0	10	7	-1	-2
650	10	1	0	600	0	10	7	-1	-2
651	10	1	0	600	0	10	7	-1	-2
652	10	1	0	600	0	10	7	-1	-2
653	10	1	0	600	0	10	7	-1	-2
654	10	1	0	600	0	10	7	-1	-2
655	10	1	0	600	0	10	7	-1	-2
656	10	1	0	600	0	10	7	-1	-2
657	10	1	0	600	0	10	7	-1	-2
658	10	1	0	600	0	10	7	-1	-2
659	10	1	0	600	0	10	7	-1	-2
660	10	1	0	600	0	10	7	-1	-2
661	10	1	0	600	0	10	7	-1	-2
662	10	1	0	600	0	10	7	-1	-2
663	10	1	0	600	0	10	7	-1	-2
664	10	1	0	600	0	10	7	-1	-2
665	10	1	0	600	0	10	7	-1	-2
666	10	1	0	600	0	10	7	-1	-2
667	10	1	0	600	0	10	7	-1	-2
668	10	1	0	600	0	10	7	-1	-2
669	10	1	0	600	0	10	7	-1	-2
670	10	1	0	600	0	10	7	-1	-2
671	10	1	0	600	0	10	7	-1	-2
672	10	1	0	600	0	10	7	-1	-2
673	10	1	0	600	0	10	7	-1	-2
674	10	1	0	600	0	10	7	-1	-2
675	10	1	0	600	0	10	7	-1	-2
676	10	1	0	600	0	10	7	-1	-2
677	10	1	0	600	0	10	7	-1	-2
