1	12	0	0	600	0	12	-1	4	3
2	12	0	0	600	0	12	-1	4	3
3	12	0	0	600	0	12	-1	4	3
4	12	0	0	600	0	12	-1	4	3
5	12	0	0	600	0	12	-1	4	3
6	12	0	0	600	0	12	-1	4	3
7	12	0	0	600	0	12	-1	4	3
8	12	0	0	600	0	12	-1	4	3
9	12	0	0	600	0	12	-1	4	3
10	12	0	0	600	0	12	-1	4	3
11	12	0	0	600	0	12	-1	4	3
12	12	0	0	600	0	12	-1	4	3
13	12	0	0	600	0	12	-1	4	3
14	12	0	0	600	0	12	-1	4	3
15	12	0	0	600	0	12	-1	4	3
16	12	0	0	600	0	12	-1	4	3
17	12	0	0	600	0	12	-1	4	3
18	12	0	0	600	0	12	-1	4	3
19	12	0	0	600	0	12	-1	4	3
20	12	0	0	600	0	12	-1	4	3
21	12	0	0	600	0	12	-1	4	3
22	12	0	0	600	0	12	-1	4	3
23	12	0	0	600	0	12	-1	4	3
24	12	0	0	600	0	12	-1	4	3
25	12	0	0	600	0	12	-1	4	3
26	12	0	0	600	0	12	-1	4	3
27	12	0	0	600	0	12	-1	4	3
28	12	0	0	600	0	12	-1	4	3
29	12	0	0	600	0	12	-1	4	3
30	12	0	0	600	0	12	-1	4	3
31	12	0	0	600	0	12	-1	4	3
32	12	0	0	600	0	12	-1	4	3
33	12	0	0	600	0	12	-1	4	3
34	12	0	0	600	0	12	-1	4	3
35	12	0	0	600	0	12	-1	4	3
36	12	0	0	600	0	12	-1	4	3
37	12	0	0	600	0	12	-1	4	3
38	12	0	0	600	0	12	-1	4	3
39	12	0	0	600	0	12	-1	4	3
40	12	0	0	600	0	12	-1	4	3
41	12	0	0	600	0	12	-1	4	3
42	12	0	0	600	0	12	-1	4	3
43	12	0	0	600	0	12	-1	4	3
44	12	0	0	600	0	12	-1	4	3
45	12	0	0	600	0	12	-1	4	3
46	12	0	0	600	0	12	-1	4	3
47	12	0	0	600	0	12	-1	4	3
48	12	0	0	600	0	12	-1	4	3
49	12	0	0	600	0	12	-1	4	3
50	12	0	0	600	0	12	-1	4	3
51	12	0	0	600	0	12	-1	4	3
52	12	0	0	600	0	12	-1	4	3
53	12	0	0	600	0	12	-1	4	3
54	12	0	0	600	0	12	-1	4	3
55	12	0	0	600	0	12	-1	4	3
56	12	0	0	600	0	12	-1	4	3
57	12	0	0	600	0	12	-1	4	3
58	12	0	0	600	0	12	-1	4	3
59	12	0	0	600	0	12	-1	4	3
60	12	0	0	600	0	12	-1	4	3
61	12	0	0	600	0	12	-1	4	3
62	12	0	0	600	0	12	-1	4	3
63	12	0	0	600	0	12	-1	4	3
64	12	0	0	600	0	12	-1	4	3
65	12	0	0	600	0	12	-1	4	3
66	12	0	0	600	0	12	-1	4	3
67	12	0	0	600	0	12	-1	4	3
68	12	0	0	600	0	12	-1	4	3
69	12	0	0	600	0	12	-1	4	3
70	12	0	0	600	0	12	-1	4	3
71	12	0	0	600	0	12	-1	4	3
72	12	0	0	600	0	12	-1	4	3
73	12	0	0	600	0	12	-1	4	3
74	12	0	0	600	0	12	-1	4	3
75	12	0	0	600	0	12	-1	4	3
76	12	0	0	600	0	12	-1	4	3
77	12	0	0	600	0	12	-1	4	3
78	12	0	0	600	0	12	-1	4	3
79	12	0	0	600	0	12	-1	4	3
80	12	0	0	600	0	12	-1	4	3
81	12	0	0	600	0	12	-1	4	3
82	12	0	0	600	0	12	-1	4	3
83	12	0	0	600	0	12	-1	4	3
84	12	0	0	600	0	12	-1	4	3
85	12	0	0	600	0	12	-1	4	3
86	12	0	0	600	0	12	-1	4	3
87	12	0	0	600	0	12	-1	4	3
88	12	0	0	600	0	12	-1	4	3
89	12	0	0	600	0	12	-1	4	3
90	12	0	0	600	0	12	-1	4	3
91	12	0	0	600	0	12	-1	4	3
92	12	0	0	600	0	12	-1	4	3
93	12	0	0	600	0	12	-1	4	3
94	12	0	0	600	0	12	-1	4	3
95	12	0	0	600	0	12	-1	4	3
96	12	0	0	600	0	12	-1	4	3
97	12	0	0	600	0	12	-1	4	3
98	12	0	0	600	0	12	-1	4	3
99	12	0	0	600	0	12	-1	4	3
100	12	0	0	600	0	12	-1	4	3
101	12	0	0	600	0	12	-1	4	3
102	12	0	0	600	0	12	-1	4	3
103	12	0	0	600	0	12	-1	4	3
104	12	0	0	600	0	12	-1	4	3
105	12	0	0	600	0	12	-1	4	3
106	12	0	0	600	0	12	-1	4	3
107	12	0	0	600	0	12	-1	4	3
108	12	0	0	600	0	12	-1	4	3
109	12	0	0	600	0	12	-1	4	3
110	12	0	0	600	0	12	-1	4	3
111	12	0	0	600	0	12	-1	4	3
112	12	0	0	600	0	12	-1	4	3
113	12	0	0	600	0	12	-1	4	3
114	12	0	0	600	0	12	-1	4	3
115	12	0	0	600	0	12	-1	4	3
116	12	0	0	600	0	12	-1	4	3
117	12	0	0	600	0	12	-1	4	3
118	12	0	0	600	0	12	-1	4	3
119	12	0	0	600	0	12	-1	4	3
120	12	0	0	600	0	12	-1	4	3
121	12	0	0	600	0	12	-1	4	3
122	12	0	0	600	0	12	-1	4	3
123	12	0	0	600	0	12	-1	4	3
124	12	0	0	600	0	12	-1	4	3
125	12	0	0	600	0	12	-1	4	3
126	12	0	0	600	0	12	-1	4	3
127	12	0	0	600	0	12	-1	4	3
128	12	0	0	600	0	12	-1	4	3
129	12	0	0	600	0	12	-1	4	3
130	12	0	0	600	0	12	-1	4	3
131	12	0	0	600	0	12	-1	4	3
132	12	0	0	600	0	12	-1	4	3
133	12	0	0	600	0	12	-1	4	3
134	12	0	0	600	0	12	-1	4	3
135	12	0	0	600	0	12	-1	4	3
136	12	0	0	600	0	12	-1	4	3
137	12	0	0	600	0	12	-1	4	3
138	12	0	0	600	0	12	-1	4	3
139	12	0	0	600	0	12	-1	4	3
140	12	0	0	600	0	12	-1	4	3
141	12	0	0	600	0	12	-1	4	3
142	12	0	0	600	0	12	-1	4	3
143	12	0	0	600	0	12	-1	4	3
144	12	0	0	600	0	12	-1	4	3
145	12	0	0	600	0	12	-1	4	3
146	12	0	0	600	0	12	-1	4	3
147	12	0	0	600	0	12	-1	4	3
148	12	0	0	600	0	12	-1	4	3
149	12	0	0	600	0	12	-1	4	3
150	12	0	0	600	0	12	-1	4	3
151	12	0	0	600	0	12	-1	4	3
152	12	0	0	600	0	12	-1	4	3
153	12	0	0	600	0	12	-1	4	3
154	12	0	0	600	0	12	-1	4	3
155	12	0	0	600	0	12	-1	4	3
156	12	0	0	600	0	12	-1	4	3
157	12	0	0	600	0	12	-1	4	3
158	12	0	0	600	0	12	-1	4	3
159	12	0	0	600	0	12	-1	4	3
160	12	0	0	600	0	12	-1	4	3
161	12	0	0	600	0	12	-1	4	3
162	12	0	0	600	0	12	-1	4	3
163	12	0	0	600	0	12	-1	4	3
164	12	0	0	600	0	12	-1	4	3
165	12	0	0	600	0	12	-1	4	3
166	12	0	0	600	0	12	-1	4	3
167	12	0	0	600	0	12	-1	4	3
168	12	0	0	600	0	12	-1	4	3
169	12	0	0	600	0	12	-1	4	3
170	12	0	0	600	0	12	-1	4	3
171	12	0	0	600	0	12	-1	4	3
172	12	0	0	600	0	12	-1	4	3
173	12	0	0	600	0	12	-1	4	3
174	12	0	0	600	0	12	-1	4	3
175	12	0	0	600	0	12	-1	4	3
176	12	0	0	600	0	12	-1	4	3
177	12	0	0	600	0	12	-1	4	3
178	12	0	0	600	0	12	-1	4	3
179	12	0	0	600	0	12	-1	4	3
180	12	0	0	600	0	12	-1	4	3
181	12	0	0	600	0	12	-1	4	3
182	12	0	0	600	0	12	-1	4	3
183	12	0	0	600	0	12	-1	4	3
184	12	0	0	600	0	12	-1	4	3
185	12	0	0	600	0	12	-1	4	3
186	12	0	0	600	0	12	-1	4	3
187	12	0	0	600	0	12	-1	4	3
188	12	0	0	600	0	12	-1	4	3
189	12	0	0	600	0	12	-1	4	3
190	12	0	0	600	0	12	-1	4	3
191	12	0	0	600	0	12	-1	4	3
192	12	0	0	600	0	12	-1	4	3
193	12	0	0	600	0	12	-1	4	3
194	12	0	0	600	0	12	-1	4	3
195	12	0	0	600	0	12	-1	4	3
196	12	0	0	600	0	12	-1	4	3
197	12	0	0	600	0	12	-1	4	3
198	12	0	0	600	0	12	-1	4	3
199	12	0	0	600	0	12	-1	4	3
200	12	0	0	600	0	12	-1	4	3
201	12	0	0	600	0	12	-1	4	3
202	12	0	0	600	0	12	-1	4	3
203	12	0	0	600	0	12	-1	4	3
204	12	0	0	600	0	12	-1	4	3
205	12	0	0	600	0	12	-1	4	3
206	12	0	0	600	0	12	-1	4	3
207	12	0	0	600	0	12	-1	4	3
208	12	0	0	600	0	12	-1	4	3
209	12	0	0	600	0	12	-1	4	3
210	12	0	0	600	0	12	-1	4	3
211	12	0	0	600	0	12	-1	4	3
212	12	0	0	600	0	12	-1	4	3
213	12	0	0	600	0	12	-1	4	3
214	12	0	0	600	0	12	-1	4	3
215	12	0	0	600	0	12	-1	4	3
216	12	0	0	600	0	12	-1	4	3
217	12	0	0	600	0	12	-1	4	3
218	12	0	0	600	0	12	-1	4	3
219	12	0	0	600	0	12	-1	4	3
220	12	0	0	600	0	12	-1	4	3
221	12	0	0	600	0	12	-1	4	3
222	12	0	0	600	0	12	-1	4	3
223	12	0	0	600	0	12	-1	4	3
224	12	0	0	600	0	12	-1	4	3
225	12	0	0	600	0	12	-1	4	3
226	12	0	0	600	0	12	-1	4	3
227	12	0	0	600	0	12	-1	4	3
228	12	0	0	600	0	12	-1	4	3
229	12	0	0	600	0	12	-1	4	3
230	12	0	0	600	0	12	-1	4	3
231	12	0	0	600	0	12	-1	4	3
232	12	0	0	600	0	12	-1	4	3
233	12	0	0	600	0	12	-1	4	3
234	12	0	0	600	0	12	-1	4	3
235	12	0	0	600	0	12	-1	4	3
236	12	0	0	600	0	12	-1	4	3
237	12	0	0	600	0	12	-1	4	3
238	12	0	0	600	0	12	-1	4	3
239	12	0	0	600	0	12	-1	4	3
240	12	0	0	600	0	12	-1	4	3
241	12	0	0	600	0	12	-1	4	3
242	12	0	0	600	0	12	-1	4	3
243	12	0	0	600	0	12	-1	4	3
244	12	0	0	600	0	12	-1	4	3
245	12	0	0	600	0	12	-1	4	3
246	12	0	0	600	0	12	-1	4	3
247	12	0	0	600	0	12	-1	4	3
248	12	0	0	600	0	12	-1	4	3
249	12	0	0	600	0	12	-1	4	3
250	12	0	0	600	0	12	-1	4	3
251	12	0	0	600	0	12	-1	4	3
252	12	0	0	600	0	12	-1	4	3
253	12	0	0	600	0	12	-1	4	3
254	12	0	0	600	0	12	-1	4	3
255	12	0	0	600	0	12	-1	4	3
256	12	0	0	600	0	12	-1	4	3
257	12	0	0	600	0	12	-1	4	3
258	12	0	0	600	0	12	-1	4	3
259	12	0	0	600	0	12	-1	4	3
260	12	0	0	600	0	12	-1	4	3
261	12	0	0	600	0	12	-1	4	3
262	12	0	0	600	0	12	-1	4	3
263	12	0	0	600	0	12	-1	4	3
264	12	0	0	600	0	12	-1	4	3
265	12	0	0	600	0	12	-1	4	3
266	12	0	0	600	0	12	-1	4	3
267	12	0	0	600	0	12	-1	4	3
268	12	0	0	600	0	12	-1	4	3
269	12	0	0	600	0	12	-1	4	3
270	12	0	0	600	0	12	-1	4	3
271	12	0	0	600	0	12	-1	4	3
272	12	0	0	600	0	12	-1	4	3
273	12	0	0	600	0	12	-1	4	3
274	12	0	0	600	0	12	-1	4	3
275	12	0	0	600	0	12	-1	4	3
276	12	0	0	600	0	12	-1	4	3
277	12	0	0	600	0	12	-1	4	3
278	12	0	0	600	0	12	-1	4	3
279	12	0	0	600	0	12	-1	4	3
280	12	0	0	600	0	12	-1	4	3
281	12	0	0	600	0	12	-1	4	3
282	12	0	0	600	0	12	-1	4	3
283	12	0	0	600	0	12	-1	4	3
284	12	0	0	600	0	12	-1	4	3
285	12	0	0	600	0	12	-1	4	3
286	12	0	0	600	0	12	-1	4	3
287	12	0	0	600	0	12	-1	4	3
288	12	0	0	600	0	12	-1	4	3
289	12	0	0	600	0	12	-1	4	3
290	12	0	0	600	0	12	-1	4	3
291	12	0	0	600	0	12	-1	4	3
292	12	0	0	600	0	12	-1	4	3
293	12	0	0	600	0	12	-1	4	3
294	12	0	0	600	0	12	-1	4	3
295	12	0	0	600	0	12	-1	4	3
296	12	0	0	600	0	12	-1	4	3
297	12	0	0	600	0	12	-1	4	3
298	12	0	0	600	0	12	-1	4	3
299	12	0	0	600	0	12	-1	4	3
300	12	0	0	600	0	12	-1	4	3
301	12	0	0	600	0	12	-1	4	3
302	12	0	0	600	0	12	-1	4	3
303	12	0	0	600	0	12	-1	4	3
304	12	0	0	600	0	12	-1	4	3
305	12	0	0	600	0	12	-1	4	3
306	12	0	0	600	0	12	-1	4	3
307	12	0	0	600	0	12	-1	4	3
308	12	0	0	600	0	12	-1	4	3
309	12	0	0	600	0	12	-1	4	3
310	12	0	0	600	0	12	-1	4	3
311	12	0	0	600	0	12	-1	4	3
312	12	0	0	600	0	12	-1	4	3
313	12	0	0	600	0	12	-1	4	3
314	12	0	0	600	0	12	-1	4	3
315	12	0	0	600	0	12	-1	4	3
316	12	0	0	600	0	12	-1	4	3
317	12	0	0	600	0	12	-1	4	3
318	12	0	0	600	0	12	-1	4	3
319	12	0	0	600	0	12	-1	4	3
320	12	0	0	600	0	12	-1	4	3
321	12	0	0	600	0	12	-1	4	3
322	12	0	0	600	0	12	-1	4	3
323	12	0	0	600	0	12	-1	4	3
324	12	0	0	600	0	12	-1	4	3
325	12	0	0	600	0	12	-1	4	3
326	12	0	0	600	0	12	-1	4	3
327	12	0	0	600	0	12	-1	4	3
328	12	0	0	600	0	12	-1	4	3
329	12	0	0	600	0	12	-1	4	3
330	12	0	0	600	0	12	-1	4	3
331	12	0	0	600	0	12	-1	4	3
332	12	0	0	600	0	12	-1	4	3
333	12	0	0	600	0	12	-1	4	3
334	12	0	0	600	0	12	-1	4	3
335	12	0	0	600	0	12	-1	4	3
336	12	0	0	600	0	12	-1	4	3
337	12	0	0	600	0	12	-1	4	3
338	12	0	0	600	0	12	-1	4	3
339	12	0	0	600	0	12	-1	4	3
340	12	0	0	600	0	12	-1	4	3
341	12	0	0	600	0	12	-1	4	3
342	12	0	0	600	0	12	-1	4	3
343	12	0	0	600	0	12	-1	4	3
344	12	0	0	600	0	12	-1	4	3
345	12	0	0	600	0	12	-1	4	3
346	12	0	0	600	0	12	-1	4	3
347	12	0	0	600	0	12	-1	4	3
348	12	0	0	600	0	12	-1	4	3
349	12	0	0	600	0	12	-1	4	3
350	12	0	0	600	0	12	-1	4	3
351	12	0	0	600	0	12	-1	4	3
352	12	0	0	600	0	12	-1	4	3
353	12	0	0	600	0	12	-1	4	3
354	12	0	0	600	0	12	-1	4	3
355	12	0	0	600	0	12	-1	4	3
356	12	0	0	600	0	12	-1	4	3
357	12	0	0	600	0	12	-1	4	3
358	12	0	0	600	0	12	-1	4	3
359	12	0	0	600	0	12	-1	4	3
360	12	0	0	600	0	12	-1	4	3
361	12	0	0	600	0	12	-1	4	3
362	12	0	0	600	0	12	-1	4	3
363	12	0	0	600	0	12	-1	4	3
364	12	0	0	600	0	12	-1	4	3
365	12	0	0	600	0	12	-1	4	3
366	12	0	0	600	0	12	-1	4	3
367	12	0	0	600	0	12	-1	4	3
368	12	0	0	600	0	12	-1	4	3
369	12	0	0	600	0	12	-1	4	3
370	12	0	0	600	0	12	-1	4	3
371	12	0	0	600	0	12	-1	4	3
372	12	0	0	600	0	12	-1	4	3
373	12	0	0	600	0	12	-1	4	3
374	12	0	0	600	0	12	-1	4	3
375	12	0	0	600	0	12	-1	4	3
376	12	0	0	600	0	12	-1	4	3
377	12	0	0	600	0	12	-1	4	3
378	12	0	0	600	0	12	-1	4	3
379	12	0	0	600	0	12	-1	4	3
380	12	0	0	600	0	12	-1	4	3
381	12	0	0	600	0	12	-1	4	3
382	12	0	0	600	0	12	-1	4	3
383	12	0	0	600	0	12	-1	4	3
384	12	0	0	600	0	12	-1	4	3
385	12	0	0	600	0	12	-1	4	3
386	12	0	0	600	0	12	-1	4	3
387	12	0	0	600	0	12	-1	4	3
388	12	0	0	600	0	12	-1	4	3
389	12	0	0	600	0	12	-1	4	3
390	12	0	0	600	0	12	-1	4	3
391	12	0	0	600	0	12	-1	4	3
392	12	0	0	600	0	12	-1	4	3
393	12	0	0	600	0	12	-1	4	3
394	12	0	0	600	0	12	-1	4	3
395	12	0	0	600	0	12	-1	4	3
396	12	0	0	600	0	12	-1	4	3
397	12	0	0	600	0	12	-1	4	3
398	12	0	0	600	0	12	-1	4	3
399	12	0	0	600	0	12	-1	4	3
400	12	0	0	600	0	12	-1	4	3
401	12	0	0	600	0	12	-1	4	3
402	12	0	0	600	0	12	-1	4	3
403	12	0	0	600	0	12	-1	4	3
404	12	0	0	600	0	12	-1	4	3
405	12	0	0	600	0	12	-1	4	3
406	12	0	0	600	0	12	-1	4	3
407	12	0	0	600	0	12	-1	4	3
408	12	0	0	600	0	12	-1	4	3
409	12	0	0	600	0	12	-1	4	3
410	12	0	0	600	0	12	-1	4	3
411	12	0	0	600	0	12	-1	4	3
412	12	0	0	600	0	12	-1	4	3
413	12	0	0	600	0	12	-1	4	3
414	12	0	0	600	0	12	-1	4	3
415	12	0	0	600	0	12	-1	4	3
416	12	0	0	600	0	12	-1	4	3
417	12	0	0	600	0	12	-1	4	3
418	12	0	0	600	0	12	-1	4	3
419	12	0	0	600	0	12	-1	4	3
420	12	0	0	600	0	12	-1	4	3
421	12	0	0	600	0	12	-1	4	3
422	12	0	0	600	0	12	-1	4	3
423	12	0	0	600	0	12	-1	4	3
424	12	0	0	600	0	12	-1	4	3
425	12	0	0	600	0	12	-1	4	3
426	12	0	0	600	0	12	-1	4	3
427	12	0	0	600	0	12	-1	4	3
428	12	0	0	600	0	12	-1	4	3
429	12	0	0	600	0	12	-1	4	3
430	12	0	0	600	0	12	-1	4	3
431	12	0	0	600	0	12	-1	4	3
432	12	0	0	600	0	12	-1	4	3
433	12	0	0	600	0	12	-1	4	3
434	12	0	0	600	0	12	-1	4	3
435	12	0	0	600	0	12	-1	4	3
436	12	0	0	600	0	12	-1	4	3
437	12	0	0	600	0	12	-1	4	3
438	12	0	0	600	0	12	-1	4	3
439	12	0	0	600	0	12	-1	4	3
440	12	0	0	600	0	12	-1	4	3
441	12	0	0	600	0	12	-1	4	3
442	12	0	0	600	0	12	-1	4	3
443	12	0	0	600	0	12	-1	4	3
444	12	0	0	600	0	12	-1	4	3
445	12	0	0	600	0	12	-1	4	3
446	12	0	0	600	0	12	-1	4	3
447	12	0	0	600	0	12	-1	4	3
448	12	0	0	600	0	12	-1	4	3
449	12	0	0	600	0	12	-1	4	3
450	12	0	0	600	0	12	-1	4	3
451	12	0	0	600	0	12	-1	4	3
452	12	0	0	600	0	12	-1	4	3
453	12	0	0	600	0	12	-1	4	3
454	12	0	0	600	0	12	-1	4	3
455	12	0	0	600	0	12	-1	4	3
456	12	0	0	600	0	12	-1	4	3
457	12	0	0	600	0	12	-1	4	3
458	12	0	0	600	0	12	-1	4	3
459	12	0	0	600	0	12	-1	4	3
460	12	0	0	600	0	12	-1	4	3
461	12	0	0	600	0	12	-1	4	3
462	12	0	0	600	0	12	-1	4	3
463	12	0	0	600	0	12	-1	4	3
464	12	0	0	600	0	12	-1	4	3
465	12	0	0	600	0	12	-1	4	3
466	12	0	0	600	0	12	-1	4	3
467	12	0	0	600	0	12	-1	4	3
468	12	0	0	600	0	12	-1	4	3
469	12	0	0	600	0	12	-1	4	3
470	12	0	0	600	0	12	-1	4	3
471	12	0	0	600	0	12	-1	4	3
472	12	0	0	600	0	12	-1	4	3
473	12	0	0	600	0	12	-1	4	3
474	12	0	0	600	0	12	-1	4	3
475	12	0	0	600	0	12	-1	4	3
476	12	0	0	600	0	12	-1	4	3
477	12	0	0	600	0	12	-1	4	3
478	12	0	0	600	0	12	-1	4	3
479	12	0	0	600	0	12	-1	4	3
480	12	0	0	600	0	12	-1	4	3
481	12	0	0	600	0	12	-1	4	3
482	12	0	0	600	0	12	-1	4	3
483	12	0	0	600	0	12	-1	4	3
484	12	0	0	600	0	12	-1	4	3
485	12	0	0	600	0	12	-1	4	3
486	12	0	0	600	0	12	-1	4	3
487	12	0	0	600	0	12	-1	4	3
488	12	0	0	600	0	12	-1	4	3
489	12	0	0	600	0	12	-1	4	3
490	12	0	0	600	0	12	-1	4	3
491	12	0	0	600	0	12	-1	4	3
492	12	0	0	600	0	12	-1	4	3
493	12	0	0	600	0	12	-1	4	3
494	12	0	0	600	0	12	-1	4	3
495	12	0	0	600	0	12	-1	4	3
496	12	0	0	600	0	12	-1	4	3
497	12	0	0	600	0	12	-1	4	3
498	12	0	0	600	0	12	-1	4	3
499	12	0	0	600	0	12	-1	4	3
500	12	0	0	600	0	12	-1	4	3
501	12	0	0	600	0	12	-1	4	3
502	12	0	0	600	0	12	-1	4	3
503	12	0	0	600	0	12	-1	4	3
504	12	0	0	600	0	12	-1	4	3
505	12	0	0	600	0	12	-1	4	3
506	12	0	0	600	0	12	-1	4	3
507	12	0	0	600	0	12	-1	4	3
508	12	0	0	600	0	12	-1	4	3
509	12	0	0	600	0	12	-1	4	3
510	12	0	0	600	0	12	-1	4	3
511	12	0	0	600	0	12	-1	4	3
512	12	0	0	600	0	12	-1	4	3
513	12	0	0	600	0	12	-1	4	3
514	12	0	0	600	0	12	-1	4	3
515	12	0	0	600	0	12	-1	4	3
516	12	0	0	600	0	12	-1	4	3
517	12	0	0	600	0	12	-1	4	3
518	12	0	0	600	0	12	-1	4	3
519	12	0	0	600	0	12	-1	4	3
520	12	0	0	600	0	12	-1	4	3
521	12	0	0	600	0	12	-1	4	3
522	12	0	0	600	0	12	-1	4	3
523	12	0	0	600	0	12	-1	4	3
524	12	0	0	600	0	12	-1	4	3
525	12	0	0	600	0	12	-1	4	3
526	12	0	0	600	0	12	-1	4	3
527	12	0	0	600	0	12	-1	4	3
528	12	0	0	600	0	12	-1	4	3
529	12	0	0	600	0	12	-1	4	3
530	12	0	0	600	0	12	-1	4	3
531	12	0	0	600	0	12	-1	4	3
532	12	0	0	600	0	12	-1	4	3
533	12	0	0	600	0	12	-1	4	3
534	12	0	0	600	0	12	-1	4	3
535	12	0	0	600	0	12	-1	4	3
536	12	0	0	600	0	12	-1	4	3
537	12	0	0	600	0	12	-1	4	3
538	12	0	0	600	0	12	-1	4	3
539	12	0	0	600	0	12	-1	4	3
540	12	0	0	600	0	12	-1	4	3
541	12	0	0	600	0	12	-1	4	3
542	12	0	0	600	0	12	-1	4	3
543	12	0	0	600	0	12	-1	4	3
544	12	0	0	600	0	12	-1	4	3
545	12	0	0	600	0	12	-1	4	3
546	12	0	0	600	0	12	-1	4	3
547	12	0	0	600	0	12	-1	4	3
548	12	0	0	600	0	12	-1	4	3
549	12	0	0	600	0	12	-1	4	3
550	12	0	0	600	0	12	-1	4	3
551	12	0	0	600	0	12	-1	4	3
552	12	0	0	600	0	12	-1	4	3
553	12	0	0	600	0	12	-1	4	3
554	12	0	0	600	0	12	-1	4	3
555	12	0	0	600	0	12	-1	4	3
556	12	0	0	600	0	12	-1	4	3
557	12	0	0	600	0	12	-1	4	3
558	12	0	0	600	0	12	-1	4	3
559	12	0	0	600	0	12	-1	4	3
560	12	0	0	600	0	12	-1	4	3
561	12	0	0	600	0	12	-1	4	3
562	12	0	0	600	0	12	-1	4	3
563	12	0	0	600	0	12	-1	4	3
564	12	0	0	600	0	12	-1	4	3
565	12	0	0	600	0	12	-1	4	3
566	12	0	0	600	0	12	-1	4	3
567	12	0	0	600	0	12	-1	4	3
568	12	0	0	600	0	12	-1	4	3
569	12	0	0	600	0	12	-1	4	3
570	12	0	0	600	0	12	-1	4	3
571	12	0	0	600	0	12	-1	4	3
572	12	0	0	600	0	12	-1	4	3
573	12	0	0	600	0	12	-1	4	3
574	12	0	0	600	0	12	-1	4	3
575	12	0	0	600	0	12	-1	4	3
576	12	0	0	600	0	12	-1	4	3
577	12	0	0	600	0	12	-1	4	3
578	12	0	0	600	0	12	-1	4	3
579	12	0	0	600	0	12	-1	4	3
580	12	0	0	600	0	12	-1	4	3
581	12	0	0	600	0	12	-1	4	3
582	12	0	0	600	0	12	-1	4	3
583	12	0	0	600	0	12	-1	4	3
584	12	0	0	600	0	12	-1	4	3
585	12	0	0	600	0	12	-1	4	3
586	12	0	0	600	0	12	-1	4	3
587	12	0	0	600	0	12	-1	4	3
588	12	0	0	600	0	12	-1	4	3
589	12	0	0	600	0	12	-1	4	3
590	12	0	0	600	0	12	-1	4	3
591	12	0	0	600	0	12	-1	4	3
592	12	0	0	600	0	12	-1	4	3
593	12	0	0	600	0	12	-1	4	3
594	12	0	0	600	0	12	-1	4	3
595	12	0	0	600	0	12	-1	4	3
596	12	0	0	600	0	12	-1	4	3
597	12	0	0	600	0	12	-1	4	3
598	12	0	0	600	0	12	-1	4	3
599	12	0	0	600	0	12	-1	4	3
600	12	0	0	600	0	12	-1	4	3
601	12	0	0	600	0	12	-1	4	3
602	12	0	0	600	0	12	-1	4	3
603	12	0	0	600	0	12	-1	4	3
604	12	0	0	600	0	12	-1	4	3
605	12	0	0	600	0	12	-1	4	3
606	12	0	0	600	0	12	-1	4	3
607	12	0	0	600	0	12	-1	4	3
608	12	0	0	600	0	12	-1	4	3
609	12	0	0	600	0	12	-1	4	3
610	12	0	0	600	0	12	-1	4	3
611	12	0	0	600	0	12	-1	4	3
612	12	0	0	600	0	12	-1	4	3
613	12	0	0	600	0	12	-1	4	3
614	12	0	0	600	0	12	-1	4	3
615	12	0	0	600	0	12	-1	4	3
616	12	0	0	600	0	12	-1	4	3
617	12	0	0	600	0	12	-1	4	3
618	12	0	0	600	0	12	-1	4	3
619	12	0	0	600	0	12	-1	4	3
620	12	0	0	600	0	12	-1	4	3
621	12	0	0	600	0	12	-1	4	3
622	12	0	0	600	0	12	-1	4	3
623	12	0	0	600	0	12	-1	4	3
624	12	0	0	600	0	12	-1	4	3
625	12	0	0	600	0	12	-1	4	3
626	12	0	0	600	0	12	-1	4	3
627	12	0	0	600	0	12	-1	4	3
628	12	0	0	600	0	12	-1	4	3
629	12	0	0	600	0	12	-1	4	3
630	12	0	0	600	0	12	-1	4	3
631	12	0	0	600	0	12	-1	4	3
632	12	0	0	600	0	12	-1	4	3
633	12	0	0	600	0	12	-1	4	3
634	12	0	0	600	0	12	-1	4	3
635	12	0	0	600	0	12	-1	4	3
636	12	0	0	600	0	12	-1	4	3
637	12	0	0	600	0	12	-1	4	3
638	12	0	0	600	0	12	-1	4	3
639	12	0	0	600	0	12	-1	4	3
640	12	0	0	600	0	12	-1	4	3
641	12	0	0	600	0	12	-1	4	3
642	12	0	0	600	0	12	-1	4	3
643	12	0	0	600	0	12	-1	4	3
644	12	0	0	600	0	12	-1	4	3
645	12	0	0	600	0	12	-1	4	3
646	12	0	0	600	0	12	-1	4	3
647	12	0	0	600	0	12	-1	4	3
648	12	0	0	600	0	12	-1	4	3
649	12	0	0	600	0	12	-1	4	3
650	12	0	0	600	0	12	-1	4	3
651	12	0	0	600	0	12	-1	4	3
652	12	0	0	600	0	12	-1	4	3
653	12	0	0	600	0	12	-1	4	3
654	12	0	0	600	0	12	-1	4	3
655	12	0	0	600	0	12	-1	4	3
656	12	0	0	600	0	12	-1	4	3
657	12	0	0	600	0	12	-1	4	3
658	12	0	0	600	0	12	-1	4	3
659	12	0	0	600	0	12	-1	4	3
660	12	0	0	600	0	12	-1	4	3
661	12	0	0	600	0	12	-1	4	3
662	12	0	0	600	0	12	-1	4	3
663	12	0	0	600	0	12	-1	4	3
664	12	0	0	600	0	12	-1	4	3
665	12	0	0	600	0	12	-1	4	3
666	12	0	0	600	0	12	-1	4	3
667	12	0	0	600	0	12	-1	4	3
668	12	0	0	600	0	12	-1	4	3
669	12	0	0	600	0	12	-1	4	3
670	12	0	0	600	0	12	-1	4	3
671	12	0	0	600	0	12	-1	4	3
672	12	0	0	600	0	12	-1	4	3
673	12	0	0	600	0	12	-1	4	3
674	12	0	0	600	0	12	-1	4	3
675	12	0	0	600	0	12	-1	4	3
676	12	0	0	600	0	12	-1	4	3
677	12	0	0	600	0	12	-1	4	3
678	12	0	0	600	0	12	-1	4	3
679	12	0	0	600	0	12	-1	4	3
680	12	0	0	600	0	12	-1	4	3
681	12	0	0	600	0	12	-1	4	3
682	12	0	0	600	0	12	-1	4	3
683	12	0	0	600	0	12	-1	4	3
684	12	0	0	600	0	12	-1	4	3
685	12	0	0	600	0	12	-1	4	3
686	12	0	0	600	0	12	-1	4	3
687	12	0	0	600	0	12	-1	4	3
688	12	0	0	600	0	12	-1	4	3
689	12	0	0	600	0	12	-1	4	3
690	12	0	0	600	0	12	-1	4	3
691	12	0	0	600	0	12	-1	4	3
692	12	0	0	600	0	12	-1	4	3
693	12	0	0	600	0	12	-1	4	3
694	12	0	0	600	0	12	-1	4	3
695	12	0	0	600	0	12	-1	4	3
696	12	0	0	600	0	12	-1	4	3
697	12	0	0	600	0	12	-1	4	3
698	12	0	0	600	0	12	-1	4	3
699	12	0	0	600	0	12	-1	4	3
700	12	0	0	600	0	12	-1	4	3
701	12	0	0	600	0	12	-1	4	3
702	12	0	0	600	0	12	-1	4	3
703	12	0	0	600	0	12	-1	4	3
704	12	0	0	600	0	12	-1	4	3
705	12	0	0	600	0	12	-1	4	3
706	12	0	0	600	0	12	-1	4	3
707	12	0	0	600	0	12	-1	4	3
708	12	0	0	600	0	12	-1	4	3
709	12	0	0	600	0	12	-1	4	3
710	12	0	0	600	0	12	-1	4	3
711	12	0	0	600	0	12	-1	4	3
712	12	0	0	600	0	12	-1	4	3
713	12	0	0	600	0	12	-1	4	3
714	12	0	0	600	0	12	-1	4	3
715	12	0	0	600	0	12	-1	4	3
716	12	0	0	600	0	12	-1	4	3
717	12	0	0	600	0	12	-1	4	3
718	12	0	0	600	0	12	-1	4	3
719	12	0	0	600	0	12	-1	4	3
720	12	0	0	600	0	12	-1	4	3
721	12	0	0	600	0	12	-1	4	3
722	12	0	0	600	0	12	-1	4	3
723	12	0	0	600	0	12	-1	4	3
724	12	0	0	600	0	12	-1	4	3
725	12	0	0	600	0	12	-1	4	3
726	12	0	0	600	0	12	-1	4	3
727	12	0	0	600	0	12	-1	4	3
728	12	0	0	600	0	12	-1	4	3
729	12	0	0	600	0	12	-1	4	3
730	12	0	0	600	0	12	-1	4	3
731	12	0	0	600	0	12	-1	4	3
732	12	0	0	600	0	12	-1	4	3
733	12	0	0	600	0	12	-1	4	3
734	12	0	0	600	0	12	-1	4	3
735	12	0	0	600	0	12	-1	4	3
736	12	0	0	600	0	12	-1	4	3
737	12	0	0	600	0	12	-1	4	3
738	12	0	0	600	0	12	-1	4	3
739	12	0	0	600	0	12	-1	4	3
740	12	0	0	600	0	12	-1	4	3
741	12	0	0	600	0	12	-1	4	3
742	12	0	0	600	0	12	-1	4	3
743	12	0	0	600	0	12	-1	4	3
744	12	0	0	600	0	12	-1	4	3
745	12	0	0	600	0	12	-1	4	3
746	12	0	0	600	0	12	-1	4	3
747	12	0	0	600	0	12	-1	4	3
748	12	0	0	600	0	12	-1	4	3
749	12	0	0	600	0	12	-1	4	3
750	12	0	0	600	0	12	-1	4	3
751	12	0	0	600	0	12	-1	4	3
752	12	0	0	600	0	12	-1	4	3
753	12	0	0	600	0	12	-1	4	3
754	12	0	0	600	0	12	-1	4	3
755	12	0	0	600	0	12	-1	4	3
756	12	0	0	600	0	12	-1	4	3
757	12	0	0	600	0	12	-1	4	3
758	12	0	0	600	0	12	-1	4	3
759	12	0	0	600	0	12	-1	4	3
760	12	0	0	600	0	12	-1	4	3
761	12	0	0	600	0	12	-1	4	3
762	12	0	0	600	0	12	-1	4	3
763	12	0	0	600	0	12	-1	4	3
764	12	0	0	600	0	12	-1	4	3
765	12	0	0	600	0	12	-1	4	3
766	12	0	0	600	0	12	-1	4	3
767	12	0	0	600	0	12	-1	4	3
768	12	0	0	600	0	12	-1	4	3
769	12	0	0	600	0	12	-1	4	3
770	12	0	0	600	0	12	-1	4	3
771	12	0	0	600	0	12	-1	4	3
772	12	0	0	600	0	12	-1	4	3
773	12	0	0	600	0	12	-1	4	3
774	12	0	0	600	0	12	-1	4	3
775	12	0	0	600	0	12	-1	4	3
776	12	0	0	600	0	12	-1	4	3
777	12	0	0	600	0	12	-1	4	3
778	12	0	0	600	0	12	-1	4	3
779	12	0	0	600	0	12	-1	4	3
780	12	0	0	600	0	12	-1	4	3
781	12	0	0	600	0	12	-1	4	3
782	12	0	0	600	0	12	-1	4	3
783	12	0	0	600	0	12	-1	4	3
784	12	0	0	600	0	12	-1	4	3
785	12	0	0	600	0	12	-1	4	3
786	12	0	0	600	0	12	-1	4	3
787	12	0	0	600	0	12	-1	4	3
788	12	0	0	600	0	12	-1	4	3
789	12	0	0	600	0	12	-1	4	3
790	12	0	0	600	0	12	-1	4	3
791	12	0	0	600	0	12	-1	4	3
792	12	0	0	600	0	12	-1	4	3
793	12	0	0	600	0	12	-1	4	3
794	12	0	0	600	0	12	-1	4	3
795	12	0	0	600	0	12	-1	4	3
796	12	0	0	600	0	12	-1	4	3
797	12	0	0	600	0	12	-1	4	3
798	12	0	0	600	0	12	-1	4	3
799	12	0	0	600	0	12	-1	4	3
800	12	0	0	600	0	12	-1	4	3
801	12	0	0	600	0	12	-1	4	3
802	12	0	0	600	0	12	-1	4	3
803	12	0	0	600	0	12	-1	4	3
804	12	0	0	600	0	12	-1	4	3
805	12	0	0	600	0	12	-1	4	3
806	12	0	0	600	0	12	-1	4	3
807	12	0	0	600	0	12	-1	4	3
808	12	0	0	600	0	12	-1	4	3
809	12	0	0	600	0	12	-1	4	3
810	12	0	0	600	0	12	-1	4	3
811	12	0	0	600	0	12	-1	4	3
812	12	0	0	600	0	12	-1	4	3
813	12	0	0	600	0	12	-1	4	3
814	12	0	0	600	0	12	-1	4	3
815	12	0	0	600	0	12	-1	4	3
816	12	0	0	600	0	12	-1	4	3
817	12	0	0	600	0	12	-1	4	3
818	12	0	0	600	0	12	-1	4	3
819	12	0	0	600	0	12	-1	4	3
820	12	0	0	600	0	12	-1	4	3
821	12	0	0	600	0	12	-1	4	3
822	12	0	0	600	0	12	-1	4	3
823	12	0	0	600	0	12	-1	4	3
824	12	0	0	600	0	12	-1	4	3
825	12	0	0	600	0	12	-1	4	3
826	12	0	0	600	0	12	-1	4	3
827	12	0	0	600	0	12	-1	4	3
828	12	0	0	600	0	12	-1	4	3
829	12	0	0	600	0	12	-1	4	3
830	12	0	0	600	0	12	-1	4	3
831	12	0	0	600	0	12	-1	4	3
832	12	0	0	600	0	12	-1	4	3
833	12	0	0	600	0	12	-1	4	3
834	12	0	0	600	0	12	-1	4	3
835	12	0	0	600	0	12	-1	4	3
836	12	0	0	600	0	12	-1	4	3
837	12	0	0	600	0	12	-1	4	3
838	12	0	0	600	0	12	-1	4	3
839	12	0	0	600	0	12	-1	4	3
840	12	0	0	600	0	12	-1	4	3
841	12	0	0	600	0	12	-1	4	3
842	12	0	0	600	0	12	-1	4	3
843	12	0	0	600	0	12	-1	4	3
844	12	0	0	600	0	12	-1	4	3
845	12	0	0	600	0	12	-1	4	3
846	12	0	0	600	0	12	-1	4	3
847	12	0	0	600	0	12	-1	4	3
848	12	0	0	600	0	12	-1	4	3
849	12	0	0	600	0	12	-1	4	3
850	12	0	0	600	0	12	-1	4	3
851	12	0	0	600	0	12	-1	4	3
852	12	0	0	600	0	12	-1	4	3
853	12	0	0	600	0	12	-1	4	3
854	12	0	0	600	0	12	-1	4	3
855	12	0	0	600	0	12	-1	4	3
856	12	0	0	600	0	12	-1	4	3
857	12	0	0	600	0	12	-1	4	3
858	12	0	0	600	0	12	-1	4	3
859	12	0	0	600	0	12	-1	4	3
860	12	0	0	600	0	12	-1	4	3
861	12	0	0	600	0	12	-1	4	3
862	12	0	0	600	0	12	-1	4	3
863	12	0	0	600	0	12	-1	4	3
864	12	0	0	600	0	12	-1	4	3
865	12	0	0	600	0	12	-1	4	3
866	12	0	0	600	0	12	-1	4	3
867	12	0	0	600	0	12	-1	4	3
868	12	0	0	600	0	12	-1	4	3
869	12	0	0	600	0	12	-1	4	3
870	12	0	0	600	0	12	-1	4	3
871	12	0	0	600	0	12	-1	4	3
872	12	0	0	600	0	12	-1	4	3
873	12	0	0	600	0	12	-1	4	3
874	12	0	0	600	0	12	-1	4	3
875	12	0	0	600	0	12	-1	4	3
876	12	0	0	600	0	12	-1	4	3
877	12	0	0	600	0	12	-1	4	3
878	12	0	0	600	0	12	-1	4	3
879	12	0	0	600	0	12	-1	4	3
880	12	0	0	600	0	12	-1	4	3
881	12	0	0	600	0	12	-1	4	3
882	12	0	0	600	0	12	-1	4	3
883	12	0	0	600	0	12	-1	4	3
884	12	0	0	600	0	12	-1	4	3
885	12	0	0	600	0	12	-1	4	3
886	12	0	0	600	0	12	-1	4	3
887	12	0	0	600	0	12	-1	4	3
888	12	0	0	600	0	12	-1	4	3
889	12	0	0	600	0	12	-1	4	3
890	12	0	0	600	0	12	-1	4	3
891	12	0	0	600	0	12	-1	4	3
892	12	0	0	600	0	12	-1	4	3
893	12	0	0	600	0	12	-1	4	3
894	12	0	0	600	0	12	-1	4	3
895	12	0	0	600	0	12	-1	4	3
896	12	0	0	600	0	12	-1	4	3
897	12	0	0	600	0	12	-1	4	3
898	12	0	0	600	0	12	-1	4	3
899	12	0	0	600	0	12	-1	4	3
900	12	0	0	600	0	12	-1	4	3
901	12	0	0	600	0	12	-1	4	3
902	12	0	0	600	0	12	-1	4	3
903	12	0	0	600	0	12	-1	4	3
904	12	0	0	600	0	12	-1	4	3
905	12	0	0	600	0	12	-1	4	3
906	12	0	0	600	0	12	-1	4	3
907	12	0	0	600	0	12	-1	4	3
908	12	0	0	600	0	12	-1	4	3
909	12	0	0	600	0	12	-1	4	3
910	12	0	0	600	0	12	-1	4	3
911	12	0	0	600	0	12	-1	4	3
912	12	0	0	600	0	12	-1	4	3
913	12	0	0	600	0	12	-1	4	3
914	12	0	0	600	0	12	-1	4	3
915	12	0	0	600	0	12	-1	4	3
916	12	0	0	600	0	12	-1	4	3
917	12	0	0	600	0	12	-1	4	3
918	12	0	0	600	0	12	-1	4	3
919	12	0	0	600	0	12	-1	4	3
920	12	1	1	600	920	12	12	4	3
921	12	1	1	600	920	12	12	4	3
922	12	1	1	600	920	12	12	4	3
923	12	1	1	600	920	12	12	4	3
924	12	1	1	600	920	12	12	4	3
925	12	1	1	600	920	12	12	4	3
926	12	1	1	600	920	12	12	4	3
927	12	1	1	600	920	12	12	4	3
928	12	1	1	600	920	12	12	4	3
929	12	1	1	600	920	12	12	4	3
930	12	1	1	600	920	12	12	4	3
931	12	1	1	600	920	12	12	4	3
932	12	1	1	600	920	12	12	4	3
933	12	1	1	600	920	12	12	4	3
934	12	1	1	600	920	12	12	4	3
935	12	1	1	600	920	12	12	4	3
936	12	1	1	600	920	12	12	4	3
937	12	1	1	600	920	12	12	4	3
938	12	1	1	600	920	12	12	4	3
939	12	1	1	600	920	12	12	4	3
940	12	1	1	600	920	12	12	4	3
941	12	1	1	600	920	12	12	4	3
942	12	1	1	600	920	12	12	4	3
943	12	1	1	600	920	12	12	4	3
944	12	1	1	600	920	12	12	4	3
945	12	1	1	600	920	12	12	4	3
946	12	1	1	600	920	12	12	4	3
947	12	1	1	600	920	12	12	4	3
948	12	1	1	600	920	12	12	4	3
949	12	1	1	600	920	12	12	4	3
950	12	1	1	600	920	12	12	4	3
951	12	1	1	600	920	12	12	4	3
952	12	1	1	600	920	12	12	4	3
953	12	1	1	600	920	12	12	4	3
954	12	1	1	600	920	12	12	4	3
955	12	1	1	600	920	12	12	4	3
956	12	1	1	600	920	12	12	4	3
