1	5	0	0	600	0	5	-1	-1	0
2	5	0	0	600	0	5	-1	-1	0
3	5	0	0	600	0	5	-1	-1	0
4	5	0	0	600	0	5	-1	-1	0
5	5	0	0	600	0	5	-1	-1	0
6	5	0	0	600	0	5	-1	-1	0
7	5	0	0	600	0	5	-1	-1	0
8	5	0	0	600	0	5	-1	-1	0
9	5	0	0	600	0	5	-1	-1	0
10	5	0	0	600	0	5	-1	-1	0
11	5	0	0	600	0	5	-1	-1	0
12	5	0	0	600	0	5	-1	-1	0
13	5	0	0	600	0	5	-1	-1	0
14	5	0	0	600	0	5	-1	-1	0
15	5	0	0	600	0	5	-1	-1	0
16	5	0	0	600	0	5	-1	-1	0
17	5	0	0	600	0	5	-1	-1	0
18	5	0	0	600	0	5	-1	-1	0
19	5	0	0	600	0	5	-1	-1	0
20	5	0	0	600	0	5	-1	-1	0
21	5	0	0	600	0	5	-1	-1	0
22	5	0	0	600	0	5	-1	-1	0
23	5	0	0	600	0	5	-1	-1	0
24	5	0	0	600	0	5	-1	-1	0
25	5	0	0	600	0	5	-1	-1	0
26	5	0	0	600	0	5	-1	-1	0
27	5	0	0	600	0	5	-1	-1	0
28	5	0	0	600	0	5	-1	-1	0
29	5	0	0	600	0	5	-1	-1	0
30	5	0	0	600	0	5	-1	-1	0
31	5	0	0	600	0	5	-1	-1	0
32	5	0	0	600	0	5	-1	-1	0
33	5	0	0	600	0	5	-1	-1	0
34	5	0	0	600	0	5	-1	-1	0
35	5	0	0	600	0	5	-1	-1	0
36	5	0	0	600	0	5	-1	-1	0
37	5	0	0	600	0	5	-1	-1	0
38	5	0	0	600	0	5	-1	-1	0
39	5	0	0	600	0	5	-1	-1	0
40	5	0	0	600	0	5	-1	-1	0
41	5	0	0	600	0	5	-1	-1	0
42	5	0	0	600	0	5	-1	-1	0
43	5	0	0	600	0	5	-1	-1	0
44	5	0	0	600	0	5	-1	-1	0
45	5	0	0	600	0	5	-1	-1	0
46	5	0	0	600	0	5	-1	-1	0
47	5	0	0	600	0	5	-1	-1	0
48	5	0	0	600	0	5	-1	-1	0
49	5	0	0	600	0	5	-1	-1	0
50	5	0	0	600	0	5	-1	-1	0
51	5	0	0	600	0	5	-1	-1	0
52	5	0	0	600	0	5	-1	-1	0
53	5	0	0	600	0	5	-1	-1	0
54	5	0	0	600	0	5	-1	-1	0
55	5	0	0	600	0	5	-1	-1	0
56	5	0	0	600	0	5	-1	-1	0
57	5	0	0	600	0	5	-1	-1	0
58	5	0	0	600	0	5	-1	-1	0
59	5	0	0	600	0	5	-1	-1	0
60	5	0	0	600	0	5	-1	-1	0
61	5	0	0	600	0	5	-1	-1	0
62	5	0	0	600	0	5	-1	-1	0
63	5	0	0	600	0	5	-1	-1	0
64	5	0	0	600	0	5	-1	-1	0
65	5	0	0	600	0	5	-1	-1	0
66	5	0	0	600	0	5	-1	-1	0
67	5	0	0	600	0	5	-1	-1	0
68	5	0	0	600	0	5	-1	-1	0
69	5	0	0	600	0	5	-1	-1	0
70	5	0	0	600	0	5	-1	-1	0
71	5	0	0	600	0	5	-1	-1	0
72	5	0	0	600	0	5	-1	-1	0
73	5	0	0	600	0	5	-1	-1	0
74	5	0	0	600	0	5	-1	-1	0
75	5	0	0	600	0	5	-1	-1	0
76	5	0	0	600	0	5	-1	-1	0
77	5	0	0	600	0	5	-1	-1	0
78	5	0	0	600	0	5	-1	-1	0
79	5	0	0	600	0	5	-1	-1	0
80	5	0	0	600	0	5	-1	-1	0
81	5	0	0	600	0	5	-1	-1	0
82	5	0	0	600	0	5	-1	-1	0
83	5	0	0	600	0	5	-1	-1	0
84	5	0	0	600	0	5	-1	-1	0
85	5	0	0	600	0	5	-1	-1	0
86	5	0	0	600	0	5	-1	-1	0
87	5	0	0	600	0	5	-1	-1	0
88	5	0	0	600	0	5	-1	-1	0
89	5	0	0	600	0	5	-1	-1	0
90	5	0	0	600	0	5	-1	-1	0
91	5	0	0	600	0	5	-1	-1	0
92	5	0	0	600	0	5	-1	-1	0
93	5	0	0	600	0	5	-1	-1	0
94	5	0	0	600	0	5	-1	-1	0
95	5	0	0	600	0	5	-1	-1	0
96	5	0	0	600	0	5	-1	-1	0
97	5	0	0	600	0	5	-1	-1	0
98	5	0	0	600	0	5	-1	-1	0
99	5	0	0	600	0	5	-1	-1	0
100	5	0	0	600	0	5	-1	-1	0
101	5	0	0	600	0	5	-1	-1	0
102	5	0	0	600	0	5	-1	-1	0
103	5	0	0	600	0	5	-1	-1	0
104	5	0	0	600	0	5	-1	-1	0
105	5	0	0	600	0	5	-1	-1	0
106	5	0	0	600	0	5	-1	-1	0
107	5	0	0	600	0	5	-1	-1	0
108	5	0	0	600	0	5	-1	-1	0
109	5	0	0	600	0	5	-1	-1	0
110	5	0	0	600	0	5	-1	-1	0
111	5	0	0	600	0	5	-1	-1	0
112	5	0	0	600	0	5	-1	-1	0
113	5	0	0	600	0	5	-1	-1	0
114	5	0	0	600	0	5	-1	-1	0
115	5	0	0	600	0	5	-1	-1	0
116	5	0	0	600	0	5	-1	-1	0
117	5	0	0	600	0	5	-1	-1	0
118	5	0	0	600	0	5	-1	-1	0
119	5	0	0	600	0	5	-1	-1	0
120	5	0	0	600	0	5	-1	-1	0
121	5	0	0	600	0	5	-1	-1	0
122	5	0	0	600	0	5	-1	-1	0
123	5	0	0	600	0	5	-1	-1	0
124	5	0	0	600	0	5	-1	-1	0
125	5	0	0	600	0	5	-1	-1	0
126	5	0	0	600	0	5	-1	-1	0
127	5	0	0	600	0	5	-1	-1	0
128	5	0	0	600	0	5	-1	-1	0
129	5	0	0	600	0	5	-1	-1	0
130	5	0	0	600	0	5	-1	-1	0
131	5	0	0	600	0	5	-1	-1	0
132	5	0	0	600	0	5	-1	-1	0
133	5	0	0	600	0	5	-1	-1	0
134	5	0	0	600	0	5	-1	-1	0
135	5	0	0	600	0	5	-1	-1	0
136	5	0	0	600	0	5	-1	-1	0
137	5	0	0	600	0	5	-1	-1	0
138	5	0	0	600	0	5	-1	-1	0
139	5	0	0	600	0	5	-1	-1	0
140	5	0	0	600	0	5	-1	-1	0
141	5	0	0	600	0	5	-1	-1	0
142	5	0	0	600	0	5	-1	-1	0
143	5	0	0	600	0	5	-1	-1	0
144	5	0	0	600	0	5	-1	-1	0
145	5	0	0	600	0	5	-1	-1	0
146	5	0	0	600	0	5	-1	-1	0
147	5	0	0	600	0	5	-1	-1	0
148	5	0	0	600	0	5	-1	-1	0
149	5	0	0	600	0	5	-1	-1	0
150	5	0	0	600	0	5	-1	-1	0
151	5	0	0	600	0	5	-1	-1	0
152	5	0	0	600	0	5	-1	-1	0
153	5	0	0	600	0	5	-1	-1	0
154	5	0	0	600	0	5	-1	-1	0
155	5	0	0	600	0	5	-1	-1	0
156	5	0	0	600	0	5	-1	-1	0
157	5	0	0	600	0	5	-1	-1	0
158	5	0	0	600	0	5	-1	-1	0
159	5	0	0	600	0	5	-1	-1	0
160	5	0	0	600	0	5	-1	-1	0
161	5	0	0	600	0	5	-1	-1	0
162	5	0	0	600	0	5	-1	-1	0
163	5	0	0	600	0	5	-1	-1	0
164	5	0	0	600	0	5	-1	-1	0
165	5	0	0	600	0	5	-1	-1	0
166	5	0	0	600	0	5	-1	-1	0
167	5	0	0	600	0	5	-1	-1	0
168	5	0	0	600	0	5	-1	-1	0
169	5	0	0	600	0	5	-1	-1	0
170	5	0	0	600	0	5	-1	-1	0
171	5	0	0	600	0	5	-1	-1	0
172	5	0	0	600	0	5	-1	-1	0
173	5	0	0	600	0	5	-1	-1	0
174	5	0	0	600	0	5	-1	-1	0
175	5	0	0	600	0	5	-1	-1	0
176	5	0	0	600	0	5	-1	-1	0
177	5	0	0	600	0	5	-1	-1	0
178	5	0	0	600	0	5	-1	-1	0
179	5	0	0	600	0	5	-1	-1	0
180	5	0	0	600	0	5	-1	-1	0
181	5	0	0	600	0	5	-1	-1	0
182	5	0	0	600	0	5	-1	-1	0
183	5	0	0	600	0	5	-1	-1	0
184	5	0	0	600	0	5	-1	-1	0
185	5	0	0	600	0	5	-1	-1	0
186	5	0	0	600	0	5	-1	-1	0
187	5	0	0	600	0	5	-1	-1	0
188	5	0	0	600	0	5	-1	-1	0
189	5	0	0	600	0	5	-1	-1	0
190	5	0	0	600	0	5	-1	-1	0
191	5	0	0	600	0	5	-1	-1	0
192	5	0	0	600	0	5	-1	-1	0
193	5	0	0	600	0	5	-1	-1	0
194	5	0	0	600	0	5	-1	-1	0
195	5	0	0	600	0	5	-1	-1	0
196	5	0	0	600	0	5	-1	-1	0
197	5	0	0	600	0	5	-1	-1	0
198	5	0	0	600	0	5	-1	-1	0
199	5	0	0	600	0	5	-1	-1	0
200	5	0	0	600	0	5	-1	-1	0
201	5	0	0	600	0	5	-1	-1	0
202	5	0	0	600	0	5	-1	-1	0
203	5	0	0	600	0	5	-1	-1	0
204	5	0	0	600	0	5	-1	-1	0
205	5	0	0	600	0	5	-1	-1	0
206	5	0	0	600	0	5	-1	-1	0
207	5	0	0	600	0	5	-1	-1	0
208	5	0	0	600	0	5	-1	-1	0
209	5	0	0	600	0	5	-1	-1	0
210	5	0	0	600	0	5	-1	-1	0
211	5	0	0	600	0	5	-1	-1	0
212	5	0	0	600	0	5	-1	-1	0
213	5	0	0	600	0	5	-1	-1	0
214	5	0	0	600	0	5	-1	-1	0
215	5	0	0	600	0	5	-1	-1	0
216	5	0	0	600	0	5	-1	-1	0
217	5	0	0	600	0	5	-1	-1	0
218	5	0	0	600	0	5	-1	-1	0
219	5	0	0	600	0	5	-1	-1	0
220	5	0	0	600	0	5	-1	-1	0
221	5	0	0	600	0	5	-1	-1	0
222	5	0	0	600	0	5	-1	-1	0
223	5	0	0	600	0	5	-1	-1	0
224	5	0	0	600	0	5	-1	-1	0
225	5	0	0	600	0	5	-1	-1	0
226	5	0	0	600	0	5	-1	-1	0
227	5	0	0	600	0	5	-1	-1	0
228	5	0	0	600	0	5	-1	-1	0
229	5	0	0	600	0	5	-1	-1	0
230	5	0	0	600	0	5	-1	-1	0
231	5	0	0	600	0	5	-1	-1	0
232	5	0	0	600	0	5	-1	-1	0
233	5	0	0	600	0	5	-1	-1	0
234	5	0	0	600	0	5	-1	-1	0
235	5	0	0	600	0	5	-1	-1	0
236	5	0	0	600	0	5	-1	-1	0
237	5	0	0	600	0	5	-1	-1	0
238	5	0	0	600	0	5	-1	-1	0
239	5	0	0	600	0	5	-1	-1	0
240	5	0	0	600	0	5	-1	-1	0
241	5	0	0	600	0	5	-1	-1	0
242	5	0	0	600	0	5	-1	-1	0
243	5	0	0	600	0	5	-1	-1	0
244	5	0	0	600	0	5	-1	-1	0
245	5	0	0	600	0	5	-1	-1	0
246	5	0	0	600	0	5	-1	-1	0
247	5	0	0	600	0	5	-1	-1	0
248	5	0	0	600	0	5	-1	-1	0
249	5	0	0	600	0	5	-1	-1	0
250	5	0	0	600	0	5	-1	-1	0
251	5	0	0	600	0	5	-1	-1	0
252	5	0	0	600	0	5	-1	-1	0
253	5	0	0	600	0	5	-1	-1	0
254	5	0	0	600	0	5	-1	-1	0
255	5	0	0	600	0	5	-1	-1	0
256	5	0	0	600	0	5	-1	-1	0
257	5	0	0	600	0	5	-1	-1	0
258	5	0	0	600	0	5	-1	-1	0
259	5	0	0	600	0	5	-1	-1	0
260	5	0	0	600	0	5	-1	-1	0
261	5	0	0	600	0	5	-1	-1	0
262	5	0	0	600	0	5	-1	-1	0
263	5	0	0	600	0	5	-1	-1	0
264	5	0	0	600	0	5	-1	-1	0
265	5	0	0	600	0	5	-1	-1	0
266	5	0	0	600	0	5	-1	-1	0
267	5	0	0	600	0	5	-1	-1	0
268	5	0	0	600	0	5	-1	-1	0
269	5	0	0	600	0	5	-1	-1	0
270	5	0	0	600	0	5	-1	-1	0
271	5	0	0	600	0	5	-1	-1	0
272	5	0	0	600	0	5	-1	-1	0
273	5	0	0	600	0	5	-1	-1	0
274	5	0	0	600	0	5	-1	-1	0
275	5	0	0	600	0	5	-1	-1	0
276	5	0	0	600	0	5	-1	-1	0
277	5	0	0	600	0	5	-1	-1	0
278	5	0	0	600	0	5	-1	-1	0
279	5	0	0	600	0	5	-1	-1	0
280	5	0	0	600	0	5	-1	-1	0
281	5	0	0	600	0	5	-1	-1	0
282	5	0	0	600	0	5	-1	-1	0
283	5	0	0	600	0	5	-1	-1	0
284	5	0	0	600	0	5	-1	-1	0
285	5	0	0	600	0	5	-1	-1	0
286	5	0	0	600	0	5	-1	-1	0
287	5	0	0	600	0	5	-1	-1	0
288	5	0	0	600	0	5	-1	-1	0
289	5	0	0	600	0	5	-1	-1	0
290	5	0	0	600	0	5	-1	-1	0
291	5	0	0	600	0	5	-1	-1	0
292	5	0	0	600	0	5	-1	-1	0
293	5	0	0	600	0	5	-1	-1	0
294	5	0	0	600	0	5	-1	-1	0
295	5	0	0	600	0	5	-1	-1	0
296	5	0	0	600	0	5	-1	-1	0
297	5	0	0	600	0	5	-1	-1	0
298	5	0	0	600	0	5	-1	-1	0
299	5	0	0	600	0	5	-1	-1	0
300	5	0	0	600	0	5	-1	-1	0
301	5	0	0	600	0	5	-1	-1	0
302	5	0	0	600	0	5	-1	-1	0
303	5	0	0	600	0	5	-1	-1	0
304	5	0	0	600	0	5	-1	-1	0
305	5	0	0	600	0	5	-1	-1	0
306	5	0	0	600	0	5	-1	-1	0
307	5	0	0	600	0	5	-1	-1	0
308	5	0	0	600	0	5	-1	-1	0
309	5	0	0	600	0	5	-1	-1	0
310	5	0	0	600	0	5	-1	-1	0
311	5	0	0	600	0	5	-1	-1	0
312	5	0	0	600	0	5	-1	-1	0
313	5	0	0	600	0	5	-1	-1	0
314	5	0	0	600	0	5	-1	-1	0
315	5	0	0	600	0	5	-1	-1	0
316	5	0	0	600	0	5	-1	-1	0
317	5	0	0	600	0	5	-1	-1	0
318	5	0	0	600	0	5	-1	-1	0
319	5	0	0	600	0	5	-1	-1	0
320	5	0	0	600	0	5	-1	-1	0
321	5	0	0	600	0	5	-1	-1	0
322	5	0	0	600	0	5	-1	-1	0
323	5	0	0	600	0	5	-1	-1	0
324	5	0	0	600	0	5	-1	-1	0
325	5	0	0	600	0	5	-1	-1	0
326	5	0	0	600	0	5	-1	-1	0
327	5	0	0	600	0	5	-1	-1	0
328	5	0	0	600	0	5	-1	-1	0
329	5	0	0	600	0	5	-1	-1	0
330	5	0	0	600	0	5	-1	-1	0
331	5	0	0	600	0	5	-1	-1	0
332	5	0	0	600	0	5	-1	-1	0
333	5	0	0	600	0	5	-1	-1	0
334	5	0	0	600	0	5	-1	-1	0
335	5	0	0	600	0	5	-1	-1	0
336	5	0	0	600	0	5	-1	-1	0
337	5	0	0	600	0	5	-1	-1	0
338	5	0	0	600	0	5	-1	-1	0
339	5	0	0	600	0	5	-1	-1	0
340	5	0	0	600	0	5	-1	-1	0
341	5	0	0	600	0	5	-1	-1	0
342	5	0	0	600	0	5	-1	-1	0
343	5	0	0	600	0	5	-1	-1	0
344	5	0	0	600	0	5	-1	-1	0
345	5	0	0	600	0	5	-1	-1	0
346	5	0	0	600	0	5	-1	-1	0
347	5	0	0	600	0	5	-1	-1	0
348	5	0	0	600	0	5	-1	-1	0
349	5	0	0	600	0	5	-1	-1	0
350	5	0	0	600	0	5	-1	-1	0
351	5	0	0	600	0	5	-1	-1	0
352	5	0	0	600	0	5	-1	-1	0
353	5	0	0	600	0	5	-1	-1	0
354	5	0	0	600	0	5	-1	-1	0
355	5	0	0	600	0	5	-1	-1	0
356	5	0	0	600	0	5	-1	-1	0
357	5	0	0	600	0	5	-1	-1	0
358	5	0	0	600	0	5	-1	-1	0
359	5	0	0	600	0	5	-1	-1	0
360	5	0	0	600	0	5	-1	-1	0
361	5	0	0	600	0	5	-1	-1	0
362	5	0	0	600	0	5	-1	-1	0
363	5	0	0	600	0	5	-1	-1	0
364	5	0	0	600	0	5	-1	-1	0
365	5	0	0	600	0	5	-1	-1	0
366	5	0	0	600	0	5	-1	-1	0
367	5	0	0	600	0	5	-1	-1	0
368	5	0	0	600	0	5	-1	-1	0
369	5	0	0	600	0	5	-1	-1	0
370	5	0	0	600	0	5	-1	-1	0
371	5	0	0	600	0	5	-1	-1	0
372	5	0	0	600	0	5	-1	-1	0
373	5	0	0	600	0	5	-1	-1	0
374	5	0	0	600	0	5	-1	-1	0
375	5	0	0	600	0	5	-1	-1	0
376	5	0	0	600	0	5	-1	-1	0
377	5	0	0	600	0	5	-1	-1	0
378	5	0	0	600	0	5	-1	-1	0
379	5	0	0	600	0	5	-1	-1	0
380	5	0	0	600	0	5	-1	-1	0
381	5	0	0	600	0	5	-1	-1	0
382	5	0	0	600	0	5	-1	-1	0
383	5	0	0	600	0	5	-1	-1	0
384	5	0	0	600	0	5	-1	-1	0
385	5	0	0	600	0	5	-1	-1	0
386	5	0	0	600	0	5	-1	-1	0
387	5	0	0	600	0	5	-1	-1	0
388	5	0	0	600	0	5	-1	-1	0
389	5	0	0	600	0	5	-1	-1	0
390	5	0	0	600	0	5	-1	-1	0
391	5	0	0	600	0	5	-1	-1	0
392	5	0	0	600	0	5	-1	-1	0
393	5	0	0	600	0	5	-1	-1	0
394	5	0	0	600	0	5	-1	-1	0
395	5	0	0	600	0	5	-1	-1	0
396	5	0	0	600	0	5	-1	-1	0
397	5	0	0	600	0	5	-1	-1	0
398	5	0	0	600	0	5	-1	-1	0
399	5	0	0	600	0	5	-1	-1	0
400	5	0	0	600	0	5	-1	-1	0
401	5	0	0	600	0	5	-1	-1	0
402	5	0	0	600	0	5	-1	-1	0
403	5	0	0	600	0	5	-1	-1	0
404	5	0	0	600	0	5	-1	-1	0
405	5	0	0	600	0	5	-1	-1	0
406	5	0	0	600	0	5	-1	-1	0
407	5	0	0	600	0	5	-1	-1	0
408	5	0	0	600	0	5	-1	-1	0
409	5	0	0	600	0	5	-1	-1	0
410	5	0	0	600	0	5	-1	-1	0
411	5	0	0	600	0	5	-1	-1	0
412	5	0	0	600	0	5	-1	-1	0
413	5	0	0	600	0	5	-1	-1	0
414	5	0	0	600	0	5	-1	-1	0
415	5	0	0	600	0	5	-1	-1	0
416	5	0	0	600	0	5	-1	-1	0
417	5	0	0	600	0	5	-1	-1	0
418	5	0	0	600	0	5	-1	-1	0
419	5	0	0	600	0	5	-1	-1	0
420	5	0	0	600	0	5	-1	-1	0
421	5	0	0	600	0	5	-1	-1	0
422	5	0	0	600	0	5	-1	-1	0
423	5	0	0	600	0	5	-1	-1	0
424	5	0	0	600	0	5	-1	-1	0
425	5	0	0	600	0	5	-1	-1	0
426	5	0	0	600	0	5	-1	-1	0
427	5	0	0	600	0	5	-1	-1	0
428	5	0	0	600	0	5	-1	-1	0
429	5	0	0	600	0	5	-1	-1	0
430	5	0	0	600	0	5	-1	-1	0
431	5	0	0	600	0	5	-1	-1	0
432	5	0	0	600	0	5	-1	-1	0
433	5	0	0	600	0	5	-1	-1	0
434	5	0	0	600	0	5	-1	-1	0
435	5	0	0	600	0	5	-1	-1	0
436	5	0	0	600	0	5	-1	-1	0
437	5	0	0	600	0	5	-1	-1	0
438	5	0	0	600	0	5	-1	-1	0
439	5	0	0	600	0	5	-1	-1	0
440	5	0	0	600	0	5	-1	-1	0
441	5	0	0	600	0	5	-1	-1	0
442	5	0	0	600	0	5	-1	-1	0
443	5	0	0	600	0	5	-1	-1	0
444	5	0	0	600	0	5	-1	-1	0
445	5	0	0	600	0	5	-1	-1	0
446	5	0	0	600	0	5	-1	-1	0
447	5	0	0	600	0	5	-1	-1	0
448	5	0	0	600	0	5	-1	-1	0
449	5	0	0	600	0	5	-1	-1	0
450	5	0	0	600	0	5	-1	-1	0
451	5	0	0	600	0	5	-1	-1	0
452	5	0	0	600	0	5	-1	-1	0
453	5	0	0	600	0	5	-1	-1	0
454	5	0	0	600	0	5	-1	-1	0
455	5	0	0	600	0	5	-1	-1	0
456	5	0	0	600	0	5	-1	-1	0
457	5	0	0	600	0	5	-1	-1	0
458	5	0	0	600	0	5	-1	-1	0
459	5	0	0	600	0	5	-1	-1	0
460	5	0	0	600	0	5	-1	-1	0
461	5	0	0	600	0	5	-1	-1	0
462	5	0	0	600	0	5	-1	-1	0
463	5	0	0	600	0	5	-1	-1	0
464	5	0	0	600	0	5	-1	-1	0
465	5	0	0	600	0	5	-1	-1	0
466	5	0	0	600	0	5	-1	-1	0
467	5	0	0	600	0	5	-1	-1	0
468	5	0	0	600	0	5	-1	-1	0
469	5	0	0	600	0	5	-1	-1	0
470	5	0	0	600	0	5	-1	-1	0
471	5	0	0	600	0	5	-1	-1	0
472	5	0	0	600	0	5	-1	-1	0
473	5	0	0	600	0	5	-1	-1	0
474	5	0	0	600	0	5	-1	-1	0
475	5	0	0	600	0	5	-1	-1	0
476	5	0	0	600	0	5	-1	-1	0
477	5	0	0	600	0	5	-1	-1	0
478	5	0	0	600	0	5	-1	-1	0
479	5	0	0	600	0	5	-1	-1	0
480	5	0	0	600	0	5	-1	-1	0
481	5	0	0	600	0	5	-1	-1	0
482	5	0	0	600	0	5	-1	-1	0
483	5	0	0	600	0	5	-1	-1	0
484	5	0	0	600	0	5	-1	-1	0
485	5	0	0	600	0	5	-1	-1	0
486	5	0	0	600	0	5	-1	-1	0
487	5	0	0	600	0	5	-1	-1	0
488	5	0	0	600	0	5	-1	-1	0
489	5	0	0	600	0	5	-1	-1	0
490	5	0	0	600	0	5	-1	-1	0
491	5	0	0	600	0	5	-1	-1	0
492	5	0	0	600	0	5	-1	-1	0
493	5	0	0	600	0	5	-1	-1	0
494	5	0	0	600	0	5	-1	-1	0
495	5	0	0	600	0	5	-1	-1	0
496	5	0	0	600	0	5	-1	-1	0
497	5	0	0	600	0	5	-1	-1	0
498	5	0	0	600	0	5	-1	-1	0
499	5	0	0	600	0	5	-1	-1	0
500	5	0	0	600	0	5	-1	-1	0
501	5	0	0	600	0	5	-1	-1	0
502	5	0	0	600	0	5	-1	-1	0
503	5	0	0	600	0	5	-1	-1	0
504	5	0	0	600	0	5	-1	-1	0
505	5	0	0	600	0	5	-1	-1	0
506	5	0	0	600	0	5	-1	-1	0
507	5	0	0	600	0	5	-1	-1	0
508	5	0	0	600	0	5	-1	-1	0
509	5	0	0	600	0	5	-1	-1	0
510	5	0	0	600	0	5	-1	-1	0
511	5	0	0	600	0	5	-1	-1	0
512	5	0	0	600	0	5	-1	-1	0
513	5	0	0	600	0	5	-1	-1	0
514	5	0	0	600	0	5	-1	-1	0
515	5	0	0	600	0	5	-1	-1	0
516	5	0	0	600	0	5	-1	-1	0
517	5	0	0	600	0	5	-1	-1	0
518	5	0	0	600	0	5	-1	-1	0
519	5	0	0	600	0	5	-1	-1	0
520	5	0	0	600	0	5	-1	-1	0
521	5	0	0	600	0	5	-1	-1	0
522	5	0	0	600	0	5	-1	-1	0
523	5	0	0	600	0	5	-1	-1	0
524	5	0	0	600	0	5	-1	-1	0
525	5	0	0	600	0	5	-1	-1	0
526	5	0	0	600	0	5	-1	-1	0
527	5	0	0	600	0	5	-1	-1	0
528	5	0	0	600	0	5	-1	-1	0
529	5	0	0	600	0	5	-1	-1	0
530	5	0	0	600	0	5	-1	-1	0
531	5	0	0	600	0	5	-1	-1	0
532	5	0	0	600	0	5	-1	-1	0
533	5	0	0	600	0	5	-1	-1	0
534	5	0	0	600	0	5	-1	-1	0
535	5	0	0	600	0	5	-1	-1	0
536	5	0	0	600	0	5	-1	-1	0
537	5	0	0	600	0	5	-1	-1	0
538	5	0	0	600	0	5	-1	-1	0
539	5	0	0	600	0	5	-1	-1	0
540	5	0	0	600	0	5	-1	-1	0
541	5	0	0	600	0	5	-1	-1	0
542	5	0	0	600	0	5	-1	-1	0
543	5	0	0	600	0	5	-1	-1	0
544	5	0	0	600	0	5	-1	-1	0
545	5	0	0	600	0	5	-1	-1	0
546	5	0	0	600	0	5	-1	-1	0
547	5	0	0	600	0	5	-1	-1	0
548	5	0	0	600	0	5	-1	-1	0
549	5	0	0	600	0	5	-1	-1	0
550	5	0	0	600	0	5	-1	-1	0
551	5	0	0	600	0	5	-1	-1	0
552	5	0	0	600	0	5	-1	-1	0
553	5	0	0	600	0	5	-1	-1	0
554	5	0	0	600	0	5	-1	-1	0
555	5	0	0	600	0	5	-1	-1	0
556	5	0	0	600	0	5	-1	-1	0
557	5	0	0	600	0	5	-1	-1	0
558	5	0	0	600	0	5	-1	-1	0
559	5	0	0	600	0	5	-1	-1	0
560	5	0	0	600	0	5	-1	-1	0
561	5	0	0	600	0	5	-1	-1	0
562	5	0	0	600	0	5	-1	-1	0
563	5	0	0	600	0	5	-1	-1	0
564	5	0	0	600	0	5	-1	-1	0
565	5	0	0	600	0	5	-1	-1	0
566	5	0	0	600	0	5	-1	-1	0
567	5	0	0	600	0	5	-1	-1	0
568	5	0	0	600	0	5	-1	-1	0
569	5	0	0	600	0	5	-1	-1	0
570	5	0	0	600	0	5	-1	-1	0
571	5	0	0	600	0	5	-1	-1	0
572	5	0	0	600	0	5	-1	-1	0
573	5	0	0	600	0	5	-1	-1	0
574	5	0	0	600	0	5	-1	-1	0
575	5	0	0	600	0	5	-1	-1	0
576	5	0	0	600	0	5	-1	-1	0
577	5	0	0	600	0	5	-1	-1	0
578	5	0	0	600	0	5	-1	-1	0
579	5	0	0	600	0	5	-1	-1	0
580	5	0	0	600	0	5	-1	-1	0
581	5	0	0	600	0	5	-1	-1	0
582	5	0	0	600	0	5	-1	-1	0
583	5	0	0	600	0	5	-1	-1	0
584	5	0	0	600	0	5	-1	-1	0
585	5	0	0	600	0	5	-1	-1	0
586	5	0	0	600	0	5	-1	-1	0
587	5	0	0	600	0	5	-1	-1	0
588	5	0	0	600	0	5	-1	-1	0
589	5	0	0	600	0	5	-1	-1	0
590	5	0	0	600	0	5	-1	-1	0
591	5	0	0	600	0	5	-1	-1	0
592	5	0	0	600	0	5	-1	-1	0
593	5	0	0	600	0	5	-1	-1	0
594	5	0	0	600	0	5	-1	-1	0
595	5	0	0	600	0	5	-1	-1	0
596	5	0	0	600	0	5	-1	-1	0
597	5	0	0	600	0	5	-1	-1	0
598	5	0	0	600	0	5	-1	-1	0
599	5	0	0	600	0	5	-1	-1	0
600	5	0	0	600	0	5	-1	-1	0
601	5	0	0	600	0	5	-1	-1	0
602	5	0	0	600	0	5	-1	-1	0
603	5	0	0	600	0	5	-1	-1	0
604	5	0	0	600	0	5	-1	-1	0
605	5	0	0	600	0	5	-1	-1	0
606	5	0	0	600	0	5	-1	-1	0
607	5	0	0	600	0	5	-1	-1	0
608	5	0	0	600	0	5	-1	-1	0
609	5	0	0	600	0	5	-1	-1	0
610	5	0	0	600	0	5	-1	-1	0
611	5	0	0	600	0	5	-1	-1	0
612	5	0	0	600	0	5	-1	-1	0
613	5	0	0	600	0	5	-1	-1	0
614	5	0	0	600	0	5	-1	-1	0
615	5	0	0	600	0	5	-1	-1	0
616	5	0	0	600	0	5	-1	-1	0
617	5	0	0	600	0	5	-1	-1	0
618	5	0	0	600	0	5	-1	-1	0
619	5	0	0	600	0	5	-1	-1	0
620	5	0	0	600	0	5	-1	-1	0
621	5	0	0	600	0	5	-1	-1	0
622	5	0	0	600	0	5	-1	-1	0
623	5	0	0	600	0	5	-1	-1	0
624	5	0	0	600	0	5	-1	-1	0
625	5	0	0	600	0	5	-1	-1	0
626	5	0	0	600	0	5	-1	-1	0
627	5	0	0	600	0	5	-1	-1	0
628	5	0	0	600	0	5	-1	-1	0
629	5	0	0	600	0	5	-1	-1	0
630	5	0	0	600	0	5	-1	-1	0
631	5	0	0	600	0	5	-1	-1	0
632	5	0	0	600	0	5	-1	-1	0
633	5	0	0	600	0	5	-1	-1	0
634	5	0	0	600	0	5	-1	-1	0
635	5	0	0	600	0	5	-1	-1	0
636	5	0	0	600	0	5	-1	-1	0
637	5	0	0	600	0	5	-1	-1	0
638	5	0	0	600	0	5	-1	-1	0
639	5	0	0	600	0	5	-1	-1	0
640	5	0	0	600	0	5	-1	-1	0
641	5	1	1	600	641	5	5	-1	0
642	5	1	1	600	641	5	5	-1	0
643	5	1	1	600	641	5	5	-1	0
644	5	1	1	600	641	5	5	-1	0
645	5	1	1	600	641	5	5	-1	0
646	5	1	1	600	641	5	5	-1	0
647	5	1	1	600	641	5	5	-1	0
648	5	1	1	600	641	5	5	-1	0
649	5	1	1	600	641	5	5	-1	0
650	5	1	1	600	641	5	5	-1	0
651	5	1	1	600	641	5	5	-1	0
652	5	1	1	600	641	5	5	-1	0
653	5	1	1	600	641	5	5	-1	0
654	5	1	1	600	641	5	5	-1	0
655	5	1	1	600	641	5	5	-1	0
656	5	1	1	600	641	5	5	-1	0
657	5	1	1	600	641	5	5	-1	0
658	5	1	1	600	641	5	5	-1	0
659	5	1	1	600	641	5	5	-1	0
660	5	1	1	600	641	5	5	-1	0
661	5	1	1	600	641	5	5	-1	0
662	5	1	1	600	641	5	5	-1	0
663	5	1	1	600	641	5	5	-1	0
664	5	1	1	600	641	5	5	-1	0
665	5	1	1	600	641	5	5	-1	0
666	5	1	1	600	641	5	5	-1	0
667	5	1	1	600	641	5	5	-1	0
668	5	1	1	600	641	5	5	-1	0
669	5	1	1	600	641	5	5	-1	0
670	5	1	1	600	641	5	5	-1	0
671	5	1	1	600	641	5	5	-1	0
672	5	1	1	600	641	5	5	-1	0
673	5	1	1	600	641	5	5	-1	0
