1	9	0	0	600	0	9	-1	0	1
2	9	0	0	600	0	9	-1	0	1
3	9	0	0	600	0	9	-1	0	1
4	9	0	0	600	0	9	-1	0	1
5	9	0	0	600	0	9	-1	0	1
6	9	0	0	600	0	9	-1	0	1
7	9	0	0	600	0	9	-1	0	1
8	9	0	0	600	0	9	-1	0	1
9	9	0	0	600	0	9	-1	0	1
10	9	0	0	600	0	9	-1	0	1
11	9	0	0	600	0	9	-1	0	1
12	9	0	0	600	0	9	-1	0	1
13	9	0	0	600	0	9	-1	0	1
14	9	0	0	600	0	9	-1	0	1
15	9	0	0	600	0	9	-1	0	1
16	9	0	0	600	0	9	-1	0	1
17	9	0	0	600	0	9	-1	0	1
18	9	0	0	600	0	9	-1	0	1
19	9	0	0	600	0	9	-1	0	1
20	9	0	0	600	0	9	-1	0	1
21	9	0	0	600	0	9	-1	0	1
22	9	0	0	600	0	9	-1	0	1
23	9	0	0	600	0	9	-1	0	1
24	9	0	0	600	0	9	-1	0	1
25	9	0	0	600	0	9	-1	0	1
26	9	0	0	600	0	9	-1	0	1
27	9	0	0	600	0	9	-1	0	1
28	9	0	0	600	0	9	-1	0	1
29	9	0	0	600	0	9	-1	0	1
30	9	0	0	600	0	9	-1	0	1
31	9	0	0	600	0	9	-1	0	1
32	9	0	0	600	0	9	-1	0	1
33	9	0	0	600	0	9	-1	0	1
34	9	0	0	600	0	9	-1	0	1
35	9	0	0	600	0	9	-1	0	1
36	9	0	0	600	0	9	-1	0	1
37	9	0	0	600	0	9	-1	0	1
38	9	0	0	600	0	9	-1	0	1
39	9	0	0	600	0	9	-1	0	1
40	9	0	0	600	0	9	-1	0	1
41	9	0	0	600	0	9	-1	0	1
42	9	0	0	600	0	9	-1	0	1
43	9	0	0	600	0	9	-1	0	1
44	9	0	0	600	0	9	-1	0	1
45	9	0	0	600	0	9	-1	0	1
46	9	0	0	600	0	9	-1	0	1
47	9	0	0	600	0	9	-1	0	1
48	9	0	0	600	0	9	-1	0	1
49	9	0	0	600	0	9	-1	0	1
50	9	0	0	600	0	9	-1	0	1
51	9	0	0	600	0	9	-1	0	1
52	9	0	0	600	0	9	-1	0	1
53	9	0	0	600	0	9	-1	0	1
54	9	0	0	600	0	9	-1	0	1
55	9	0	0	600	0	9	-1	0	1
56	9	0	0	600	0	9	-1	0	1
57	9	0	0	600	0	9	-1	0	1
58	9	0	0	600	0	9	-1	0	1
59	9	0	0	600	0	9	-1	0	1
60	9	0	0	600	0	9	-1	0	1
61	9	0	0	600	0	9	-1	0	1
62	9	0	0	600	0	9	-1	0	1
63	9	0	0	600	0	9	-1	0	1
64	9	0	0	600	0	9	-1	0	1
65	9	0	0	600	0	9	-1	0	1
66	9	0	0	600	0	9	-1	0	1
67	9	0	0	600	0	9	-1	0	1
68	9	0	0	600	0	9	-1	0	1
69	9	0	0	600	0	9	-1	0	1
70	9	0	0	600	0	9	-1	0	1
71	9	0	0	600	0	9	-1	0	1
72	9	0	0	600	0	9	-1	0	1
73	9	0	0	600	0	9	-1	0	1
74	9	0	0	600	0	9	-1	0	1
75	9	0	0	600	0	9	-1	0	1
76	9	0	0	600	0	9	-1	0	1
77	9	0	0	600	0	9	-1	0	1
78	9	0	0	600	0	9	-1	0	1
79	9	0	0	600	0	9	-1	0	1
80	9	0	0	600	0	9	-1	0	1
81	9	0	0	600	0	9	-1	0	1
82	9	0	0	600	0	9	-1	0	1
83	9	0	0	600	0	9	-1	0	1
84	9	0	0	600	0	9	-1	0	1
85	9	0	0	600	0	9	-1	0	1
86	9	0	0	600	0	9	-1	0	1
87	9	0	0	600	0	9	-1	0	1
88	9	0	0	600	0	9	-1	0	1
89	9	0	0	600	0	9	-1	0	1
90	9	0	0	600	0	9	-1	0	1
91	9	0	0	600	0	9	-1	0	1
92	9	0	0	600	0	9	-1	0	1
93	9	0	0	600	0	9	-1	0	1
94	9	0	0	600	0	9	-1	0	1
95	9	0	0	600	0	9	-1	0	1
96	9	0	0	600	0	9	-1	0	1
97	9	0	0	600	0	9	-1	0	1
98	9	0	0	600	0	9	-1	0	1
99	9	0	0	600	0	9	-1	0	1
100	9	0	0	600	0	9	-1	0	1
101	9	0	0	600	0	9	-1	0	1
102	9	0	0	600	0	9	-1	0	1
103	9	0	0	600	0	9	-1	0	1
104	9	0	0	600	0	9	-1	0	1
105	9	0	0	600	0	9	-1	0	1
106	9	0	0	600	0	9	-1	0	1
107	9	0	0	600	0	9	-1	0	1
108	9	0	0	600	0	9	-1	0	1
109	9	0	0	600	0	9	-1	0	1
110	9	0	0	600	0	9	-1	0	1
111	9	0	0	600	0	9	-1	0	1
112	9	0	0	600	0	9	-1	0	1
113	9	0	0	600	0	9	-1	0	1
114	9	0	0	600	0	9	-1	0	1
115	9	0	0	600	0	9	-1	0	1
116	9	0	0	600	0	9	-1	0	1
117	9	0	0	600	0	9	-1	0	1
118	9	0	0	600	0	9	-1	0	1
119	9	0	0	600	0	9	-1	0	1
120	9	0	0	600	0	9	-1	0	1
121	9	0	0	600	0	9	-1	0	1
122	9	0	0	600	0	9	-1	0	1
123	9	0	0	600	0	9	-1	0	1
124	9	0	0	600	0	9	-1	0	1
125	9	0	0	600	0	9	-1	0	1
126	9	0	0	600	0	9	-1	0	1
127	9	0	0	600	0	9	-1	0	1
128	9	0	0	600	0	9	-1	0	1
129	9	0	0	600	0	9	-1	0	1
130	9	0	0	600	0	9	-1	0	1
131	9	0	0	600	0	9	-1	0	1
132	9	0	0	600	0	9	-1	0	1
133	9	0	0	600	0	9	-1	0	1
134	9	0	0	600	0	9	-1	0	1
135	9	0	0	600	0	9	-1	0	1
136	9	0	0	600	0	9	-1	0	1
137	9	0	0	600	0	9	-1	0	1
138	9	0	0	600	0	9	-1	0	1
139	9	0	0	600	0	9	-1	0	1
140	9	0	0	600	0	9	-1	0	1
141	9	0	0	600	0	9	-1	0	1
142	9	0	0	600	0	9	-1	0	1
143	9	0	0	600	0	9	-1	0	1
144	9	0	0	600	0	9	-1	0	1
145	9	0	0	600	0	9	-1	0	1
146	9	0	0	600	0	9	-1	0	1
147	9	0	0	600	0	9	-1	0	1
148	9	0	0	600	0	9	-1	0	1
149	9	0	0	600	0	9	-1	0	1
150	9	0	0	600	0	9	-1	0	1
151	9	0	0	600	0	9	-1	0	1
152	9	0	0	600	0	9	-1	0	1
153	9	0	0	600	0	9	-1	0	1
154	9	0	0	600	0	9	-1	0	1
155	9	0	0	600	0	9	-1	0	1
156	9	0	0	600	0	9	-1	0	1
157	9	0	0	600	0	9	-1	0	1
158	9	0	0	600	0	9	-1	0	1
159	9	0	0	600	0	9	-1	0	1
160	9	0	0	600	0	9	-1	0	1
161	9	0	0	600	0	9	-1	0	1
162	9	0	0	600	0	9	-1	0	1
163	9	0	0	600	0	9	-1	0	1
164	9	0	0	600	0	9	-1	0	1
165	9	0	0	600	0	9	-1	0	1
166	9	0	0	600	0	9	-1	0	1
167	9	0	0	600	0	9	-1	0	1
168	9	0	0	600	0	9	-1	0	1
169	9	0	0	600	0	9	-1	0	1
170	9	0	0	600	0	9	-1	0	1
171	9	0	0	600	0	9	-1	0	1
172	9	0	0	600	0	9	-1	0	1
173	9	0	0	600	0	9	-1	0	1
174	9	0	0	600	0	9	-1	0	1
175	9	0	0	600	0	9	-1	0	1
176	9	0	0	600	0	9	-1	0	1
177	9	0	0	600	0	9	-1	0	1
178	9	0	0	600	0	9	-1	0	1
179	9	0	0	600	0	9	-1	0	1
180	9	0	0	600	0	9	-1	0	1
181	9	0	0	600	0	9	-1	0	1
182	9	0	0	600	0	9	-1	0	1
183	9	0	0	600	0	9	-1	0	1
184	9	0	0	600	0	9	-1	0	1
185	9	0	0	600	0	9	-1	0	1
186	9	0	0	600	0	9	-1	0	1
187	9	0	0	600	0	9	-1	0	1
188	9	0	0	600	0	9	-1	0	1
189	9	0	0	600	0	9	-1	0	1
190	9	0	0	600	0	9	-1	0	1
191	9	0	0	600	0	9	-1	0	1
192	9	0	0	600	0	9	-1	0	1
193	9	0	0	600	0	9	-1	0	1
194	9	0	0	600	0	9	-1	0	1
195	9	0	0	600	0	9	-1	0	1
196	9	0	0	600	0	9	-1	0	1
197	9	0	0	600	0	9	-1	0	1
198	9	0	0	600	0	9	-1	0	1
199	9	0	0	600	0	9	-1	0	1
200	9	0	0	600	0	9	-1	0	1
201	9	0	0	600	0	9	-1	0	1
202	9	0	0	600	0	9	-1	0	1
203	9	0	0	600	0	9	-1	0	1
204	9	0	0	600	0	9	-1	0	1
205	9	0	0	600	0	9	-1	0	1
206	9	0	0	600	0	9	-1	0	1
207	9	0	0	600	0	9	-1	0	1
208	9	0	0	600	0	9	-1	0	1
209	9	0	0	600	0	9	-1	0	1
210	9	0	0	600	0	9	-1	0	1
211	9	0	0	600	0	9	-1	0	1
212	9	0	0	600	0	9	-1	0	1
213	9	0	0	600	0	9	-1	0	1
214	9	0	0	600	0	9	-1	0	1
215	9	0	0	600	0	9	-1	0	1
216	9	0	0	600	0	9	-1	0	1
217	9	0	0	600	0	9	-1	0	1
218	9	0	0	600	0	9	-1	0	1
219	9	0	0	600	0	9	-1	0	1
220	9	0	0	600	0	9	-1	0	1
221	9	0	0	600	0	9	-1	0	1
222	9	0	0	600	0	9	-1	0	1
223	9	0	0	600	0	9	-1	0	1
224	9	0	0	600	0	9	-1	0	1
225	9	0	0	600	0	9	-1	0	1
226	9	0	0	600	0	9	-1	0	1
227	9	0	0	600	0	9	-1	0	1
228	9	0	0	600	0	9	-1	0	1
229	9	0	0	600	0	9	-1	0	1
230	9	0	0	600	0	9	-1	0	1
231	9	0	0	600	0	9	-1	0	1
232	9	0	0	600	0	9	-1	0	1
233	9	0	0	600	0	9	-1	0	1
234	9	0	0	600	0	9	-1	0	1
235	9	0	0	600	0	9	-1	0	1
236	9	0	0	600	0	9	-1	0	1
237	9	0	0	600	0	9	-1	0	1
238	9	0	0	600	0	9	-1	0	1
239	9	0	0	600	0	9	-1	0	1
240	9	0	0	600	0	9	-1	0	1
241	9	0	0	600	0	9	-1	0	1
242	9	0	0	600	0	9	-1	0	1
243	9	0	0	600	0	9	-1	0	1
244	9	0	0	600	0	9	-1	0	1
245	9	0	0	600	0	9	-1	0	1
246	9	0	0	600	0	9	-1	0	1
247	9	0	0	600	0	9	-1	0	1
248	9	0	0	600	0	9	-1	0	1
249	9	0	0	600	0	9	-1	0	1
250	9	0	0	600	0	9	-1	0	1
251	9	0	0	600	0	9	-1	0	1
252	9	0	0	600	0	9	-1	0	1
253	9	0	0	600	0	9	-1	0	1
254	9	0	0	600	0	9	-1	0	1
255	9	0	0	600	0	9	-1	0	1
256	9	0	0	600	0	9	-1	0	1
257	9	0	0	600	0	9	-1	0	1
258	9	0	0	600	0	9	-1	0	1
259	9	0	0	600	0	9	-1	0	1
260	9	0	0	600	0	9	-1	0	1
261	9	0	0	600	0	9	-1	0	1
262	9	0	0	600	0	9	-1	0	1
263	9	0	0	600	0	9	-1	0	1
264	9	0	0	600	0	9	-1	0	1
265	9	0	0	600	0	9	-1	0	1
266	9	0	0	600	0	9	-1	0	1
267	9	0	0	600	0	9	-1	0	1
268	9	0	0	600	0	9	-1	0	1
269	9	0	0	600	0	9	-1	0	1
270	9	0	0	600	0	9	-1	0	1
271	9	0	0	600	0	9	-1	0	1
272	9	0	0	600	0	9	-1	0	1
273	9	0	0	600	0	9	-1	0	1
274	9	0	0	600	0	9	-1	0	1
275	9	0	0	600	0	9	-1	0	1
276	9	0	0	600	0	9	-1	0	1
277	9	0	0	600	0	9	-1	0	1
278	9	0	0	600	0	9	-1	0	1
279	9	0	0	600	0	9	-1	0	1
280	9	0	0	600	0	9	-1	0	1
281	9	0	0	600	0	9	-1	0	1
282	9	0	0	600	0	9	-1	0	1
283	9	0	0	600	0	9	-1	0	1
284	9	0	0	600	0	9	-1	0	1
285	9	0	0	600	0	9	-1	0	1
286	9	0	0	600	0	9	-1	0	1
287	9	0	0	600	0	9	-1	0	1
288	9	0	0	600	0	9	-1	0	1
289	9	0	0	600	0	9	-1	0	1
290	9	0	0	600	0	9	-1	0	1
291	9	0	0	600	0	9	-1	0	1
292	9	0	0	600	0	9	-1	0	1
293	9	0	0	600	0	9	-1	0	1
294	9	0	0	600	0	9	-1	0	1
295	9	0	0	600	0	9	-1	0	1
296	9	0	0	600	0	9	-1	0	1
297	9	0	0	600	0	9	-1	0	1
298	9	0	0	600	0	9	-1	0	1
299	9	0	0	600	0	9	-1	0	1
300	9	0	0	600	0	9	-1	0	1
301	9	0	0	600	0	9	-1	0	1
302	9	0	0	600	0	9	-1	0	1
303	9	0	0	600	0	9	-1	0	1
304	9	0	0	600	0	9	-1	0	1
305	9	0	0	600	0	9	-1	0	1
306	9	0	0	600	0	9	-1	0	1
307	9	0	0	600	0	9	-1	0	1
308	9	0	0	600	0	9	-1	0	1
309	9	0	0	600	0	9	-1	0	1
310	9	0	0	600	0	9	-1	0	1
311	9	0	0	600	0	9	-1	0	1
312	9	0	0	600	0	9	-1	0	1
313	9	0	0	600	0	9	-1	0	1
314	9	0	0	600	0	9	-1	0	1
315	9	0	0	600	0	9	-1	0	1
316	9	0	0	600	0	9	-1	0	1
317	9	0	0	600	0	9	-1	0	1
318	9	0	0	600	0	9	-1	0	1
319	9	0	0	600	0	9	-1	0	1
320	9	0	0	600	0	9	-1	0	1
321	9	0	0	600	0	9	-1	0	1
322	9	0	0	600	0	9	-1	0	1
323	9	0	0	600	0	9	-1	0	1
324	9	0	0	600	0	9	-1	0	1
325	9	0	0	600	0	9	-1	0	1
326	9	0	0	600	0	9	-1	0	1
327	9	0	0	600	0	9	-1	0	1
328	9	0	0	600	0	9	-1	0	1
329	9	0	0	600	0	9	-1	0	1
330	9	0	0	600	0	9	-1	0	1
331	9	0	0	600	0	9	-1	0	1
332	9	0	0	600	0	9	-1	0	1
333	9	0	0	600	0	9	-1	0	1
334	9	0	0	600	0	9	-1	0	1
335	9	0	0	600	0	9	-1	0	1
336	9	0	0	600	0	9	-1	0	1
337	9	0	0	600	0	9	-1	0	1
338	9	0	0	600	0	9	-1	0	1
339	9	0	0	600	0	9	-1	0	1
340	9	0	0	600	0	9	-1	0	1
341	9	0	0	600	0	9	-1	0	1
342	9	0	0	600	0	9	-1	0	1
343	9	0	0	600	0	9	-1	0	1
344	9	0	0	600	0	9	-1	0	1
345	9	0	0	600	0	9	-1	0	1
346	9	0	0	600	0	9	-1	0	1
347	9	0	0	600	0	9	-1	0	1
348	9	0	0	600	0	9	-1	0	1
349	9	0	0	600	0	9	-1	0	1
350	9	0	0	600	0	9	-1	0	1
351	9	0	0	600	0	9	-1	0	1
352	9	0	0	600	0	9	-1	0	1
353	9	0	0	600	0	9	-1	0	1
354	9	0	0	600	0	9	-1	0	1
355	9	0	0	600	0	9	-1	0	1
356	9	0	0	600	0	9	-1	0	1
357	9	0	0	600	0	9	-1	0	1
358	9	0	0	600	0	9	-1	0	1
359	9	0	0	600	0	9	-1	0	1
360	9	0	0	600	0	9	-1	0	1
361	9	0	0	600	0	9	-1	0	1
362	9	0	0	600	0	9	-1	0	1
363	9	0	0	600	0	9	-1	0	1
364	9	0	0	600	0	9	-1	0	1
365	9	0	0	600	0	9	-1	0	1
366	9	0	0	600	0	9	-1	0	1
367	9	0	0	600	0	9	-1	0	1
368	9	0	0	600	0	9	-1	0	1
369	9	0	0	600	0	9	-1	0	1
370	9	0	0	600	0	9	-1	0	1
371	9	0	0	600	0	9	-1	0	1
372	9	0	0	600	0	9	-1	0	1
373	9	0	0	600	0	9	-1	0	1
374	9	0	0	600	0	9	-1	0	1
375	9	0	0	600	0	9	-1	0	1
376	9	0	0	600	0	9	-1	0	1
377	9	0	0	600	0	9	-1	0	1
378	9	0	0	600	0	9	-1	0	1
379	9	0	0	600	0	9	-1	0	1
380	9	0	0	600	0	9	-1	0	1
381	9	0	0	600	0	9	-1	0	1
382	9	0	0	600	0	9	-1	0	1
383	9	0	0	600	0	9	-1	0	1
384	9	0	0	600	0	9	-1	0	1
385	9	0	0	600	0	9	-1	0	1
386	9	0	0	600	0	9	-1	0	1
387	9	0	0	600	0	9	-1	0	1
388	9	0	0	600	0	9	-1	0	1
389	9	0	0	600	0	9	-1	0	1
390	9	0	0	600	0	9	-1	0	1
391	9	0	0	600	0	9	-1	0	1
392	9	0	0	600	0	9	-1	0	1
393	9	0	0	600	0	9	-1	0	1
394	9	0	0	600	0	9	-1	0	1
395	9	0	0	600	0	9	-1	0	1
396	9	0	0	600	0	9	-1	0	1
397	9	0	0	600	0	9	-1	0	1
398	9	0	0	600	0	9	-1	0	1
399	9	0	0	600	0	9	-1	0	1
400	9	0	0	600	0	9	-1	0	1
401	9	0	0	600	0	9	-1	0	1
402	9	0	0	600	0	9	-1	0	1
403	9	0	0	600	0	9	-1	0	1
404	9	0	0	600	0	9	-1	0	1
405	9	0	0	600	0	9	-1	0	1
406	9	0	0	600	0	9	-1	0	1
407	9	0	0	600	0	9	-1	0	1
408	9	0	0	600	0	9	-1	0	1
409	9	0	0	600	0	9	-1	0	1
410	9	0	0	600	0	9	-1	0	1
411	9	0	0	600	0	9	-1	0	1
412	9	0	0	600	0	9	-1	0	1
413	9	0	0	600	0	9	-1	0	1
414	9	0	0	600	0	9	-1	0	1
415	9	0	0	600	0	9	-1	0	1
416	9	0	0	600	0	9	-1	0	1
417	9	0	0	600	0	9	-1	0	1
418	9	0	0	600	0	9	-1	0	1
419	9	0	0	600	0	9	-1	0	1
420	9	0	0	600	0	9	-1	0	1
421	9	0	0	600	0	9	-1	0	1
422	9	0	0	600	0	9	-1	0	1
423	9	0	0	600	0	9	-1	0	1
424	9	0	0	600	0	9	-1	0	1
425	9	0	0	600	0	9	-1	0	1
426	9	0	0	600	0	9	-1	0	1
427	9	0	0	600	0	9	-1	0	1
428	9	0	0	600	0	9	-1	0	1
429	9	0	0	600	0	9	-1	0	1
430	9	0	0	600	0	9	-1	0	1
431	9	0	0	600	0	9	-1	0	1
432	9	0	0	600	0	9	-1	0	1
433	9	0	0	600	0	9	-1	0	1
434	9	0	0	600	0	9	-1	0	1
435	9	0	0	600	0	9	-1	0	1
436	9	0	0	600	0	9	-1	0	1
437	9	0	0	600	0	9	-1	0	1
438	9	0	0	600	0	9	-1	0	1
439	9	0	0	600	0	9	-1	0	1
440	9	0	0	600	0	9	-1	0	1
441	9	0	0	600	0	9	-1	0	1
442	9	0	0	600	0	9	-1	0	1
443	9	0	0	600	0	9	-1	0	1
444	9	0	0	600	0	9	-1	0	1
445	9	0	0	600	0	9	-1	0	1
446	9	0	0	600	0	9	-1	0	1
447	9	0	0	600	0	9	-1	0	1
448	9	0	0	600	0	9	-1	0	1
449	9	0	0	600	0	9	-1	0	1
450	9	0	0	600	0	9	-1	0	1
451	9	0	0	600	0	9	-1	0	1
452	9	0	0	600	0	9	-1	0	1
453	9	0	0	600	0	9	-1	0	1
454	9	0	0	600	0	9	-1	0	1
455	9	0	0	600	0	9	-1	0	1
456	9	0	0	600	0	9	-1	0	1
457	9	0	0	600	0	9	-1	0	1
458	9	0	0	600	0	9	-1	0	1
459	9	0	0	600	0	9	-1	0	1
460	9	0	0	600	0	9	-1	0	1
461	9	0	0	600	0	9	-1	0	1
462	9	0	0	600	0	9	-1	0	1
463	9	0	0	600	0	9	-1	0	1
464	9	0	0	600	0	9	-1	0	1
465	9	0	0	600	0	9	-1	0	1
466	9	0	0	600	0	9	-1	0	1
467	9	0	0	600	0	9	-1	0	1
468	9	0	0	600	0	9	-1	0	1
469	9	0	0	600	0	9	-1	0	1
470	9	0	0	600	0	9	-1	0	1
471	9	0	0	600	0	9	-1	0	1
472	9	0	0	600	0	9	-1	0	1
473	9	0	0	600	0	9	-1	0	1
474	9	0	0	600	0	9	-1	0	1
475	9	0	0	600	0	9	-1	0	1
476	9	0	0	600	0	9	-1	0	1
477	9	0	0	600	0	9	-1	0	1
478	9	0	0	600	0	9	-1	0	1
479	9	0	0	600	0	9	-1	0	1
480	9	0	0	600	0	9	-1	0	1
481	9	0	0	600	0	9	-1	0	1
482	9	0	0	600	0	9	-1	0	1
483	9	0	0	600	0	9	-1	0	1
484	9	0	0	600	0	9	-1	0	1
485	9	0	0	600	0	9	-1	0	1
486	9	0	0	600	0	9	-1	0	1
487	9	0	0	600	0	9	-1	0	1
488	9	0	0	600	0	9	-1	0	1
489	9	0	0	600	0	9	-1	0	1
490	9	0	0	600	0	9	-1	0	1
491	9	0	0	600	0	9	-1	0	1
492	9	0	0	600	0	9	-1	0	1
493	9	0	0	600	0	9	-1	0	1
494	9	0	0	600	0	9	-1	0	1
495	9	0	0	600	0	9	-1	0	1
496	9	0	0	600	0	9	-1	0	1
497	9	0	0	600	0	9	-1	0	1
498	9	0	0	600	0	9	-1	0	1
499	9	0	0	600	0	9	-1	0	1
500	9	0	0	600	0	9	-1	0	1
501	9	0	0	600	0	9	-1	0	1
502	9	0	0	600	0	9	-1	0	1
503	9	0	0	600	0	9	-1	0	1
504	9	0	0	600	0	9	-1	0	1
505	9	0	0	600	0	9	-1	0	1
506	9	0	0	600	0	9	-1	0	1
507	9	0	0	600	0	9	-1	0	1
508	9	0	0	600	0	9	-1	0	1
509	9	0	0	600	0	9	-1	0	1
510	9	0	0	600	0	9	-1	0	1
511	9	0	0	600	0	9	-1	0	1
512	9	0	0	600	0	9	-1	0	1
513	9	0	0	600	0	9	-1	0	1
514	9	0	0	600	0	9	-1	0	1
515	9	0	0	600	0	9	-1	0	1
516	9	0	0	600	0	9	-1	0	1
517	9	0	0	600	0	9	-1	0	1
518	9	0	0	600	0	9	-1	0	1
519	9	0	0	600	0	9	-1	0	1
520	9	0	0	600	0	9	-1	0	1
521	9	0	0	600	0	9	-1	0	1
522	9	0	0	600	0	9	-1	0	1
523	9	0	0	600	0	9	-1	0	1
524	9	0	0	600	0	9	-1	0	1
525	9	0	0	600	0	9	-1	0	1
526	9	0	0	600	0	9	-1	0	1
527	9	0	0	600	0	9	-1	0	1
528	9	0	0	600	0	9	-1	0	1
529	9	0	0	600	0	9	-1	0	1
530	9	0	0	600	0	9	-1	0	1
531	9	0	0	600	0	9	-1	0	1
532	9	0	0	600	0	9	-1	0	1
533	9	0	0	600	0	9	-1	0	1
534	9	0	0	600	0	9	-1	0	1
535	9	0	0	600	0	9	-1	0	1
536	9	0	0	600	0	9	-1	0	1
537	9	0	0	600	0	9	-1	0	1
538	9	0	0	600	0	9	-1	0	1
539	9	0	0	600	0	9	-1	0	1
540	9	0	0	600	0	9	-1	0	1
541	9	0	0	600	0	9	-1	0	1
542	9	0	0	600	0	9	-1	0	1
543	9	0	0	600	0	9	-1	0	1
544	9	0	0	600	0	9	-1	0	1
545	9	0	0	600	0	9	-1	0	1
546	9	0	0	600	0	9	-1	0	1
547	9	0	0	600	0	9	-1	0	1
548	9	0	0	600	0	9	-1	0	1
549	9	0	0	600	0	9	-1	0	1
550	9	0	0	600	0	9	-1	0	1
551	9	0	0	600	0	9	-1	0	1
552	9	0	0	600	0	9	-1	0	1
553	9	0	0	600	0	9	-1	0	1
554	9	0	0	600	0	9	-1	0	1
555	9	0	0	600	0	9	-1	0	1
556	9	0	0	600	0	9	-1	0	1
557	9	0	0	600	0	9	-1	0	1
558	9	0	0	600	0	9	-1	0	1
559	9	0	0	600	0	9	-1	0	1
560	9	0	0	600	0	9	-1	0	1
561	9	0	0	600	0	9	-1	0	1
562	9	0	0	600	0	9	-1	0	1
563	9	0	0	600	0	9	-1	0	1
564	9	0	0	600	0	9	-1	0	1
565	9	0	0	600	0	9	-1	0	1
566	9	0	0	600	0	9	-1	0	1
567	9	0	0	600	0	9	-1	0	1
568	9	0	0	600	0	9	-1	0	1
569	9	0	0	600	0	9	-1	0	1
570	9	0	0	600	0	9	-1	0	1
571	9	0	0	600	0	9	-1	0	1
572	9	0	0	600	0	9	-1	0	1
573	9	0	0	600	0	9	-1	0	1
574	9	0	0	600	0	9	-1	0	1
575	9	0	0	600	0	9	-1	0	1
576	9	0	0	600	0	9	-1	0	1
577	9	0	0	600	0	9	-1	0	1
578	9	0	0	600	0	9	-1	0	1
579	9	0	0	600	0	9	-1	0	1
580	9	0	0	600	0	9	-1	0	1
581	9	0	0	600	0	9	-1	0	1
582	9	0	0	600	0	9	-1	0	1
583	9	0	0	600	0	9	-1	0	1
584	9	0	0	600	0	9	-1	0	1
585	9	0	0	600	0	9	-1	0	1
586	9	0	0	600	0	9	-1	0	1
587	9	0	0	600	0	9	-1	0	1
588	9	0	0	600	0	9	-1	0	1
589	9	0	0	600	0	9	-1	0	1
590	9	0	0	600	0	9	-1	0	1
591	9	0	0	600	0	9	-1	0	1
592	9	0	0	600	0	9	-1	0	1
593	9	0	0	600	0	9	-1	0	1
594	9	0	0	600	0	9	-1	0	1
595	9	0	0	600	0	9	-1	0	1
596	9	0	0	600	0	9	-1	0	1
597	9	0	0	600	0	9	-1	0	1
598	9	0	0	600	0	9	-1	0	1
599	9	0	0	600	0	9	-1	0	1
600	9	0	0	600	0	9	-1	0	1
601	9	0	0	600	0	9	-1	0	1
602	9	0	0	600	0	9	-1	0	1
603	9	0	0	600	0	9	-1	0	1
604	9	0	0	600	0	9	-1	0	1
605	9	0	0	600	0	9	-1	0	1
606	9	0	0	600	0	9	-1	0	1
607	9	0	0	600	0	9	-1	0	1
608	9	0	0	600	0	9	-1	0	1
609	9	0	0	600	0	9	-1	0	1
610	9	0	0	600	0	9	-1	0	1
611	9	0	0	600	0	9	-1	0	1
612	9	0	0	600	0	9	-1	0	1
613	9	0	0	600	0	9	-1	0	1
614	9	0	0	600	0	9	-1	0	1
615	9	0	0	600	0	9	-1	0	1
616	9	0	0	600	0	9	-1	0	1
617	9	0	0	600	0	9	-1	0	1
618	9	0	0	600	0	9	-1	0	1
619	9	0	0	600	0	9	-1	0	1
620	9	0	0	600	0	9	-1	0	1
621	9	0	0	600	0	9	-1	0	1
622	9	0	0	600	0	9	-1	0	1
623	9	0	0	600	0	9	-1	0	1
624	9	0	0	600	0	9	-1	0	1
625	9	0	0	600	0	9	-1	0	1
626	9	0	0	600	0	9	-1	0	1
627	9	0	0	600	0	9	-1	0	1
628	9	0	0	600	0	9	-1	0	1
629	9	0	0	600	0	9	-1	0	1
630	9	0	0	600	0	9	-1	0	1
631	9	0	0	600	0	9	-1	0	1
632	9	0	0	600	0	9	-1	0	1
633	9	0	0	600	0	9	-1	0	1
634	9	0	0	600	0	9	-1	0	1
635	9	0	0	600	0	9	-1	0	1
636	9	0	0	600	0	9	-1	0	1
637	9	1	1	600	637	9	9	0	1
638	9	1	1	600	637	9	9	0	1
639	9	1	1	600	637	9	9	0	1
640	9	1	1	600	637	9	9	0	1
641	9	1	1	600	637	9	9	0	1
642	9	1	1	600	637	9	9	0	1
643	9	1	1	600	637	9	9	0	1
644	9	1	1	600	637	9	9	0	1
645	9	1	1	600	637	9	9	0	1
646	9	1	1	600	637	9	9	0	1
647	9	1	1	600	637	9	9	0	1
648	9	1	1	600	637	9	9	0	1
649	9	1	1	600	637	9	9	0	1
650	9	1	1	600	637	9	9	0	1
651	9	1	1	600	637	9	9	0	1
652	9	1	1	600	637	9	9	0	1
653	9	1	1	600	637	9	9	0	1
654	9	1	1	600	637	9	9	0	1
655	9	1	1	600	637	9	9	0	1
656	9	1	1	600	637	9	9	0	1
657	9	1	1	600	637	9	9	0	1
658	9	1	1	600	637	9	9	0	1
659	9	1	1	600	637	9	9	0	1
660	9	1	1	600	637	9	9	0	1
661	9	1	1	600	637	9	9	0	1
662	9	1	1	600	637	9	9	0	1
663	9	1	1	600	637	9	9	0	1
664	9	1	1	600	637	9	9	0	1
665	9	1	1	600	637	9	9	0	1
666	9	1	1	600	637	9	9	0	1
667	9	1	1	600	637	9	9	0	1
668	9	1	1	600	637	9	9	0	1
669	9	1	1	600	637	9	9	0	1
670	9	1	1	600	637	9	9	0	1
