1	47	0	0	1000	0	47	-1	-5	1
2	47	0	0	1000	0	47	-1	-5	1
3	47	0	0	1000	0	47	-1	-5	1
4	47	0	0	1000	0	47	-1	-5	1
5	47	0	0	1000	0	47	-1	-5	1
6	47	0	0	1000	0	47	-1	-5	1
7	47	0	0	1000	0	47	-1	-5	1
8	47	0	0	1000	0	47	-1	-5	1
9	47	0	0	1000	0	47	-1	-5	1
10	47	0	0	1000	0	47	-1	-5	1
11	47	0	0	1000	0	47	-1	-5	1
12	47	0	0	1000	0	47	-1	-5	1
13	47	0	0	1000	0	47	-1	-5	1
14	47	0	0	1000	0	47	-1	-5	1
15	47	0	0	1000	0	47	-1	-5	1
16	47	0	0	1000	0	47	-1	-5	1
17	47	0	0	1000	0	47	-1	-5	1
18	47	0	0	1000	0	47	-1	-5	1
19	47	0	0	1000	0	47	-1	-5	1
20	47	0	0	1000	0	47	-1	-5	1
21	47	0	0	1000	0	47	-1	-5	1
22	47	0	0	1000	0	47	-1	-5	1
23	47	0	0	1000	0	47	-1	-5	1
24	47	0	0	1000	0	47	-1	-5	1
25	47	0	0	1000	0	47	-1	-5	1
26	47	0	0	1000	0	47	-1	-5	1
27	47	0	0	1000	0	47	-1	-5	1
28	47	0	0	1000	0	47	-1	-5	1
29	47	0	0	1000	0	47	-1	-5	1
30	47	0	0	1000	0	47	-1	-5	1
31	47	0	0	1000	0	47	-1	-5	1
32	47	0	0	1000	0	47	-1	-5	1
33	47	0	0	1000	0	47	-1	-5	1
34	47	0	0	1000	0	47	-1	-5	1
35	47	0	0	1000	0	47	-1	-5	1
36	47	0	0	1000	0	47	-1	-5	1
37	47	0	0	1000	0	47	-1	-5	1
38	47	0	0	1000	0	47	-1	-5	1
39	47	0	0	1000	0	47	-1	-5	1
40	47	0	0	1000	0	47	-1	-5	1
41	47	0	0	1000	0	47	-1	-5	1
42	47	0	0	1000	0	47	-1	-5	1
43	47	0	0	1000	0	47	-1	-5	1
44	47	0	0	1000	0	47	-1	-5	1
45	47	0	0	1000	0	47	-1	-5	1
46	47	0	0	1000	0	47	-1	-5	1
47	47	0	0	1000	0	47	-1	-5	1
48	47	0	0	1000	0	47	-1	-5	1
49	47	0	0	1000	0	47	-1	-5	1
50	47	0	0	1000	0	47	-1	-5	1
51	47	0	0	1000	0	47	-1	-5	1
52	47	0	0	1000	0	47	-1	-5	1
53	47	0	0	1000	0	47	-1	-5	1
54	47	0	0	1000	0	47	-1	-5	1
55	47	0	0	1000	0	47	-1	-5	1
56	47	0	0	1000	0	47	-1	-5	1
57	47	0	0	1000	0	47	-1	-5	1
58	47	0	0	1000	0	47	-1	-5	1
59	47	0	0	1000	0	47	-1	-5	1
60	47	0	0	1000	0	47	-1	-5	1
61	47	0	0	1000	0	47	-1	-5	1
62	47	0	0	1000	0	47	-1	-5	1
63	47	0	0	1000	0	47	-1	-5	1
64	47	0	0	1000	0	47	-1	-5	1
65	47	0	0	1000	0	47	-1	-5	1
66	47	0	0	1000	0	47	-1	-5	1
67	47	0	0	1000	0	47	-1	-5	1
68	47	0	0	1000	0	47	-1	-5	1
69	47	0	0	1000	0	47	-1	-5	1
70	47	0	0	1000	0	47	-1	-5	1
71	47	0	0	1000	0	47	-1	-5	1
72	47	0	0	1000	0	47	-1	-5	1
73	47	0	0	1000	0	47	-1	-5	1
74	47	0	0	1000	0	47	-1	-5	1
75	47	0	0	1000	0	47	-1	-5	1
76	47	0	0	1000	0	47	-1	-5	1
77	47	0	0	1000	0	47	-1	-5	1
78	47	0	0	1000	0	47	-1	-5	1
79	47	0	0	1000	0	47	-1	-5	1
80	47	0	0	1000	0	47	-1	-5	1
81	47	0	0	1000	0	47	-1	-5	1
82	47	0	0	1000	0	47	-1	-5	1
83	47	0	0	1000	0	47	-1	-5	1
84	47	0	0	1000	0	47	-1	-5	1
85	47	0	0	1000	0	47	-1	-5	1
86	47	0	0	1000	0	47	-1	-5	1
87	47	0	0	1000	0	47	-1	-5	1
88	47	0	0	1000	0	47	-1	-5	1
89	47	0	0	1000	0	47	-1	-5	1
90	47	0	0	1000	0	47	-1	-5	1
91	47	0	0	1000	0	47	-1	-5	1
92	47	0	0	1000	0	47	-1	-5	1
93	47	0	0	1000	0	47	-1	-5	1
94	47	0	0	1000	0	47	-1	-5	1
95	47	0	0	1000	0	47	-1	-5	1
96	47	0	0	1000	0	47	-1	-5	1
97	47	0	0	1000	0	47	-1	-5	1
98	47	0	0	1000	0	47	-1	-5	1
99	47	0	0	1000	0	47	-1	-5	1
100	47	0	0	1000	0	47	-1	-5	1
101	47	0	0	1000	0	47	-1	-5	1
102	47	0	0	1000	0	47	-1	-5	1
103	47	0	0	1000	0	47	-1	-5	1
104	47	0	0	1000	0	47	-1	-5	1
105	47	0	0	1000	0	47	-1	-5	1
106	47	0	0	1000	0	47	-1	-5	1
107	47	0	0	1000	0	47	-1	-5	1
108	47	0	0	1000	0	47	-1	-5	1
109	47	0	0	1000	0	47	-1	-5	1
110	47	0	0	1000	0	47	-1	-5	1
111	47	0	0	1000	0	47	-1	-5	1
112	47	0	0	1000	0	47	-1	-5	1
113	47	0	0	1000	0	47	-1	-5	1
114	47	0	0	1000	0	47	-1	-5	1
115	47	0	0	1000	0	47	-1	-5	1
116	47	0	0	1000	0	47	-1	-5	1
117	47	0	0	1000	0	47	-1	-5	1
118	47	0	0	1000	0	47	-1	-5	1
119	47	0	0	1000	0	47	-1	-5	1
120	47	0	0	1000	0	47	-1	-5	1
121	47	0	0	1000	0	47	-1	-5	1
122	47	0	0	1000	0	47	-1	-5	1
123	47	0	0	1000	0	47	-1	-5	1
124	47	0	0	1000	0	47	-1	-5	1
125	47	0	0	1000	0	47	-1	-5	1
126	47	0	0	1000	0	47	-1	-5	1
127	47	0	0	1000	0	47	-1	-5	1
128	47	0	0	1000	0	47	-1	-5	1
129	47	0	0	1000	0	47	-1	-5	1
130	47	0	0	1000	0	47	-1	-5	1
131	47	0	0	1000	0	47	-1	-5	1
132	47	0	0	1000	0	47	-1	-5	1
133	47	0	0	1000	0	47	-1	-5	1
134	47	0	0	1000	0	47	-1	-5	1
135	47	0	0	1000	0	47	-1	-5	1
136	47	0	0	1000	0	47	-1	-5	1
137	47	0	0	1000	0	47	-1	-5	1
138	47	0	0	1000	0	47	-1	-5	1
139	47	0	0	1000	0	47	-1	-5	1
140	47	0	0	1000	0	47	-1	-5	1
141	47	0	0	1000	0	47	-1	-5	1
142	47	0	0	1000	0	47	-1	-5	1
143	47	0	0	1000	0	47	-1	-5	1
144	47	0	0	1000	0	47	-1	-5	1
145	47	0	0	1000	0	47	-1	-5	1
146	47	0	0	1000	0	47	-1	-5	1
147	47	0	0	1000	0	47	-1	-5	1
148	47	0	0	1000	0	47	-1	-5	1
149	47	0	0	1000	0	47	-1	-5	1
150	47	0	0	1000	0	47	-1	-5	1
151	47	0	0	1000	0	47	-1	-5	1
152	47	0	0	1000	0	47	-1	-5	1
153	47	0	0	1000	0	47	-1	-5	1
154	47	0	0	1000	0	47	-1	-5	1
155	47	0	0	1000	0	47	-1	-5	1
156	47	0	0	1000	0	47	-1	-5	1
157	47	0	0	1000	0	47	-1	-5	1
158	47	0	0	1000	0	47	-1	-5	1
159	47	0	0	1000	0	47	-1	-5	1
160	47	0	0	1000	0	47	-1	-5	1
161	47	0	0	1000	0	47	-1	-5	1
162	47	0	0	1000	0	47	-1	-5	1
163	47	0	0	1000	0	47	-1	-5	1
164	47	0	0	1000	0	47	-1	-5	1
165	47	0	0	1000	0	47	-1	-5	1
166	47	0	0	1000	0	47	-1	-5	1
167	47	0	0	1000	0	47	-1	-5	1
168	47	0	0	1000	0	47	-1	-5	1
169	47	0	0	1000	0	47	-1	-5	1
170	47	0	0	1000	0	47	-1	-5	1
171	47	0	0	1000	0	47	-1	-5	1
172	47	0	0	1000	0	47	-1	-5	1
173	47	0	0	1000	0	47	-1	-5	1
174	47	0	0	1000	0	47	-1	-5	1
175	47	0	0	1000	0	47	-1	-5	1
176	47	0	0	1000	0	47	-1	-5	1
177	47	0	0	1000	0	47	-1	-5	1
178	47	0	0	1000	0	47	-1	-5	1
179	47	0	0	1000	0	47	-1	-5	1
180	47	0	0	1000	0	47	-1	-5	1
181	47	0	0	1000	0	47	-1	-5	1
182	47	0	0	1000	0	47	-1	-5	1
183	47	0	0	1000	0	47	-1	-5	1
184	47	0	0	1000	0	47	-1	-5	1
185	47	0	0	1000	0	47	-1	-5	1
186	47	0	0	1000	0	47	-1	-5	1
187	47	0	0	1000	0	47	-1	-5	1
188	47	0	0	1000	0	47	-1	-5	1
189	47	0	0	1000	0	47	-1	-5	1
190	47	0	0	1000	0	47	-1	-5	1
191	47	0	0	1000	0	47	-1	-5	1
192	47	0	0	1000	0	47	-1	-5	1
193	47	0	0	1000	0	47	-1	-5	1
194	47	0	0	1000	0	47	-1	-5	1
195	47	0	0	1000	0	47	-1	-5	1
196	47	0	0	1000	0	47	-1	-5	1
197	47	0	0	1000	0	47	-1	-5	1
198	47	0	0	1000	0	47	-1	-5	1
199	47	0	0	1000	0	47	-1	-5	1
200	47	0	0	1000	0	47	-1	-5	1
201	47	0	0	1000	0	47	-1	-5	1
202	47	0	0	1000	0	47	-1	-5	1
203	47	0	0	1000	0	47	-1	-5	1
204	47	0	0	1000	0	47	-1	-5	1
205	47	0	0	1000	0	47	-1	-5	1
206	47	0	0	1000	0	47	-1	-5	1
207	47	0	0	1000	0	47	-1	-5	1
208	47	0	0	1000	0	47	-1	-5	1
209	47	0	0	1000	0	47	-1	-5	1
210	47	0	0	1000	0	47	-1	-5	1
211	47	0	0	1000	0	47	-1	-5	1
212	47	0	0	1000	0	47	-1	-5	1
213	47	0	0	1000	0	47	-1	-5	1
214	47	0	0	1000	0	47	-1	-5	1
215	47	0	0	1000	0	47	-1	-5	1
216	47	0	0	1000	0	47	-1	-5	1
217	47	0	0	1000	0	47	-1	-5	1
218	47	0	0	1000	0	47	-1	-5	1
219	47	0	0	1000	0	47	-1	-5	1
220	47	0	0	1000	0	47	-1	-5	1
221	47	0	0	1000	0	47	-1	-5	1
222	47	0	0	1000	0	47	-1	-5	1
223	47	0	0	1000	0	47	-1	-5	1
224	47	0	0	1000	0	47	-1	-5	1
225	47	0	0	1000	0	47	-1	-5	1
226	47	0	0	1000	0	47	-1	-5	1
227	47	0	0	1000	0	47	-1	-5	1
228	47	0	0	1000	0	47	-1	-5	1
229	47	0	0	1000	0	47	-1	-5	1
230	47	0	0	1000	0	47	-1	-5	1
231	47	0	0	1000	0	47	-1	-5	1
232	47	0	0	1000	0	47	-1	-5	1
233	47	0	0	1000	0	47	-1	-5	1
234	47	0	0	1000	0	47	-1	-5	1
235	47	0	0	1000	0	47	-1	-5	1
236	47	0	0	1000	0	47	-1	-5	1
237	47	0	0	1000	0	47	-1	-5	1
238	47	0	0	1000	0	47	-1	-5	1
239	47	0	0	1000	0	47	-1	-5	1
240	47	0	0	1000	0	47	-1	-5	1
241	47	0	0	1000	0	47	-1	-5	1
242	47	0	0	1000	0	47	-1	-5	1
243	47	0	0	1000	0	47	-1	-5	1
244	47	0	0	1000	0	47	-1	-5	1
245	47	0	0	1000	0	47	-1	-5	1
246	47	0	0	1000	0	47	-1	-5	1
247	47	0	0	1000	0	47	-1	-5	1
248	47	0	0	1000	0	47	-1	-5	1
249	47	0	0	1000	0	47	-1	-5	1
250	47	0	0	1000	0	47	-1	-5	1
251	47	0	0	1000	0	47	-1	-5	1
252	47	0	0	1000	0	47	-1	-5	1
253	47	0	0	1000	0	47	-1	-5	1
254	47	0	0	1000	0	47	-1	-5	1
255	47	0	0	1000	0	47	-1	-5	1
256	47	0	0	1000	0	47	-1	-5	1
257	47	0	0	1000	0	47	-1	-5	1
258	47	0	0	1000	0	47	-1	-5	1
259	47	0	0	1000	0	47	-1	-5	1
260	47	0	0	1000	0	47	-1	-5	1
261	47	0	0	1000	0	47	-1	-5	1
262	47	0	0	1000	0	47	-1	-5	1
263	47	0	0	1000	0	47	-1	-5	1
264	47	0	0	1000	0	47	-1	-5	1
265	47	0	0	1000	0	47	-1	-5	1
266	47	0	0	1000	0	47	-1	-5	1
267	47	0	0	1000	0	47	-1	-5	1
268	47	0	0	1000	0	47	-1	-5	1
269	47	0	0	1000	0	47	-1	-5	1
270	47	0	0	1000	0	47	-1	-5	1
271	47	0	0	1000	0	47	-1	-5	1
272	47	0	0	1000	0	47	-1	-5	1
273	47	0	0	1000	0	47	-1	-5	1
274	47	0	0	1000	0	47	-1	-5	1
275	47	0	0	1000	0	47	-1	-5	1
276	47	0	0	1000	0	47	-1	-5	1
277	47	0	0	1000	0	47	-1	-5	1
278	47	0	0	1000	0	47	-1	-5	1
279	47	0	0	1000	0	47	-1	-5	1
280	47	0	0	1000	0	47	-1	-5	1
281	47	0	0	1000	0	47	-1	-5	1
282	47	0	0	1000	0	47	-1	-5	1
283	47	0	0	1000	0	47	-1	-5	1
284	47	0	0	1000	0	47	-1	-5	1
285	47	0	0	1000	0	47	-1	-5	1
286	47	0	0	1000	0	47	-1	-5	1
287	47	0	0	1000	0	47	-1	-5	1
288	47	0	0	1000	0	47	-1	-5	1
289	47	0	0	1000	0	47	-1	-5	1
290	47	0	0	1000	0	47	-1	-5	1
291	47	0	0	1000	0	47	-1	-5	1
292	47	0	0	1000	0	47	-1	-5	1
293	47	0	0	1000	0	47	-1	-5	1
294	47	0	0	1000	0	47	-1	-5	1
295	47	0	0	1000	0	47	-1	-5	1
296	47	0	0	1000	0	47	-1	-5	1
297	47	0	0	1000	0	47	-1	-5	1
298	47	0	0	1000	0	47	-1	-5	1
299	47	0	0	1000	0	47	-1	-5	1
300	47	0	0	1000	0	47	-1	-5	1
301	47	0	0	1000	0	47	-1	-5	1
302	47	0	0	1000	0	47	-1	-5	1
303	47	0	0	1000	0	47	-1	-5	1
304	47	0	0	1000	0	47	-1	-5	1
305	47	0	0	1000	0	47	-1	-5	1
306	47	0	0	1000	0	47	-1	-5	1
307	47	0	0	1000	0	47	-1	-5	1
308	47	0	0	1000	0	47	-1	-5	1
309	47	0	0	1000	0	47	-1	-5	1
310	47	0	0	1000	0	47	-1	-5	1
311	47	0	0	1000	0	47	-1	-5	1
312	47	0	0	1000	0	47	-1	-5	1
313	47	0	0	1000	0	47	-1	-5	1
314	47	0	0	1000	0	47	-1	-5	1
315	47	0	0	1000	0	47	-1	-5	1
316	47	0	0	1000	0	47	-1	-5	1
317	47	0	0	1000	0	47	-1	-5	1
318	47	0	0	1000	0	47	-1	-5	1
319	47	0	0	1000	0	47	-1	-5	1
320	47	0	0	1000	0	47	-1	-5	1
321	47	0	0	1000	0	47	-1	-5	1
322	47	0	0	1000	0	47	-1	-5	1
323	47	0	0	1000	0	47	-1	-5	1
324	47	0	0	1000	0	47	-1	-5	1
325	47	0	0	1000	0	47	-1	-5	1
326	47	0	0	1000	0	47	-1	-5	1
327	47	0	0	1000	0	47	-1	-5	1
328	47	0	0	1000	0	47	-1	-5	1
329	47	0	0	1000	0	47	-1	-5	1
330	47	0	0	1000	0	47	-1	-5	1
331	47	0	0	1000	0	47	-1	-5	1
332	47	0	0	1000	0	47	-1	-5	1
333	47	0	0	1000	0	47	-1	-5	1
334	47	0	0	1000	0	47	-1	-5	1
335	47	0	0	1000	0	47	-1	-5	1
336	47	0	0	1000	0	47	-1	-5	1
337	47	0	0	1000	0	47	-1	-5	1
338	47	0	0	1000	0	47	-1	-5	1
339	47	0	0	1000	0	47	-1	-5	1
340	47	0	0	1000	0	47	-1	-5	1
341	47	0	0	1000	0	47	-1	-5	1
342	47	0	0	1000	0	47	-1	-5	1
343	47	0	0	1000	0	47	-1	-5	1
344	47	0	0	1000	0	47	-1	-5	1
345	47	0	0	1000	0	47	-1	-5	1
346	47	0	0	1000	0	47	-1	-5	1
347	47	0	0	1000	0	47	-1	-5	1
348	47	0	0	1000	0	47	-1	-5	1
349	47	0	0	1000	0	47	-1	-5	1
350	47	0	0	1000	0	47	-1	-5	1
351	47	0	0	1000	0	47	-1	-5	1
352	47	0	0	1000	0	47	-1	-5	1
353	47	0	0	1000	0	47	-1	-5	1
354	47	0	0	1000	0	47	-1	-5	1
355	47	0	0	1000	0	47	-1	-5	1
356	47	0	0	1000	0	47	-1	-5	1
357	47	0	0	1000	0	47	-1	-5	1
358	47	0	0	1000	0	47	-1	-5	1
359	47	0	0	1000	0	47	-1	-5	1
360	47	0	0	1000	0	47	-1	-5	1
361	47	0	0	1000	0	47	-1	-5	1
362	47	0	0	1000	0	47	-1	-5	1
363	47	0	0	1000	0	47	-1	-5	1
364	47	0	0	1000	0	47	-1	-5	1
365	47	0	0	1000	0	47	-1	-5	1
366	47	0	0	1000	0	47	-1	-5	1
367	47	0	0	1000	0	47	-1	-5	1
368	47	0	0	1000	0	47	-1	-5	1
369	47	0	0	1000	0	47	-1	-5	1
370	47	0	0	1000	0	47	-1	-5	1
371	47	0	0	1000	0	47	-1	-5	1
372	47	0	0	1000	0	47	-1	-5	1
373	47	0	0	1000	0	47	-1	-5	1
374	47	0	0	1000	0	47	-1	-5	1
375	47	0	0	1000	0	47	-1	-5	1
376	47	0	0	1000	0	47	-1	-5	1
377	47	0	0	1000	0	47	-1	-5	1
378	47	0	0	1000	0	47	-1	-5	1
379	47	0	0	1000	0	47	-1	-5	1
380	47	0	0	1000	0	47	-1	-5	1
381	47	0	0	1000	0	47	-1	-5	1
382	47	0	0	1000	0	47	-1	-5	1
383	47	0	0	1000	0	47	-1	-5	1
384	47	0	0	1000	0	47	-1	-5	1
385	47	0	0	1000	0	47	-1	-5	1
386	47	0	0	1000	0	47	-1	-5	1
387	47	0	0	1000	0	47	-1	-5	1
388	47	0	0	1000	0	47	-1	-5	1
389	47	0	0	1000	0	47	-1	-5	1
390	47	0	0	1000	0	47	-1	-5	1
391	47	0	0	1000	0	47	-1	-5	1
392	47	0	0	1000	0	47	-1	-5	1
393	47	0	0	1000	0	47	-1	-5	1
394	47	0	0	1000	0	47	-1	-5	1
395	47	0	0	1000	0	47	-1	-5	1
396	47	0	0	1000	0	47	-1	-5	1
397	47	0	0	1000	0	47	-1	-5	1
398	47	0	0	1000	0	47	-1	-5	1
399	47	0	0	1000	0	47	-1	-5	1
400	47	0	0	1000	0	47	-1	-5	1
401	47	0	0	1000	0	47	-1	-5	1
402	47	0	0	1000	0	47	-1	-5	1
403	47	0	0	1000	0	47	-1	-5	1
404	47	0	0	1000	0	47	-1	-5	1
405	47	0	0	1000	0	47	-1	-5	1
406	47	0	0	1000	0	47	-1	-5	1
407	47	0	0	1000	0	47	-1	-5	1
408	47	0	0	1000	0	47	-1	-5	1
409	47	0	0	1000	0	47	-1	-5	1
410	47	0	0	1000	0	47	-1	-5	1
411	47	0	0	1000	0	47	-1	-5	1
412	47	0	0	1000	0	47	-1	-5	1
413	47	0	0	1000	0	47	-1	-5	1
414	47	0	0	1000	0	47	-1	-5	1
415	47	0	0	1000	0	47	-1	-5	1
416	47	0	0	1000	0	47	-1	-5	1
417	47	0	0	1000	0	47	-1	-5	1
418	47	0	0	1000	0	47	-1	-5	1
419	47	0	0	1000	0	47	-1	-5	1
420	47	0	0	1000	0	47	-1	-5	1
421	47	0	0	1000	0	47	-1	-5	1
422	47	0	0	1000	0	47	-1	-5	1
423	47	0	0	1000	0	47	-1	-5	1
424	47	0	0	1000	0	47	-1	-5	1
425	47	0	0	1000	0	47	-1	-5	1
426	47	0	0	1000	0	47	-1	-5	1
427	47	0	0	1000	0	47	-1	-5	1
428	47	0	0	1000	0	47	-1	-5	1
429	47	0	0	1000	0	47	-1	-5	1
430	47	0	0	1000	0	47	-1	-5	1
431	47	0	0	1000	0	47	-1	-5	1
432	47	0	0	1000	0	47	-1	-5	1
433	47	0	0	1000	0	47	-1	-5	1
434	47	0	0	1000	0	47	-1	-5	1
435	47	0	0	1000	0	47	-1	-5	1
436	47	0	0	1000	0	47	-1	-5	1
437	47	0	0	1000	0	47	-1	-5	1
438	47	0	0	1000	0	47	-1	-5	1
439	47	0	0	1000	0	47	-1	-5	1
440	47	0	0	1000	0	47	-1	-5	1
441	47	0	0	1000	0	47	-1	-5	1
442	47	0	0	1000	0	47	-1	-5	1
443	47	0	0	1000	0	47	-1	-5	1
444	47	0	0	1000	0	47	-1	-5	1
445	47	0	0	1000	0	47	-1	-5	1
446	47	0	0	1000	0	47	-1	-5	1
447	47	0	0	1000	0	47	-1	-5	1
448	47	0	0	1000	0	47	-1	-5	1
449	47	0	0	1000	0	47	-1	-5	1
450	47	0	0	1000	0	47	-1	-5	1
451	47	0	0	1000	0	47	-1	-5	1
452	47	0	0	1000	0	47	-1	-5	1
453	47	0	0	1000	0	47	-1	-5	1
454	47	0	0	1000	0	47	-1	-5	1
455	47	0	0	1000	0	47	-1	-5	1
456	47	0	0	1000	0	47	-1	-5	1
457	47	0	0	1000	0	47	-1	-5	1
458	47	0	0	1000	0	47	-1	-5	1
459	47	0	0	1000	0	47	-1	-5	1
460	47	0	0	1000	0	47	-1	-5	1
461	47	0	0	1000	0	47	-1	-5	1
462	47	0	0	1000	0	47	-1	-5	1
463	47	0	0	1000	0	47	-1	-5	1
464	47	0	0	1000	0	47	-1	-5	1
465	47	0	0	1000	0	47	-1	-5	1
466	47	0	0	1000	0	47	-1	-5	1
467	47	0	0	1000	0	47	-1	-5	1
468	47	0	0	1000	0	47	-1	-5	1
469	47	0	0	1000	0	47	-1	-5	1
470	47	0	0	1000	0	47	-1	-5	1
471	47	0	0	1000	0	47	-1	-5	1
472	47	0	0	1000	0	47	-1	-5	1
473	47	0	0	1000	0	47	-1	-5	1
474	47	0	0	1000	0	47	-1	-5	1
475	47	0	0	1000	0	47	-1	-5	1
476	47	0	0	1000	0	47	-1	-5	1
477	47	0	0	1000	0	47	-1	-5	1
478	47	0	0	1000	0	47	-1	-5	1
479	47	0	0	1000	0	47	-1	-5	1
480	47	0	0	1000	0	47	-1	-5	1
481	47	0	0	1000	0	47	-1	-5	1
482	47	0	0	1000	0	47	-1	-5	1
483	47	0	0	1000	0	47	-1	-5	1
484	47	0	0	1000	0	47	-1	-5	1
485	47	0	0	1000	0	47	-1	-5	1
486	47	0	0	1000	0	47	-1	-5	1
487	47	0	0	1000	0	47	-1	-5	1
488	47	0	0	1000	0	47	-1	-5	1
489	47	0	0	1000	0	47	-1	-5	1
490	47	0	0	1000	0	47	-1	-5	1
491	47	0	0	1000	0	47	-1	-5	1
492	47	0	0	1000	0	47	-1	-5	1
493	47	0	0	1000	0	47	-1	-5	1
494	47	0	0	1000	0	47	-1	-5	1
495	47	0	0	1000	0	47	-1	-5	1
496	47	0	0	1000	0	47	-1	-5	1
497	47	0	0	1000	0	47	-1	-5	1
498	47	0	0	1000	0	47	-1	-5	1
499	47	0	0	1000	0	47	-1	-5	1
500	47	0	0	1000	0	47	-1	-5	1
501	47	0	0	1000	0	47	-1	-5	1
502	47	0	0	1000	0	47	-1	-5	1
503	47	0	0	1000	0	47	-1	-5	1
504	47	0	0	1000	0	47	-1	-5	1
505	47	0	0	1000	0	47	-1	-5	1
506	47	0	0	1000	0	47	-1	-5	1
507	47	0	0	1000	0	47	-1	-5	1
508	47	0	0	1000	0	47	-1	-5	1
509	47	0	0	1000	0	47	-1	-5	1
510	47	0	0	1000	0	47	-1	-5	1
511	47	0	0	1000	0	47	-1	-5	1
512	47	0	0	1000	0	47	-1	-5	1
513	47	0	0	1000	0	47	-1	-5	1
514	47	0	0	1000	0	47	-1	-5	1
515	47	0	0	1000	0	47	-1	-5	1
516	47	0	0	1000	0	47	-1	-5	1
517	47	0	0	1000	0	47	-1	-5	1
518	47	0	0	1000	0	47	-1	-5	1
519	47	0	0	1000	0	47	-1	-5	1
520	47	0	0	1000	0	47	-1	-5	1
521	47	0	0	1000	0	47	-1	-5	1
522	47	0	0	1000	0	47	-1	-5	1
523	47	0	0	1000	0	47	-1	-5	1
524	47	0	0	1000	0	47	-1	-5	1
525	47	0	0	1000	0	47	-1	-5	1
526	47	0	0	1000	0	47	-1	-5	1
527	47	0	0	1000	0	47	-1	-5	1
528	47	0	0	1000	0	47	-1	-5	1
529	47	0	0	1000	0	47	-1	-5	1
530	47	0	0	1000	0	47	-1	-5	1
531	47	0	0	1000	0	47	-1	-5	1
532	47	0	0	1000	0	47	-1	-5	1
533	47	0	0	1000	0	47	-1	-5	1
534	47	0	0	1000	0	47	-1	-5	1
535	47	0	0	1000	0	47	-1	-5	1
536	47	0	0	1000	0	47	-1	-5	1
537	47	0	0	1000	0	47	-1	-5	1
538	47	0	0	1000	0	47	-1	-5	1
539	47	0	0	1000	0	47	-1	-5	1
540	47	0	0	1000	0	47	-1	-5	1
541	47	0	0	1000	0	47	-1	-5	1
542	47	0	0	1000	0	47	-1	-5	1
543	47	0	0	1000	0	47	-1	-5	1
544	47	0	0	1000	0	47	-1	-5	1
545	47	0	0	1000	0	47	-1	-5	1
546	47	0	0	1000	0	47	-1	-5	1
547	47	0	0	1000	0	47	-1	-5	1
548	47	0	0	1000	0	47	-1	-5	1
549	47	0	0	1000	0	47	-1	-5	1
550	47	0	0	1000	0	47	-1	-5	1
551	47	0	0	1000	0	47	-1	-5	1
552	47	0	0	1000	0	47	-1	-5	1
553	47	0	0	1000	0	47	-1	-5	1
554	47	0	0	1000	0	47	-1	-5	1
555	47	0	0	1000	0	47	-1	-5	1
556	47	0	0	1000	0	47	-1	-5	1
557	47	0	0	1000	0	47	-1	-5	1
558	47	0	0	1000	0	47	-1	-5	1
559	47	0	0	1000	0	47	-1	-5	1
560	47	0	0	1000	0	47	-1	-5	1
561	47	0	0	1000	0	47	-1	-5	1
562	47	0	0	1000	0	47	-1	-5	1
563	47	0	0	1000	0	47	-1	-5	1
564	47	0	0	1000	0	47	-1	-5	1
565	47	0	0	1000	0	47	-1	-5	1
566	47	0	0	1000	0	47	-1	-5	1
567	47	0	0	1000	0	47	-1	-5	1
568	47	0	0	1000	0	47	-1	-5	1
569	47	0	0	1000	0	47	-1	-5	1
570	47	0	0	1000	0	47	-1	-5	1
571	47	0	0	1000	0	47	-1	-5	1
572	47	0	0	1000	0	47	-1	-5	1
573	47	0	0	1000	0	47	-1	-5	1
574	47	0	0	1000	0	47	-1	-5	1
575	47	0	0	1000	0	47	-1	-5	1
576	47	0	0	1000	0	47	-1	-5	1
577	47	0	0	1000	0	47	-1	-5	1
578	47	0	0	1000	0	47	-1	-5	1
579	47	0	0	1000	0	47	-1	-5	1
580	47	0	0	1000	0	47	-1	-5	1
581	47	0	0	1000	0	47	-1	-5	1
582	47	0	0	1000	0	47	-1	-5	1
583	47	0	0	1000	0	47	-1	-5	1
584	47	0	0	1000	0	47	-1	-5	1
585	47	0	0	1000	0	47	-1	-5	1
586	47	0	0	1000	0	47	-1	-5	1
587	47	0	0	1000	0	47	-1	-5	1
588	47	0	0	1000	0	47	-1	-5	1
589	47	0	0	1000	0	47	-1	-5	1
590	47	0	0	1000	0	47	-1	-5	1
591	47	0	0	1000	0	47	-1	-5	1
592	47	0	0	1000	0	47	-1	-5	1
593	47	0	0	1000	0	47	-1	-5	1
594	47	0	0	1000	0	47	-1	-5	1
595	47	0	0	1000	0	47	-1	-5	1
596	47	0	0	1000	0	47	-1	-5	1
597	47	0	0	1000	0	47	-1	-5	1
598	47	0	0	1000	0	47	-1	-5	1
599	47	0	0	1000	0	47	-1	-5	1
600	47	0	0	1000	0	47	-1	-5	1
601	47	0	0	1000	0	47	-1	-5	1
602	47	0	0	1000	0	47	-1	-5	1
603	47	0	0	1000	0	47	-1	-5	1
604	47	0	0	1000	0	47	-1	-5	1
605	47	0	0	1000	0	47	-1	-5	1
606	47	0	0	1000	0	47	-1	-5	1
607	47	0	0	1000	0	47	-1	-5	1
608	47	0	0	1000	0	47	-1	-5	1
609	47	0	0	1000	0	47	-1	-5	1
610	47	0	0	1000	0	47	-1	-5	1
611	47	0	0	1000	0	47	-1	-5	1
612	47	0	0	1000	0	47	-1	-5	1
613	47	0	0	1000	0	47	-1	-5	1
614	47	0	0	1000	0	47	-1	-5	1
615	47	0	0	1000	0	47	-1	-5	1
616	47	0	0	1000	0	47	-1	-5	1
617	47	0	0	1000	0	47	-1	-5	1
618	47	0	0	1000	0	47	-1	-5	1
619	47	0	0	1000	0	47	-1	-5	1
620	47	0	0	1000	0	47	-1	-5	1
621	47	0	0	1000	0	47	-1	-5	1
622	47	0	0	1000	0	47	-1	-5	1
623	47	0	0	1000	0	47	-1	-5	1
624	47	0	0	1000	0	47	-1	-5	1
625	47	0	0	1000	0	47	-1	-5	1
626	47	0	0	1000	0	47	-1	-5	1
627	47	0	0	1000	0	47	-1	-5	1
628	47	0	0	1000	0	47	-1	-5	1
629	47	0	0	1000	0	47	-1	-5	1
630	47	0	0	1000	0	47	-1	-5	1
631	47	0	0	1000	0	47	-1	-5	1
632	47	0	0	1000	0	47	-1	-5	1
633	47	0	0	1000	0	47	-1	-5	1
634	47	0	0	1000	0	47	-1	-5	1
635	47	0	0	1000	0	47	-1	-5	1
636	47	0	0	1000	0	47	-1	-5	1
637	47	0	0	1000	0	47	-1	-5	1
638	47	0	0	1000	0	47	-1	-5	1
639	47	0	0	1000	0	47	-1	-5	1
640	47	0	0	1000	0	47	-1	-5	1
641	47	0	0	1000	0	47	-1	-5	1
642	47	0	0	1000	0	47	-1	-5	1
643	47	0	0	1000	0	47	-1	-5	1
644	47	0	0	1000	0	47	-1	-5	1
645	47	0	0	1000	0	47	-1	-5	1
646	47	0	0	1000	0	47	-1	-5	1
647	47	0	0	1000	0	47	-1	-5	1
648	47	0	0	1000	0	47	-1	-5	1
649	47	0	0	1000	0	47	-1	-5	1
650	47	0	0	1000	0	47	-1	-5	1
651	47	0	0	1000	0	47	-1	-5	1
652	47	0	0	1000	0	47	-1	-5	1
653	47	0	0	1000	0	47	-1	-5	1
654	47	0	0	1000	0	47	-1	-5	1
655	47	0	0	1000	0	47	-1	-5	1
656	47	0	0	1000	0	47	-1	-5	1
657	47	0	0	1000	0	47	-1	-5	1
658	47	0	0	1000	0	47	-1	-5	1
659	47	0	0	1000	0	47	-1	-5	1
660	47	0	0	1000	0	47	-1	-5	1
661	47	0	0	1000	0	47	-1	-5	1
662	47	0	0	1000	0	47	-1	-5	1
663	47	0	0	1000	0	47	-1	-5	1
664	47	0	0	1000	0	47	-1	-5	1
665	47	0	0	1000	0	47	-1	-5	1
666	47	0	0	1000	0	47	-1	-5	1
667	47	0	0	1000	0	47	-1	-5	1
668	47	0	0	1000	0	47	-1	-5	1
669	47	0	0	1000	0	47	-1	-5	1
670	47	0	0	1000	0	47	-1	-5	1
671	47	0	0	1000	0	47	-1	-5	1
672	47	0	0	1000	0	47	-1	-5	1
673	47	0	0	1000	0	47	-1	-5	1
674	47	0	0	1000	0	47	-1	-5	1
675	47	0	0	1000	0	47	-1	-5	1
676	47	0	0	1000	0	47	-1	-5	1
677	47	0	0	1000	0	47	-1	-5	1
678	47	0	0	1000	0	47	-1	-5	1
679	47	0	0	1000	0	47	-1	-5	1
680	47	0	0	1000	0	47	-1	-5	1
681	47	0	0	1000	0	47	-1	-5	1
682	47	0	0	1000	0	47	-1	-5	1
683	47	0	0	1000	0	47	-1	-5	1
684	47	0	0	1000	0	47	-1	-5	1
685	47	0	0	1000	0	47	-1	-5	1
686	47	0	0	1000	0	47	-1	-5	1
687	47	0	0	1000	0	47	-1	-5	1
688	47	0	0	1000	0	47	-1	-5	1
689	47	0	0	1000	0	47	-1	-5	1
690	47	0	0	1000	0	47	-1	-5	1
691	47	0	0	1000	0	47	-1	-5	1
692	47	0	0	1000	0	47	-1	-5	1
693	47	0	0	1000	0	47	-1	-5	1
694	47	0	0	1000	0	47	-1	-5	1
695	47	0	0	1000	0	47	-1	-5	1
696	47	0	0	1000	0	47	-1	-5	1
697	47	0	0	1000	0	47	-1	-5	1
698	47	0	0	1000	0	47	-1	-5	1
699	47	0	0	1000	0	47	-1	-5	1
700	47	0	0	1000	0	47	-1	-5	1
701	47	0	0	1000	0	47	-1	-5	1
702	47	0	0	1000	0	47	-1	-5	1
703	47	0	0	1000	0	47	-1	-5	1
704	47	0	0	1000	0	47	-1	-5	1
705	47	0	0	1000	0	47	-1	-5	1
706	47	0	0	1000	0	47	-1	-5	1
707	47	0	0	1000	0	47	-1	-5	1
708	47	0	0	1000	0	47	-1	-5	1
709	47	0	0	1000	0	47	-1	-5	1
710	47	0	0	1000	0	47	-1	-5	1
711	47	0	0	1000	0	47	-1	-5	1
712	47	0	0	1000	0	47	-1	-5	1
713	47	0	0	1000	0	47	-1	-5	1
714	47	0	0	1000	0	47	-1	-5	1
715	47	0	0	1000	0	47	-1	-5	1
716	47	0	0	1000	0	47	-1	-5	1
717	47	0	0	1000	0	47	-1	-5	1
718	47	0	0	1000	0	47	-1	-5	1
719	47	0	0	1000	0	47	-1	-5	1
720	47	0	0	1000	0	47	-1	-5	1
721	47	0	0	1000	0	47	-1	-5	1
722	47	0	0	1000	0	47	-1	-5	1
723	47	0	0	1000	0	47	-1	-5	1
724	47	0	0	1000	0	47	-1	-5	1
725	47	0	0	1000	0	47	-1	-5	1
726	47	0	0	1000	0	47	-1	-5	1
727	47	0	0	1000	0	47	-1	-5	1
728	47	0	0	1000	0	47	-1	-5	1
729	47	0	0	1000	0	47	-1	-5	1
730	47	0	0	1000	0	47	-1	-5	1
731	47	0	0	1000	0	47	-1	-5	1
732	47	0	0	1000	0	47	-1	-5	1
733	47	0	0	1000	0	47	-1	-5	1
734	47	0	0	1000	0	47	-1	-5	1
735	47	0	0	1000	0	47	-1	-5	1
736	47	0	0	1000	0	47	-1	-5	1
737	47	0	0	1000	0	47	-1	-5	1
738	47	0	0	1000	0	47	-1	-5	1
739	47	0	0	1000	0	47	-1	-5	1
740	47	0	0	1000	0	47	-1	-5	1
741	47	0	0	1000	0	47	-1	-5	1
742	47	0	0	1000	0	47	-1	-5	1
743	47	0	0	1000	0	47	-1	-5	1
744	47	0	0	1000	0	47	-1	-5	1
745	47	0	0	1000	0	47	-1	-5	1
746	47	0	0	1000	0	47	-1	-5	1
747	47	0	0	1000	0	47	-1	-5	1
748	47	0	0	1000	0	47	-1	-5	1
749	47	0	0	1000	0	47	-1	-5	1
750	47	0	0	1000	0	47	-1	-5	1
751	47	0	0	1000	0	47	-1	-5	1
752	47	0	0	1000	0	47	-1	-5	1
753	47	0	0	1000	0	47	-1	-5	1
754	47	0	0	1000	0	47	-1	-5	1
755	47	0	0	1000	0	47	-1	-5	1
756	47	0	0	1000	0	47	-1	-5	1
757	47	0	0	1000	0	47	-1	-5	1
758	47	0	0	1000	0	47	-1	-5	1
759	47	0	0	1000	0	47	-1	-5	1
760	47	0	0	1000	0	47	-1	-5	1
761	47	0	0	1000	0	47	-1	-5	1
762	47	0	0	1000	0	47	-1	-5	1
763	47	0	0	1000	0	47	-1	-5	1
764	47	0	0	1000	0	47	-1	-5	1
765	47	0	0	1000	0	47	-1	-5	1
766	47	0	0	1000	0	47	-1	-5	1
767	47	0	0	1000	0	47	-1	-5	1
768	47	0	0	1000	0	47	-1	-5	1
769	47	0	0	1000	0	47	-1	-5	1
770	47	0	0	1000	0	47	-1	-5	1
771	47	0	0	1000	0	47	-1	-5	1
772	47	0	0	1000	0	47	-1	-5	1
773	47	0	0	1000	0	47	-1	-5	1
774	47	0	0	1000	0	47	-1	-5	1
775	47	0	0	1000	0	47	-1	-5	1
776	47	0	0	1000	0	47	-1	-5	1
777	47	0	0	1000	0	47	-1	-5	1
778	47	0	0	1000	0	47	-1	-5	1
779	47	0	0	1000	0	47	-1	-5	1
780	47	0	0	1000	0	47	-1	-5	1
781	47	0	0	1000	0	47	-1	-5	1
782	47	0	0	1000	0	47	-1	-5	1
783	47	0	0	1000	0	47	-1	-5	1
784	47	0	0	1000	0	47	-1	-5	1
785	47	0	0	1000	0	47	-1	-5	1
786	47	0	0	1000	0	47	-1	-5	1
787	47	0	0	1000	0	47	-1	-5	1
788	47	0	0	1000	0	47	-1	-5	1
789	47	0	0	1000	0	47	-1	-5	1
790	47	0	0	1000	0	47	-1	-5	1
791	47	0	0	1000	0	47	-1	-5	1
792	47	0	0	1000	0	47	-1	-5	1
793	47	0	0	1000	0	47	-1	-5	1
794	47	0	0	1000	0	47	-1	-5	1
795	47	0	0	1000	0	47	-1	-5	1
796	47	0	0	1000	0	47	-1	-5	1
797	47	0	0	1000	0	47	-1	-5	1
798	47	0	0	1000	0	47	-1	-5	1
799	47	0	0	1000	0	47	-1	-5	1
800	47	0	0	1000	0	47	-1	-5	1
801	47	0	0	1000	0	47	-1	-5	1
802	47	0	0	1000	0	47	-1	-5	1
803	47	0	0	1000	0	47	-1	-5	1
804	47	0	0	1000	0	47	-1	-5	1
805	47	0	0	1000	0	47	-1	-5	1
806	47	0	0	1000	0	47	-1	-5	1
807	47	0	0	1000	0	47	-1	-5	1
808	47	0	0	1000	0	47	-1	-5	1
809	47	0	0	1000	0	47	-1	-5	1
810	47	0	0	1000	0	47	-1	-5	1
811	47	0	0	1000	0	47	-1	-5	1
812	47	0	0	1000	0	47	-1	-5	1
813	47	0	0	1000	0	47	-1	-5	1
814	47	0	0	1000	0	47	-1	-5	1
815	47	0	0	1000	0	47	-1	-5	1
816	47	0	0	1000	0	47	-1	-5	1
817	47	0	0	1000	0	47	-1	-5	1
818	47	0	0	1000	0	47	-1	-5	1
819	47	0	0	1000	0	47	-1	-5	1
820	47	0	0	1000	0	47	-1	-5	1
821	47	0	0	1000	0	47	-1	-5	1
822	47	0	0	1000	0	47	-1	-5	1
823	47	0	0	1000	0	47	-1	-5	1
824	47	0	0	1000	0	47	-1	-5	1
825	47	0	0	1000	0	47	-1	-5	1
826	47	0	0	1000	0	47	-1	-5	1
827	47	0	0	1000	0	47	-1	-5	1
828	47	0	0	1000	0	47	-1	-5	1
829	47	0	0	1000	0	47	-1	-5	1
830	47	0	0	1000	0	47	-1	-5	1
831	47	0	0	1000	0	47	-1	-5	1
832	47	0	0	1000	0	47	-1	-5	1
833	47	0	0	1000	0	47	-1	-5	1
834	47	0	0	1000	0	47	-1	-5	1
835	47	0	0	1000	0	47	-1	-5	1
836	47	0	0	1000	0	47	-1	-5	1
837	47	0	0	1000	0	47	-1	-5	1
838	47	0	0	1000	0	47	-1	-5	1
839	47	0	0	1000	0	47	-1	-5	1
840	47	0	0	1000	0	47	-1	-5	1
841	47	0	0	1000	0	47	-1	-5	1
842	47	0	0	1000	0	47	-1	-5	1
843	47	0	0	1000	0	47	-1	-5	1
844	47	0	0	1000	0	47	-1	-5	1
845	47	0	0	1000	0	47	-1	-5	1
846	47	0	0	1000	0	47	-1	-5	1
847	47	0	0	1000	0	47	-1	-5	1
848	47	0	0	1000	0	47	-1	-5	1
849	47	0	0	1000	0	47	-1	-5	1
850	47	0	0	1000	0	47	-1	-5	1
851	47	0	0	1000	0	47	-1	-5	1
852	47	0	0	1000	0	47	-1	-5	1
853	47	0	0	1000	0	47	-1	-5	1
854	47	0	0	1000	0	47	-1	-5	1
855	47	0	0	1000	0	47	-1	-5	1
856	47	0	0	1000	0	47	-1	-5	1
857	47	0	0	1000	0	47	-1	-5	1
858	47	0	0	1000	0	47	-1	-5	1
859	47	0	0	1000	0	47	-1	-5	1
860	47	0	0	1000	0	47	-1	-5	1
861	47	0	0	1000	0	47	-1	-5	1
862	47	0	0	1000	0	47	-1	-5	1
863	47	0	0	1000	0	47	-1	-5	1
864	47	0	0	1000	0	47	-1	-5	1
865	47	0	0	1000	0	47	-1	-5	1
866	47	0	0	1000	0	47	-1	-5	1
867	47	0	0	1000	0	47	-1	-5	1
868	47	0	0	1000	0	47	-1	-5	1
869	47	0	0	1000	0	47	-1	-5	1
870	47	0	0	1000	0	47	-1	-5	1
871	47	0	0	1000	0	47	-1	-5	1
872	47	0	0	1000	0	47	-1	-5	1
873	47	0	0	1000	0	47	-1	-5	1
874	47	0	0	1000	0	47	-1	-5	1
875	47	0	0	1000	0	47	-1	-5	1
876	47	0	0	1000	0	47	-1	-5	1
877	47	0	0	1000	0	47	-1	-5	1
878	47	0	0	1000	0	47	-1	-5	1
879	47	0	0	1000	0	47	-1	-5	1
880	47	0	0	1000	0	47	-1	-5	1
881	47	0	0	1000	0	47	-1	-5	1
882	47	0	0	1000	0	47	-1	-5	1
883	47	0	0	1000	0	47	-1	-5	1
884	47	0	0	1000	0	47	-1	-5	1
885	47	0	0	1000	0	47	-1	-5	1
886	47	0	0	1000	0	47	-1	-5	1
887	47	0	0	1000	0	47	-1	-5	1
888	47	0	0	1000	0	47	-1	-5	1
889	47	0	0	1000	0	47	-1	-5	1
890	47	0	0	1000	0	47	-1	-5	1
891	47	0	0	1000	0	47	-1	-5	1
892	47	0	0	1000	0	47	-1	-5	1
893	47	0	0	1000	0	47	-1	-5	1
894	47	0	0	1000	0	47	-1	-5	1
895	47	0	0	1000	0	47	-1	-5	1
896	47	0	0	1000	0	47	-1	-5	1
897	47	0	0	1000	0	47	-1	-5	1
898	47	0	0	1000	0	47	-1	-5	1
899	47	0	0	1000	0	47	-1	-5	1
900	47	0	0	1000	0	47	-1	-5	1
901	47	0	0	1000	0	47	-1	-5	1
902	47	0	0	1000	0	47	-1	-5	1
903	47	0	0	1000	0	47	-1	-5	1
904	47	0	0	1000	0	47	-1	-5	1
905	47	0	0	1000	0	47	-1	-5	1
906	47	0	0	1000	0	47	-1	-5	1
907	47	0	0	1000	0	47	-1	-5	1
908	47	0	0	1000	0	47	-1	-5	1
909	47	0	0	1000	0	47	-1	-5	1
910	47	0	0	1000	0	47	-1	-5	1
911	47	0	0	1000	0	47	-1	-5	1
912	47	0	0	1000	0	47	-1	-5	1
913	47	0	0	1000	0	47	-1	-5	1
914	47	0	0	1000	0	47	-1	-5	1
915	47	0	0	1000	0	47	-1	-5	1
916	47	0	0	1000	0	47	-1	-5	1
917	47	0	0	1000	0	47	-1	-5	1
918	47	0	0	1000	0	47	-1	-5	1
919	47	0	0	1000	0	47	-1	-5	1
920	47	0	0	1000	0	47	-1	-5	1
921	47	0	0	1000	0	47	-1	-5	1
922	47	0	0	1000	0	47	-1	-5	1
923	47	0	0	1000	0	47	-1	-5	1
924	47	0	0	1000	0	47	-1	-5	1
925	47	0	0	1000	0	47	-1	-5	1
926	47	0	0	1000	0	47	-1	-5	1
927	47	0	0	1000	0	47	-1	-5	1
928	47	0	0	1000	0	47	-1	-5	1
929	47	0	0	1000	0	47	-1	-5	1
930	47	0	0	1000	0	47	-1	-5	1
931	47	0	0	1000	0	47	-1	-5	1
932	47	0	0	1000	0	47	-1	-5	1
933	47	0	0	1000	0	47	-1	-5	1
934	47	0	0	1000	0	47	-1	-5	1
935	47	0	0	1000	0	47	-1	-5	1
936	47	0	0	1000	0	47	-1	-5	1
937	47	0	0	1000	0	47	-1	-5	1
938	47	0	0	1000	0	47	-1	-5	1
939	47	0	0	1000	0	47	-1	-5	1
940	47	0	0	1000	0	47	-1	-5	1
941	47	0	0	1000	0	47	-1	-5	1
942	47	0	0	1000	0	47	-1	-5	1
943	47	0	0	1000	0	47	-1	-5	1
944	47	0	0	1000	0	47	-1	-5	1
945	47	0	0	1000	0	47	-1	-5	1
946	47	0	0	1000	0	47	-1	-5	1
947	47	0	0	1000	0	47	-1	-5	1
948	47	0	0	1000	0	47	-1	-5	1
949	47	0	0	1000	0	47	-1	-5	1
950	47	0	0	1000	0	47	-1	-5	1
951	47	0	0	1000	0	47	-1	-5	1
952	47	0	0	1000	0	47	-1	-5	1
953	47	0	0	1000	0	47	-1	-5	1
954	47	0	0	1000	0	47	-1	-5	1
955	47	0	0	1000	0	47	-1	-5	1
956	47	0	0	1000	0	47	-1	-5	1
957	47	0	0	1000	0	47	-1	-5	1
958	47	0	0	1000	0	47	-1	-5	1
959	47	0	0	1000	0	47	-1	-5	1
960	47	0	0	1000	0	47	-1	-5	1
961	47	0	0	1000	0	47	-1	-5	1
962	47	0	0	1000	0	47	-1	-5	1
963	47	0	0	1000	0	47	-1	-5	1
964	47	0	0	1000	0	47	-1	-5	1
965	47	0	0	1000	0	47	-1	-5	1
966	47	0	0	1000	0	47	-1	-5	1
967	47	0	0	1000	0	47	-1	-5	1
968	47	0	0	1000	0	47	-1	-5	1
969	47	0	0	1000	0	47	-1	-5	1
970	47	0	0	1000	0	47	-1	-5	1
971	47	0	0	1000	0	47	-1	-5	1
972	47	0	0	1000	0	47	-1	-5	1
973	47	0	0	1000	0	47	-1	-5	1
974	47	0	0	1000	0	47	-1	-5	1
975	47	0	0	1000	0	47	-1	-5	1
976	47	0	0	1000	0	47	-1	-5	1
977	47	0	0	1000	0	47	-1	-5	1
978	47	0	0	1000	0	47	-1	-5	1
979	47	0	0	1000	0	47	-1	-5	1
980	47	0	0	1000	0	47	-1	-5	1
981	47	0	0	1000	0	47	-1	-5	1
982	47	0	0	1000	0	47	-1	-5	1
983	47	0	0	1000	0	47	-1	-5	1
984	47	0	0	1000	0	47	-1	-5	1
985	47	0	0	1000	0	47	-1	-5	1
986	47	0	0	1000	0	47	-1	-5	1
987	47	0	0	1000	0	47	-1	-5	1
988	47	0	0	1000	0	47	-1	-5	1
989	47	0	0	1000	0	47	-1	-5	1
990	47	0	0	1000	0	47	-1	-5	1
991	47	0	0	1000	0	47	-1	-5	1
992	47	0	0	1000	0	47	-1	-5	1
993	47	0	0	1000	0	47	-1	-5	1
994	47	0	0	1000	0	47	-1	-5	1
995	47	0	0	1000	0	47	-1	-5	1
996	47	0	0	1000	0	47	-1	-5	1
997	47	0	0	1000	0	47	-1	-5	1
998	47	0	0	1000	0	47	-1	-5	1
999	47	0	0	1000	0	47	-1	-5	1
1000	47	0	0	1000	0	47	-1	-5	1
1001	47	0	0	1000	0	47	-1	-5	1
1002	47	0	0	1000	0	47	-1	-5	1
1003	47	0	0	1000	0	47	-1	-5	1
1004	47	0	0	1000	0	47	-1	-5	1
1005	47	0	0	1000	0	47	-1	-5	1
1006	47	0	0	1000	0	47	-1	-5	1
1007	47	0	0	1000	0	47	-1	-5	1
1008	47	0	0	1000	0	47	-1	-5	1
1009	47	0	0	1000	0	47	-1	-5	1
1010	47	0	0	1000	0	47	-1	-5	1
1011	47	1	1	1000	1011	47	47	-5	1
1012	47	1	1	1000	1011	47	47	-5	1
1013	47	1	1	1000	1011	47	47	-5	1
1014	47	1	1	1000	1011	47	47	-5	1
1015	47	1	1	1000	1011	47	47	-5	1
1016	47	1	1	1000	1011	47	47	-5	1
1017	47	1	1	1000	1011	47	47	-5	1
1018	47	1	1	1000	1011	47	47	-5	1
1019	47	1	1	1000	1011	47	47	-5	1
1020	47	1	1	1000	1011	47	47	-5	1
1021	47	1	1	1000	1011	47	47	-5	1
1022	47	1	1	1000	1011	47	47	-5	1
1023	47	1	1	1000	1011	47	47	-5	1
1024	47	1	1	1000	1011	47	47	-5	1
1025	47	1	1	1000	1011	47	47	-5	1
1026	47	1	1	1000	1011	47	47	-5	1
1027	47	1	1	1000	1011	47	47	-5	1
1028	47	1	1	1000	1011	47	47	-5	1
1029	47	1	1	1000	1011	47	47	-5	1
1030	47	1	1	1000	1011	47	47	-5	1
1031	47	1	1	1000	1011	47	47	-5	1
1032	47	1	1	1000	1011	47	47	-5	1
1033	47	1	1	1000	1011	47	47	-5	1
1034	47	1	1	1000	1011	47	47	-5	1
1035	47	1	1	1000	1011	47	47	-5	1
1036	47	1	1	1000	1011	47	47	-5	1
1037	47	1	1	1000	1011	47	47	-5	1
1038	47	1	1	1000	1011	47	47	-5	1
1039	47	1	1	1000	1011	47	47	-5	1
1040	47	1	1	1000	1011	47	47	-5	1
1041	47	1	1	1000	1011	47	47	-5	1
1042	47	1	1	1000	1011	47	47	-5	1
1043	47	1	1	1000	1011	47	47	-5	1
1044	47	1	1	1000	1011	47	47	-5	1
1045	47	1	1	1000	1011	47	47	-5	1
1046	47	1	1	1000	1011	47	47	-5	1
1047	47	1	1	1000	1011	47	47	-5	1
1048	47	1	1	1000	1011	47	47	-5	1
1049	47	1	1	1000	1011	47	47	-5	1
