1	20	0	0	1000	0	20	-1	-4	-5
2	20	0	0	1000	0	20	-1	-4	-5
3	20	0	0	1000	0	20	-1	-4	-5
4	20	0	0	1000	0	20	-1	-4	-5
5	20	0	0	1000	0	20	-1	-4	-5
6	20	0	0	1000	0	20	-1	-4	-5
7	20	0	0	1000	0	20	-1	-4	-5
8	20	0	0	1000	0	20	-1	-4	-5
9	20	0	0	1000	0	20	-1	-4	-5
10	20	0	0	1000	0	20	-1	-4	-5
11	20	0	0	1000	0	20	-1	-4	-5
12	20	0	0	1000	0	20	-1	-4	-5
13	20	0	0	1000	0	20	-1	-4	-5
14	20	0	0	1000	0	20	-1	-4	-5
15	20	0	0	1000	0	20	-1	-4	-5
16	20	0	0	1000	0	20	-1	-4	-5
17	20	0	0	1000	0	20	-1	-4	-5
18	20	0	0	1000	0	20	-1	-4	-5
19	20	0	0	1000	0	20	-1	-4	-5
20	20	0	0	1000	0	20	-1	-4	-5
21	20	0	0	1000	0	20	-1	-4	-5
22	20	0	0	1000	0	20	-1	-4	-5
23	20	0	0	1000	0	20	-1	-4	-5
24	20	0	0	1000	0	20	-1	-4	-5
25	20	0	0	1000	0	20	-1	-4	-5
26	20	0	0	1000	0	20	-1	-4	-5
27	20	0	0	1000	0	20	-1	-4	-5
28	20	0	0	1000	0	20	-1	-4	-5
29	20	0	0	1000	0	20	-1	-4	-5
30	20	0	0	1000	0	20	-1	-4	-5
31	20	0	0	1000	0	20	-1	-4	-5
32	20	0	0	1000	0	20	-1	-4	-5
33	20	0	0	1000	0	20	-1	-4	-5
34	20	0	0	1000	0	20	-1	-4	-5
35	20	0	0	1000	0	20	-1	-4	-5
36	20	0	0	1000	0	20	-1	-4	-5
37	20	0	0	1000	0	20	-1	-4	-5
38	20	0	0	1000	0	20	-1	-4	-5
39	20	0	0	1000	0	20	-1	-4	-5
40	20	0	0	1000	0	20	-1	-4	-5
41	20	0	0	1000	0	20	-1	-4	-5
42	20	0	0	1000	0	20	-1	-4	-5
43	20	0	0	1000	0	20	-1	-4	-5
44	20	0	0	1000	0	20	-1	-4	-5
45	20	0	0	1000	0	20	-1	-4	-5
46	20	0	0	1000	0	20	-1	-4	-5
47	20	0	0	1000	0	20	-1	-4	-5
48	20	0	0	1000	0	20	-1	-4	-5
49	20	0	0	1000	0	20	-1	-4	-5
50	20	0	0	1000	0	20	-1	-4	-5
51	20	0	0	1000	0	20	-1	-4	-5
52	20	0	0	1000	0	20	-1	-4	-5
53	20	0	0	1000	0	20	-1	-4	-5
54	20	0	0	1000	0	20	-1	-4	-5
55	20	0	0	1000	0	20	-1	-4	-5
56	20	0	0	1000	0	20	-1	-4	-5
57	20	0	0	1000	0	20	-1	-4	-5
58	20	0	0	1000	0	20	-1	-4	-5
59	20	0	0	1000	0	20	-1	-4	-5
60	20	0	0	1000	0	20	-1	-4	-5
61	20	0	0	1000	0	20	-1	-4	-5
62	20	0	0	1000	0	20	-1	-4	-5
63	20	0	0	1000	0	20	-1	-4	-5
64	20	0	0	1000	0	20	-1	-4	-5
65	20	0	0	1000	0	20	-1	-4	-5
66	20	0	0	1000	0	20	-1	-4	-5
67	20	0	0	1000	0	20	-1	-4	-5
68	20	0	0	1000	0	20	-1	-4	-5
69	20	0	0	1000	0	20	-1	-4	-5
70	20	0	0	1000	0	20	-1	-4	-5
71	20	0	0	1000	0	20	-1	-4	-5
72	20	0	0	1000	0	20	-1	-4	-5
73	20	0	0	1000	0	20	-1	-4	-5
74	20	0	0	1000	0	20	-1	-4	-5
75	20	0	0	1000	0	20	-1	-4	-5
76	20	0	0	1000	0	20	-1	-4	-5
77	20	0	0	1000	0	20	-1	-4	-5
78	20	0	0	1000	0	20	-1	-4	-5
79	20	0	0	1000	0	20	-1	-4	-5
80	20	0	0	1000	0	20	-1	-4	-5
81	20	0	0	1000	0	20	-1	-4	-5
82	20	0	0	1000	0	20	-1	-4	-5
83	20	0	0	1000	0	20	-1	-4	-5
84	20	0	0	1000	0	20	-1	-4	-5
85	20	0	0	1000	0	20	-1	-4	-5
86	20	0	0	1000	0	20	-1	-4	-5
87	20	0	0	1000	0	20	-1	-4	-5
88	20	0	0	1000	0	20	-1	-4	-5
89	20	0	0	1000	0	20	-1	-4	-5
90	20	0	0	1000	0	20	-1	-4	-5
91	20	0	0	1000	0	20	-1	-4	-5
92	20	0	0	1000	0	20	-1	-4	-5
93	20	0	0	1000	0	20	-1	-4	-5
94	20	0	0	1000	0	20	-1	-4	-5
95	20	0	0	1000	0	20	-1	-4	-5
96	20	0	0	1000	0	20	-1	-4	-5
97	20	0	0	1000	0	20	-1	-4	-5
98	20	0	0	1000	0	20	-1	-4	-5
99	20	0	0	1000	0	20	-1	-4	-5
100	20	0	0	1000	0	20	-1	-4	-5
101	20	0	0	1000	0	20	-1	-4	-5
102	20	0	0	1000	0	20	-1	-4	-5
103	20	0	0	1000	0	20	-1	-4	-5
104	20	0	0	1000	0	20	-1	-4	-5
105	20	0	0	1000	0	20	-1	-4	-5
106	20	0	0	1000	0	20	-1	-4	-5
107	20	0	0	1000	0	20	-1	-4	-5
108	20	0	0	1000	0	20	-1	-4	-5
109	20	0	0	1000	0	20	-1	-4	-5
110	20	0	0	1000	0	20	-1	-4	-5
111	20	0	0	1000	0	20	-1	-4	-5
112	20	0	0	1000	0	20	-1	-4	-5
113	20	0	0	1000	0	20	-1	-4	-5
114	20	0	0	1000	0	20	-1	-4	-5
115	20	0	0	1000	0	20	-1	-4	-5
116	20	0	0	1000	0	20	-1	-4	-5
117	20	0	0	1000	0	20	-1	-4	-5
118	20	0	0	1000	0	20	-1	-4	-5
119	20	0	0	1000	0	20	-1	-4	-5
120	20	0	0	1000	0	20	-1	-4	-5
121	20	0	0	1000	0	20	-1	-4	-5
122	20	0	0	1000	0	20	-1	-4	-5
123	20	0	0	1000	0	20	-1	-4	-5
124	20	0	0	1000	0	20	-1	-4	-5
125	20	0	0	1000	0	20	-1	-4	-5
126	20	0	0	1000	0	20	-1	-4	-5
127	20	0	0	1000	0	20	-1	-4	-5
128	20	0	0	1000	0	20	-1	-4	-5
129	20	0	0	1000	0	20	-1	-4	-5
130	20	0	0	1000	0	20	-1	-4	-5
131	20	0	0	1000	0	20	-1	-4	-5
132	20	0	0	1000	0	20	-1	-4	-5
133	20	0	0	1000	0	20	-1	-4	-5
134	20	0	0	1000	0	20	-1	-4	-5
135	20	0	0	1000	0	20	-1	-4	-5
136	20	0	0	1000	0	20	-1	-4	-5
137	20	0	0	1000	0	20	-1	-4	-5
138	20	0	0	1000	0	20	-1	-4	-5
139	20	0	0	1000	0	20	-1	-4	-5
140	20	0	0	1000	0	20	-1	-4	-5
141	20	0	0	1000	0	20	-1	-4	-5
142	20	0	0	1000	0	20	-1	-4	-5
143	20	0	0	1000	0	20	-1	-4	-5
144	20	0	0	1000	0	20	-1	-4	-5
145	20	0	0	1000	0	20	-1	-4	-5
146	20	0	0	1000	0	20	-1	-4	-5
147	20	0	0	1000	0	20	-1	-4	-5
148	20	0	0	1000	0	20	-1	-4	-5
149	20	0	0	1000	0	20	-1	-4	-5
150	20	0	0	1000	0	20	-1	-4	-5
151	20	0	0	1000	0	20	-1	-4	-5
152	20	0	0	1000	0	20	-1	-4	-5
153	20	0	0	1000	0	20	-1	-4	-5
154	20	0	0	1000	0	20	-1	-4	-5
155	20	0	0	1000	0	20	-1	-4	-5
156	20	0	0	1000	0	20	-1	-4	-5
157	20	0	0	1000	0	20	-1	-4	-5
158	20	0	0	1000	0	20	-1	-4	-5
159	20	0	0	1000	0	20	-1	-4	-5
160	20	0	0	1000	0	20	-1	-4	-5
161	20	0	0	1000	0	20	-1	-4	-5
162	20	0	0	1000	0	20	-1	-4	-5
163	20	0	0	1000	0	20	-1	-4	-5
164	20	0	0	1000	0	20	-1	-4	-5
165	20	0	0	1000	0	20	-1	-4	-5
166	20	0	0	1000	0	20	-1	-4	-5
167	20	0	0	1000	0	20	-1	-4	-5
168	20	0	0	1000	0	20	-1	-4	-5
169	20	0	0	1000	0	20	-1	-4	-5
170	20	0	0	1000	0	20	-1	-4	-5
171	20	0	0	1000	0	20	-1	-4	-5
172	20	0	0	1000	0	20	-1	-4	-5
173	20	0	0	1000	0	20	-1	-4	-5
174	20	0	0	1000	0	20	-1	-4	-5
175	20	0	0	1000	0	20	-1	-4	-5
176	20	0	0	1000	0	20	-1	-4	-5
177	20	0	0	1000	0	20	-1	-4	-5
178	20	0	0	1000	0	20	-1	-4	-5
179	20	0	0	1000	0	20	-1	-4	-5
180	20	0	0	1000	0	20	-1	-4	-5
181	20	0	0	1000	0	20	-1	-4	-5
182	20	0	0	1000	0	20	-1	-4	-5
183	20	0	0	1000	0	20	-1	-4	-5
184	20	0	0	1000	0	20	-1	-4	-5
185	20	0	0	1000	0	20	-1	-4	-5
186	20	0	0	1000	0	20	-1	-4	-5
187	20	0	0	1000	0	20	-1	-4	-5
188	20	0	0	1000	0	20	-1	-4	-5
189	20	0	0	1000	0	20	-1	-4	-5
190	20	0	0	1000	0	20	-1	-4	-5
191	20	0	0	1000	0	20	-1	-4	-5
192	20	0	0	1000	0	20	-1	-4	-5
193	20	0	0	1000	0	20	-1	-4	-5
194	20	0	0	1000	0	20	-1	-4	-5
195	20	0	0	1000	0	20	-1	-4	-5
196	20	0	0	1000	0	20	-1	-4	-5
197	20	0	0	1000	0	20	-1	-4	-5
198	20	0	0	1000	0	20	-1	-4	-5
199	20	0	0	1000	0	20	-1	-4	-5
200	20	0	0	1000	0	20	-1	-4	-5
201	20	0	0	1000	0	20	-1	-4	-5
202	20	0	0	1000	0	20	-1	-4	-5
203	20	0	0	1000	0	20	-1	-4	-5
204	20	0	0	1000	0	20	-1	-4	-5
205	20	0	0	1000	0	20	-1	-4	-5
206	20	0	0	1000	0	20	-1	-4	-5
207	20	0	0	1000	0	20	-1	-4	-5
208	20	0	0	1000	0	20	-1	-4	-5
209	20	0	0	1000	0	20	-1	-4	-5
210	20	0	0	1000	0	20	-1	-4	-5
211	20	0	0	1000	0	20	-1	-4	-5
212	20	0	0	1000	0	20	-1	-4	-5
213	20	0	0	1000	0	20	-1	-4	-5
214	20	0	0	1000	0	20	-1	-4	-5
215	20	0	0	1000	0	20	-1	-4	-5
216	20	0	0	1000	0	20	-1	-4	-5
217	20	0	0	1000	0	20	-1	-4	-5
218	20	0	0	1000	0	20	-1	-4	-5
219	20	0	0	1000	0	20	-1	-4	-5
220	20	0	0	1000	0	20	-1	-4	-5
221	20	0	0	1000	0	20	-1	-4	-5
222	20	0	0	1000	0	20	-1	-4	-5
223	20	0	0	1000	0	20	-1	-4	-5
224	20	0	0	1000	0	20	-1	-4	-5
225	20	0	0	1000	0	20	-1	-4	-5
226	20	0	0	1000	0	20	-1	-4	-5
227	20	0	0	1000	0	20	-1	-4	-5
228	20	0	0	1000	0	20	-1	-4	-5
229	20	0	0	1000	0	20	-1	-4	-5
230	20	0	0	1000	0	20	-1	-4	-5
231	20	0	0	1000	0	20	-1	-4	-5
232	20	0	0	1000	0	20	-1	-4	-5
233	20	0	0	1000	0	20	-1	-4	-5
234	20	0	0	1000	0	20	-1	-4	-5
235	20	0	0	1000	0	20	-1	-4	-5
236	20	0	0	1000	0	20	-1	-4	-5
237	20	0	0	1000	0	20	-1	-4	-5
238	20	0	0	1000	0	20	-1	-4	-5
239	20	0	0	1000	0	20	-1	-4	-5
240	20	0	0	1000	0	20	-1	-4	-5
241	20	0	0	1000	0	20	-1	-4	-5
242	20	0	0	1000	0	20	-1	-4	-5
243	20	0	0	1000	0	20	-1	-4	-5
244	20	0	0	1000	0	20	-1	-4	-5
245	20	0	0	1000	0	20	-1	-4	-5
246	20	0	0	1000	0	20	-1	-4	-5
247	20	0	0	1000	0	20	-1	-4	-5
248	20	0	0	1000	0	20	-1	-4	-5
249	20	0	0	1000	0	20	-1	-4	-5
250	20	0	0	1000	0	20	-1	-4	-5
251	20	0	0	1000	0	20	-1	-4	-5
252	20	0	0	1000	0	20	-1	-4	-5
253	20	0	0	1000	0	20	-1	-4	-5
254	20	0	0	1000	0	20	-1	-4	-5
255	20	0	0	1000	0	20	-1	-4	-5
256	20	0	0	1000	0	20	-1	-4	-5
257	20	0	0	1000	0	20	-1	-4	-5
258	20	0	0	1000	0	20	-1	-4	-5
259	20	0	0	1000	0	20	-1	-4	-5
260	20	0	0	1000	0	20	-1	-4	-5
261	20	0	0	1000	0	20	-1	-4	-5
262	20	0	0	1000	0	20	-1	-4	-5
263	20	0	0	1000	0	20	-1	-4	-5
264	20	0	0	1000	0	20	-1	-4	-5
265	20	0	0	1000	0	20	-1	-4	-5
266	20	0	0	1000	0	20	-1	-4	-5
267	20	0	0	1000	0	20	-1	-4	-5
268	20	0	0	1000	0	20	-1	-4	-5
269	20	0	0	1000	0	20	-1	-4	-5
270	20	0	0	1000	0	20	-1	-4	-5
271	20	0	0	1000	0	20	-1	-4	-5
272	20	0	0	1000	0	20	-1	-4	-5
273	20	0	0	1000	0	20	-1	-4	-5
274	20	0	0	1000	0	20	-1	-4	-5
275	20	0	0	1000	0	20	-1	-4	-5
276	20	0	0	1000	0	20	-1	-4	-5
277	20	0	0	1000	0	20	-1	-4	-5
278	20	0	0	1000	0	20	-1	-4	-5
279	20	0	0	1000	0	20	-1	-4	-5
280	20	0	0	1000	0	20	-1	-4	-5
281	20	0	0	1000	0	20	-1	-4	-5
282	20	0	0	1000	0	20	-1	-4	-5
283	20	0	0	1000	0	20	-1	-4	-5
284	20	0	0	1000	0	20	-1	-4	-5
285	20	0	0	1000	0	20	-1	-4	-5
286	20	0	0	1000	0	20	-1	-4	-5
287	20	0	0	1000	0	20	-1	-4	-5
288	20	0	0	1000	0	20	-1	-4	-5
289	20	0	0	1000	0	20	-1	-4	-5
290	20	0	0	1000	0	20	-1	-4	-5
291	20	0	0	1000	0	20	-1	-4	-5
292	20	0	0	1000	0	20	-1	-4	-5
293	20	0	0	1000	0	20	-1	-4	-5
294	20	0	0	1000	0	20	-1	-4	-5
295	20	0	0	1000	0	20	-1	-4	-5
296	20	0	0	1000	0	20	-1	-4	-5
297	20	0	0	1000	0	20	-1	-4	-5
298	20	0	0	1000	0	20	-1	-4	-5
299	20	0	0	1000	0	20	-1	-4	-5
300	20	0	0	1000	0	20	-1	-4	-5
301	20	0	0	1000	0	20	-1	-4	-5
302	20	0	0	1000	0	20	-1	-4	-5
303	20	0	0	1000	0	20	-1	-4	-5
304	20	0	0	1000	0	20	-1	-4	-5
305	20	0	0	1000	0	20	-1	-4	-5
306	20	0	0	1000	0	20	-1	-4	-5
307	20	0	0	1000	0	20	-1	-4	-5
308	20	0	0	1000	0	20	-1	-4	-5
309	20	0	0	1000	0	20	-1	-4	-5
310	20	0	0	1000	0	20	-1	-4	-5
311	20	0	0	1000	0	20	-1	-4	-5
312	20	0	0	1000	0	20	-1	-4	-5
313	20	0	0	1000	0	20	-1	-4	-5
314	20	0	0	1000	0	20	-1	-4	-5
315	20	0	0	1000	0	20	-1	-4	-5
316	20	0	0	1000	0	20	-1	-4	-5
317	20	0	0	1000	0	20	-1	-4	-5
318	20	0	0	1000	0	20	-1	-4	-5
319	20	0	0	1000	0	20	-1	-4	-5
320	20	0	0	1000	0	20	-1	-4	-5
321	20	0	0	1000	0	20	-1	-4	-5
322	20	0	0	1000	0	20	-1	-4	-5
323	20	0	0	1000	0	20	-1	-4	-5
324	20	0	0	1000	0	20	-1	-4	-5
325	20	0	0	1000	0	20	-1	-4	-5
326	20	0	0	1000	0	20	-1	-4	-5
327	20	0	0	1000	0	20	-1	-4	-5
328	20	0	0	1000	0	20	-1	-4	-5
329	20	0	0	1000	0	20	-1	-4	-5
330	20	0	0	1000	0	20	-1	-4	-5
331	20	0	0	1000	0	20	-1	-4	-5
332	20	0	0	1000	0	20	-1	-4	-5
333	20	0	0	1000	0	20	-1	-4	-5
334	20	0	0	1000	0	20	-1	-4	-5
335	20	0	0	1000	0	20	-1	-4	-5
336	20	0	0	1000	0	20	-1	-4	-5
337	20	0	0	1000	0	20	-1	-4	-5
338	20	0	0	1000	0	20	-1	-4	-5
339	20	0	0	1000	0	20	-1	-4	-5
340	20	0	0	1000	0	20	-1	-4	-5
341	20	0	0	1000	0	20	-1	-4	-5
342	20	0	0	1000	0	20	-1	-4	-5
343	20	0	0	1000	0	20	-1	-4	-5
344	20	0	0	1000	0	20	-1	-4	-5
345	20	0	0	1000	0	20	-1	-4	-5
346	20	0	0	1000	0	20	-1	-4	-5
347	20	0	0	1000	0	20	-1	-4	-5
348	20	0	0	1000	0	20	-1	-4	-5
349	20	0	0	1000	0	20	-1	-4	-5
350	20	0	0	1000	0	20	-1	-4	-5
351	20	0	0	1000	0	20	-1	-4	-5
352	20	0	0	1000	0	20	-1	-4	-5
353	20	0	0	1000	0	20	-1	-4	-5
354	20	0	0	1000	0	20	-1	-4	-5
355	20	0	0	1000	0	20	-1	-4	-5
356	20	0	0	1000	0	20	-1	-4	-5
357	20	0	0	1000	0	20	-1	-4	-5
358	20	0	0	1000	0	20	-1	-4	-5
359	20	0	0	1000	0	20	-1	-4	-5
360	20	0	0	1000	0	20	-1	-4	-5
361	20	0	0	1000	0	20	-1	-4	-5
362	20	0	0	1000	0	20	-1	-4	-5
363	20	0	0	1000	0	20	-1	-4	-5
364	20	0	0	1000	0	20	-1	-4	-5
365	20	0	0	1000	0	20	-1	-4	-5
366	20	0	0	1000	0	20	-1	-4	-5
367	20	0	0	1000	0	20	-1	-4	-5
368	20	0	0	1000	0	20	-1	-4	-5
369	20	0	0	1000	0	20	-1	-4	-5
370	20	0	0	1000	0	20	-1	-4	-5
371	20	0	0	1000	0	20	-1	-4	-5
372	20	0	0	1000	0	20	-1	-4	-5
373	20	0	0	1000	0	20	-1	-4	-5
374	20	0	0	1000	0	20	-1	-4	-5
375	20	0	0	1000	0	20	-1	-4	-5
376	20	0	0	1000	0	20	-1	-4	-5
377	20	0	0	1000	0	20	-1	-4	-5
378	20	0	0	1000	0	20	-1	-4	-5
379	20	0	0	1000	0	20	-1	-4	-5
380	20	0	0	1000	0	20	-1	-4	-5
381	20	0	0	1000	0	20	-1	-4	-5
382	20	0	0	1000	0	20	-1	-4	-5
383	20	0	0	1000	0	20	-1	-4	-5
384	20	0	0	1000	0	20	-1	-4	-5
385	20	0	0	1000	0	20	-1	-4	-5
386	20	0	0	1000	0	20	-1	-4	-5
387	20	0	0	1000	0	20	-1	-4	-5
388	20	0	0	1000	0	20	-1	-4	-5
389	20	0	0	1000	0	20	-1	-4	-5
390	20	0	0	1000	0	20	-1	-4	-5
391	20	0	0	1000	0	20	-1	-4	-5
392	20	0	0	1000	0	20	-1	-4	-5
393	20	0	0	1000	0	20	-1	-4	-5
394	20	0	0	1000	0	20	-1	-4	-5
395	20	0	0	1000	0	20	-1	-4	-5
396	20	0	0	1000	0	20	-1	-4	-5
397	20	0	0	1000	0	20	-1	-4	-5
398	20	0	0	1000	0	20	-1	-4	-5
399	20	0	0	1000	0	20	-1	-4	-5
400	20	0	0	1000	0	20	-1	-4	-5
401	20	0	0	1000	0	20	-1	-4	-5
402	20	0	0	1000	0	20	-1	-4	-5
403	20	0	0	1000	0	20	-1	-4	-5
404	20	0	0	1000	0	20	-1	-4	-5
405	20	0	0	1000	0	20	-1	-4	-5
406	20	0	0	1000	0	20	-1	-4	-5
407	20	0	0	1000	0	20	-1	-4	-5
408	20	0	0	1000	0	20	-1	-4	-5
409	20	0	0	1000	0	20	-1	-4	-5
410	20	0	0	1000	0	20	-1	-4	-5
411	20	0	0	1000	0	20	-1	-4	-5
412	20	0	0	1000	0	20	-1	-4	-5
413	20	0	0	1000	0	20	-1	-4	-5
414	20	0	0	1000	0	20	-1	-4	-5
415	20	0	0	1000	0	20	-1	-4	-5
416	20	0	0	1000	0	20	-1	-4	-5
417	20	0	0	1000	0	20	-1	-4	-5
418	20	0	0	1000	0	20	-1	-4	-5
419	20	0	0	1000	0	20	-1	-4	-5
420	20	0	0	1000	0	20	-1	-4	-5
421	20	0	0	1000	0	20	-1	-4	-5
422	20	0	0	1000	0	20	-1	-4	-5
423	20	0	0	1000	0	20	-1	-4	-5
424	20	0	0	1000	0	20	-1	-4	-5
425	20	0	0	1000	0	20	-1	-4	-5
426	20	0	0	1000	0	20	-1	-4	-5
427	20	0	0	1000	0	20	-1	-4	-5
428	20	0	0	1000	0	20	-1	-4	-5
429	20	0	0	1000	0	20	-1	-4	-5
430	20	0	0	1000	0	20	-1	-4	-5
431	20	0	0	1000	0	20	-1	-4	-5
432	20	0	0	1000	0	20	-1	-4	-5
433	20	0	0	1000	0	20	-1	-4	-5
434	20	0	0	1000	0	20	-1	-4	-5
435	20	0	0	1000	0	20	-1	-4	-5
436	20	0	0	1000	0	20	-1	-4	-5
437	20	0	0	1000	0	20	-1	-4	-5
438	20	0	0	1000	0	20	-1	-4	-5
439	20	0	0	1000	0	20	-1	-4	-5
440	20	0	0	1000	0	20	-1	-4	-5
441	20	0	0	1000	0	20	-1	-4	-5
442	20	0	0	1000	0	20	-1	-4	-5
443	20	0	0	1000	0	20	-1	-4	-5
444	20	0	0	1000	0	20	-1	-4	-5
445	20	0	0	1000	0	20	-1	-4	-5
446	20	0	0	1000	0	20	-1	-4	-5
447	20	0	0	1000	0	20	-1	-4	-5
448	20	0	0	1000	0	20	-1	-4	-5
449	20	0	0	1000	0	20	-1	-4	-5
450	20	0	0	1000	0	20	-1	-4	-5
451	20	0	0	1000	0	20	-1	-4	-5
452	20	0	0	1000	0	20	-1	-4	-5
453	20	0	0	1000	0	20	-1	-4	-5
454	20	0	0	1000	0	20	-1	-4	-5
455	20	0	0	1000	0	20	-1	-4	-5
456	20	0	0	1000	0	20	-1	-4	-5
457	20	0	0	1000	0	20	-1	-4	-5
458	20	0	0	1000	0	20	-1	-4	-5
459	20	0	0	1000	0	20	-1	-4	-5
460	20	0	0	1000	0	20	-1	-4	-5
461	20	0	0	1000	0	20	-1	-4	-5
462	20	0	0	1000	0	20	-1	-4	-5
463	20	0	0	1000	0	20	-1	-4	-5
464	20	0	0	1000	0	20	-1	-4	-5
465	20	0	0	1000	0	20	-1	-4	-5
466	20	0	0	1000	0	20	-1	-4	-5
467	20	0	0	1000	0	20	-1	-4	-5
468	20	0	0	1000	0	20	-1	-4	-5
469	20	0	0	1000	0	20	-1	-4	-5
470	20	0	0	1000	0	20	-1	-4	-5
471	20	0	0	1000	0	20	-1	-4	-5
472	20	0	0	1000	0	20	-1	-4	-5
473	20	0	0	1000	0	20	-1	-4	-5
474	20	0	0	1000	0	20	-1	-4	-5
475	20	0	0	1000	0	20	-1	-4	-5
476	20	0	0	1000	0	20	-1	-4	-5
477	20	0	0	1000	0	20	-1	-4	-5
478	20	0	0	1000	0	20	-1	-4	-5
479	20	0	0	1000	0	20	-1	-4	-5
480	20	0	0	1000	0	20	-1	-4	-5
481	20	0	0	1000	0	20	-1	-4	-5
482	20	0	0	1000	0	20	-1	-4	-5
483	20	0	0	1000	0	20	-1	-4	-5
484	20	0	0	1000	0	20	-1	-4	-5
485	20	0	0	1000	0	20	-1	-4	-5
486	20	0	0	1000	0	20	-1	-4	-5
487	20	0	0	1000	0	20	-1	-4	-5
488	20	0	0	1000	0	20	-1	-4	-5
489	20	0	0	1000	0	20	-1	-4	-5
490	20	0	0	1000	0	20	-1	-4	-5
491	20	0	0	1000	0	20	-1	-4	-5
492	20	0	0	1000	0	20	-1	-4	-5
493	20	0	0	1000	0	20	-1	-4	-5
494	20	0	0	1000	0	20	-1	-4	-5
495	20	0	0	1000	0	20	-1	-4	-5
496	20	0	0	1000	0	20	-1	-4	-5
497	20	0	0	1000	0	20	-1	-4	-5
498	20	0	0	1000	0	20	-1	-4	-5
499	20	0	0	1000	0	20	-1	-4	-5
500	20	0	0	1000	0	20	-1	-4	-5
501	20	0	0	1000	0	20	-1	-4	-5
502	20	0	0	1000	0	20	-1	-4	-5
503	20	0	0	1000	0	20	-1	-4	-5
504	20	0	0	1000	0	20	-1	-4	-5
505	20	0	0	1000	0	20	-1	-4	-5
506	20	0	0	1000	0	20	-1	-4	-5
507	20	0	0	1000	0	20	-1	-4	-5
508	20	0	0	1000	0	20	-1	-4	-5
509	20	0	0	1000	0	20	-1	-4	-5
510	20	0	0	1000	0	20	-1	-4	-5
511	20	0	0	1000	0	20	-1	-4	-5
512	20	0	0	1000	0	20	-1	-4	-5
513	20	0	0	1000	0	20	-1	-4	-5
514	20	0	0	1000	0	20	-1	-4	-5
515	20	0	0	1000	0	20	-1	-4	-5
516	20	0	0	1000	0	20	-1	-4	-5
517	20	0	0	1000	0	20	-1	-4	-5
518	20	0	0	1000	0	20	-1	-4	-5
519	20	0	0	1000	0	20	-1	-4	-5
520	20	0	0	1000	0	20	-1	-4	-5
521	20	0	0	1000	0	20	-1	-4	-5
522	20	0	0	1000	0	20	-1	-4	-5
523	20	0	0	1000	0	20	-1	-4	-5
524	20	0	0	1000	0	20	-1	-4	-5
525	20	0	0	1000	0	20	-1	-4	-5
526	20	0	0	1000	0	20	-1	-4	-5
527	20	0	0	1000	0	20	-1	-4	-5
528	20	0	0	1000	0	20	-1	-4	-5
529	20	0	0	1000	0	20	-1	-4	-5
530	20	0	0	1000	0	20	-1	-4	-5
531	20	0	0	1000	0	20	-1	-4	-5
532	20	0	0	1000	0	20	-1	-4	-5
533	20	0	0	1000	0	20	-1	-4	-5
534	20	0	0	1000	0	20	-1	-4	-5
535	20	0	0	1000	0	20	-1	-4	-5
536	20	0	0	1000	0	20	-1	-4	-5
537	20	0	0	1000	0	20	-1	-4	-5
538	20	0	0	1000	0	20	-1	-4	-5
539	20	0	0	1000	0	20	-1	-4	-5
540	20	0	0	1000	0	20	-1	-4	-5
541	20	0	0	1000	0	20	-1	-4	-5
542	20	0	0	1000	0	20	-1	-4	-5
543	20	0	0	1000	0	20	-1	-4	-5
544	20	0	0	1000	0	20	-1	-4	-5
545	20	0	0	1000	0	20	-1	-4	-5
546	20	0	0	1000	0	20	-1	-4	-5
547	20	0	0	1000	0	20	-1	-4	-5
548	20	0	0	1000	0	20	-1	-4	-5
549	20	0	0	1000	0	20	-1	-4	-5
550	20	0	0	1000	0	20	-1	-4	-5
551	20	0	0	1000	0	20	-1	-4	-5
552	20	0	0	1000	0	20	-1	-4	-5
553	20	0	0	1000	0	20	-1	-4	-5
554	20	0	0	1000	0	20	-1	-4	-5
555	20	0	0	1000	0	20	-1	-4	-5
556	20	0	0	1000	0	20	-1	-4	-5
557	20	0	0	1000	0	20	-1	-4	-5
558	20	0	0	1000	0	20	-1	-4	-5
559	20	0	0	1000	0	20	-1	-4	-5
560	20	0	0	1000	0	20	-1	-4	-5
561	20	0	0	1000	0	20	-1	-4	-5
562	20	0	0	1000	0	20	-1	-4	-5
563	20	0	0	1000	0	20	-1	-4	-5
564	20	0	0	1000	0	20	-1	-4	-5
565	20	0	0	1000	0	20	-1	-4	-5
566	20	0	0	1000	0	20	-1	-4	-5
567	20	0	0	1000	0	20	-1	-4	-5
568	20	0	0	1000	0	20	-1	-4	-5
569	20	0	0	1000	0	20	-1	-4	-5
570	20	0	0	1000	0	20	-1	-4	-5
571	20	0	0	1000	0	20	-1	-4	-5
572	20	0	0	1000	0	20	-1	-4	-5
573	20	0	0	1000	0	20	-1	-4	-5
574	20	0	0	1000	0	20	-1	-4	-5
575	20	0	0	1000	0	20	-1	-4	-5
576	20	0	0	1000	0	20	-1	-4	-5
577	20	0	0	1000	0	20	-1	-4	-5
578	20	0	0	1000	0	20	-1	-4	-5
579	20	0	0	1000	0	20	-1	-4	-5
580	20	0	0	1000	0	20	-1	-4	-5
581	20	0	0	1000	0	20	-1	-4	-5
582	20	0	0	1000	0	20	-1	-4	-5
583	20	0	0	1000	0	20	-1	-4	-5
584	20	0	0	1000	0	20	-1	-4	-5
585	20	0	0	1000	0	20	-1	-4	-5
586	20	0	0	1000	0	20	-1	-4	-5
587	20	0	0	1000	0	20	-1	-4	-5
588	20	0	0	1000	0	20	-1	-4	-5
589	20	0	0	1000	0	20	-1	-4	-5
590	20	0	0	1000	0	20	-1	-4	-5
591	20	0	0	1000	0	20	-1	-4	-5
592	20	0	0	1000	0	20	-1	-4	-5
593	20	0	0	1000	0	20	-1	-4	-5
594	20	0	0	1000	0	20	-1	-4	-5
595	20	0	0	1000	0	20	-1	-4	-5
596	20	0	0	1000	0	20	-1	-4	-5
597	20	0	0	1000	0	20	-1	-4	-5
598	20	0	0	1000	0	20	-1	-4	-5
599	20	0	0	1000	0	20	-1	-4	-5
600	20	0	0	1000	0	20	-1	-4	-5
601	20	0	0	1000	0	20	-1	-4	-5
602	20	0	0	1000	0	20	-1	-4	-5
603	20	0	0	1000	0	20	-1	-4	-5
604	20	0	0	1000	0	20	-1	-4	-5
605	20	0	0	1000	0	20	-1	-4	-5
606	20	0	0	1000	0	20	-1	-4	-5
607	20	0	0	1000	0	20	-1	-4	-5
608	20	0	0	1000	0	20	-1	-4	-5
609	20	0	0	1000	0	20	-1	-4	-5
610	20	0	0	1000	0	20	-1	-4	-5
611	20	0	0	1000	0	20	-1	-4	-5
612	20	0	0	1000	0	20	-1	-4	-5
613	20	0	0	1000	0	20	-1	-4	-5
614	20	0	0	1000	0	20	-1	-4	-5
615	20	0	0	1000	0	20	-1	-4	-5
616	20	0	0	1000	0	20	-1	-4	-5
617	20	0	0	1000	0	20	-1	-4	-5
618	20	0	0	1000	0	20	-1	-4	-5
619	20	0	0	1000	0	20	-1	-4	-5
620	20	0	0	1000	0	20	-1	-4	-5
621	20	0	0	1000	0	20	-1	-4	-5
622	20	0	0	1000	0	20	-1	-4	-5
623	20	0	0	1000	0	20	-1	-4	-5
624	20	0	0	1000	0	20	-1	-4	-5
625	20	0	0	1000	0	20	-1	-4	-5
626	20	0	0	1000	0	20	-1	-4	-5
627	20	0	0	1000	0	20	-1	-4	-5
628	20	0	0	1000	0	20	-1	-4	-5
629	20	0	0	1000	0	20	-1	-4	-5
630	20	0	0	1000	0	20	-1	-4	-5
631	20	0	0	1000	0	20	-1	-4	-5
632	20	0	0	1000	0	20	-1	-4	-5
633	20	0	0	1000	0	20	-1	-4	-5
634	20	0	0	1000	0	20	-1	-4	-5
635	20	0	0	1000	0	20	-1	-4	-5
636	20	0	0	1000	0	20	-1	-4	-5
637	20	0	0	1000	0	20	-1	-4	-5
638	20	0	0	1000	0	20	-1	-4	-5
639	20	0	0	1000	0	20	-1	-4	-5
640	20	0	0	1000	0	20	-1	-4	-5
641	20	0	0	1000	0	20	-1	-4	-5
642	20	0	0	1000	0	20	-1	-4	-5
643	20	0	0	1000	0	20	-1	-4	-5
644	20	0	0	1000	0	20	-1	-4	-5
645	20	0	0	1000	0	20	-1	-4	-5
646	20	0	0	1000	0	20	-1	-4	-5
647	20	0	0	1000	0	20	-1	-4	-5
648	20	0	0	1000	0	20	-1	-4	-5
649	20	0	0	1000	0	20	-1	-4	-5
650	20	0	0	1000	0	20	-1	-4	-5
651	20	0	0	1000	0	20	-1	-4	-5
652	20	0	0	1000	0	20	-1	-4	-5
653	20	0	0	1000	0	20	-1	-4	-5
654	20	0	0	1000	0	20	-1	-4	-5
655	20	0	0	1000	0	20	-1	-4	-5
656	20	0	0	1000	0	20	-1	-4	-5
657	20	0	0	1000	0	20	-1	-4	-5
658	20	0	0	1000	0	20	-1	-4	-5
659	20	0	0	1000	0	20	-1	-4	-5
660	20	0	0	1000	0	20	-1	-4	-5
661	20	0	0	1000	0	20	-1	-4	-5
662	20	0	0	1000	0	20	-1	-4	-5
663	20	0	0	1000	0	20	-1	-4	-5
664	20	0	0	1000	0	20	-1	-4	-5
665	20	0	0	1000	0	20	-1	-4	-5
666	20	0	0	1000	0	20	-1	-4	-5
667	20	0	0	1000	0	20	-1	-4	-5
668	20	0	0	1000	0	20	-1	-4	-5
669	20	0	0	1000	0	20	-1	-4	-5
670	20	0	0	1000	0	20	-1	-4	-5
671	20	0	0	1000	0	20	-1	-4	-5
672	20	0	0	1000	0	20	-1	-4	-5
673	20	0	0	1000	0	20	-1	-4	-5
674	20	0	0	1000	0	20	-1	-4	-5
675	20	0	0	1000	0	20	-1	-4	-5
676	20	0	0	1000	0	20	-1	-4	-5
677	20	0	0	1000	0	20	-1	-4	-5
678	20	0	0	1000	0	20	-1	-4	-5
679	20	0	0	1000	0	20	-1	-4	-5
680	20	0	0	1000	0	20	-1	-4	-5
681	20	0	0	1000	0	20	-1	-4	-5
682	20	0	0	1000	0	20	-1	-4	-5
683	20	0	0	1000	0	20	-1	-4	-5
684	20	0	0	1000	0	20	-1	-4	-5
685	20	0	0	1000	0	20	-1	-4	-5
686	20	0	0	1000	0	20	-1	-4	-5
687	20	0	0	1000	0	20	-1	-4	-5
688	20	0	0	1000	0	20	-1	-4	-5
689	20	0	0	1000	0	20	-1	-4	-5
690	20	0	0	1000	0	20	-1	-4	-5
691	20	0	0	1000	0	20	-1	-4	-5
692	20	0	0	1000	0	20	-1	-4	-5
693	20	0	0	1000	0	20	-1	-4	-5
694	20	0	0	1000	0	20	-1	-4	-5
695	20	0	0	1000	0	20	-1	-4	-5
696	20	0	0	1000	0	20	-1	-4	-5
697	20	0	0	1000	0	20	-1	-4	-5
698	20	0	0	1000	0	20	-1	-4	-5
699	20	0	0	1000	0	20	-1	-4	-5
700	20	0	0	1000	0	20	-1	-4	-5
701	20	0	0	1000	0	20	-1	-4	-5
702	20	0	0	1000	0	20	-1	-4	-5
703	20	0	0	1000	0	20	-1	-4	-5
704	20	0	0	1000	0	20	-1	-4	-5
705	20	0	0	1000	0	20	-1	-4	-5
706	20	0	0	1000	0	20	-1	-4	-5
707	20	0	0	1000	0	20	-1	-4	-5
708	20	0	0	1000	0	20	-1	-4	-5
709	20	0	0	1000	0	20	-1	-4	-5
710	20	0	0	1000	0	20	-1	-4	-5
711	20	0	0	1000	0	20	-1	-4	-5
712	20	0	0	1000	0	20	-1	-4	-5
713	20	0	0	1000	0	20	-1	-4	-5
714	20	0	0	1000	0	20	-1	-4	-5
715	20	0	0	1000	0	20	-1	-4	-5
716	20	0	0	1000	0	20	-1	-4	-5
717	20	0	0	1000	0	20	-1	-4	-5
718	20	0	0	1000	0	20	-1	-4	-5
719	20	0	0	1000	0	20	-1	-4	-5
720	20	0	0	1000	0	20	-1	-4	-5
721	20	0	0	1000	0	20	-1	-4	-5
722	20	0	0	1000	0	20	-1	-4	-5
723	20	0	0	1000	0	20	-1	-4	-5
724	20	0	0	1000	0	20	-1	-4	-5
725	20	0	0	1000	0	20	-1	-4	-5
726	20	0	0	1000	0	20	-1	-4	-5
727	20	0	0	1000	0	20	-1	-4	-5
728	20	0	0	1000	0	20	-1	-4	-5
729	20	0	0	1000	0	20	-1	-4	-5
730	20	0	0	1000	0	20	-1	-4	-5
731	20	0	0	1000	0	20	-1	-4	-5
732	20	0	0	1000	0	20	-1	-4	-5
733	20	0	0	1000	0	20	-1	-4	-5
734	20	0	0	1000	0	20	-1	-4	-5
735	20	0	0	1000	0	20	-1	-4	-5
736	20	0	0	1000	0	20	-1	-4	-5
737	20	0	0	1000	0	20	-1	-4	-5
738	20	0	0	1000	0	20	-1	-4	-5
739	20	0	0	1000	0	20	-1	-4	-5
740	20	0	0	1000	0	20	-1	-4	-5
741	20	0	0	1000	0	20	-1	-4	-5
742	20	0	0	1000	0	20	-1	-4	-5
743	20	0	0	1000	0	20	-1	-4	-5
744	20	0	0	1000	0	20	-1	-4	-5
745	20	0	0	1000	0	20	-1	-4	-5
746	20	0	0	1000	0	20	-1	-4	-5
747	20	0	0	1000	0	20	-1	-4	-5
748	20	0	0	1000	0	20	-1	-4	-5
749	20	0	0	1000	0	20	-1	-4	-5
750	20	0	0	1000	0	20	-1	-4	-5
751	20	0	0	1000	0	20	-1	-4	-5
752	20	0	0	1000	0	20	-1	-4	-5
753	20	0	0	1000	0	20	-1	-4	-5
754	20	0	0	1000	0	20	-1	-4	-5
755	20	0	0	1000	0	20	-1	-4	-5
756	20	0	0	1000	0	20	-1	-4	-5
757	20	0	0	1000	0	20	-1	-4	-5
758	20	0	0	1000	0	20	-1	-4	-5
759	20	0	0	1000	0	20	-1	-4	-5
760	20	0	0	1000	0	20	-1	-4	-5
761	20	0	0	1000	0	20	-1	-4	-5
762	20	0	0	1000	0	20	-1	-4	-5
763	20	0	0	1000	0	20	-1	-4	-5
764	20	0	0	1000	0	20	-1	-4	-5
765	20	0	0	1000	0	20	-1	-4	-5
766	20	0	0	1000	0	20	-1	-4	-5
767	20	0	0	1000	0	20	-1	-4	-5
768	20	0	0	1000	0	20	-1	-4	-5
769	20	0	0	1000	0	20	-1	-4	-5
770	20	0	0	1000	0	20	-1	-4	-5
771	20	0	0	1000	0	20	-1	-4	-5
772	20	0	0	1000	0	20	-1	-4	-5
773	20	0	0	1000	0	20	-1	-4	-5
774	20	0	0	1000	0	20	-1	-4	-5
775	20	0	0	1000	0	20	-1	-4	-5
776	20	0	0	1000	0	20	-1	-4	-5
777	20	0	0	1000	0	20	-1	-4	-5
778	20	0	0	1000	0	20	-1	-4	-5
779	20	0	0	1000	0	20	-1	-4	-5
780	20	0	0	1000	0	20	-1	-4	-5
781	20	0	0	1000	0	20	-1	-4	-5
782	20	0	0	1000	0	20	-1	-4	-5
783	20	0	0	1000	0	20	-1	-4	-5
784	20	0	0	1000	0	20	-1	-4	-5
785	20	0	0	1000	0	20	-1	-4	-5
786	20	0	0	1000	0	20	-1	-4	-5
787	20	0	0	1000	0	20	-1	-4	-5
788	20	0	0	1000	0	20	-1	-4	-5
789	20	0	0	1000	0	20	-1	-4	-5
790	20	0	0	1000	0	20	-1	-4	-5
791	20	0	0	1000	0	20	-1	-4	-5
792	20	0	0	1000	0	20	-1	-4	-5
793	20	0	0	1000	0	20	-1	-4	-5
794	20	0	0	1000	0	20	-1	-4	-5
795	20	0	0	1000	0	20	-1	-4	-5
796	20	0	0	1000	0	20	-1	-4	-5
797	20	0	0	1000	0	20	-1	-4	-5
798	20	0	0	1000	0	20	-1	-4	-5
799	20	0	0	1000	0	20	-1	-4	-5
800	20	0	0	1000	0	20	-1	-4	-5
801	20	0	0	1000	0	20	-1	-4	-5
802	20	0	0	1000	0	20	-1	-4	-5
803	20	0	0	1000	0	20	-1	-4	-5
804	20	0	0	1000	0	20	-1	-4	-5
805	20	0	0	1000	0	20	-1	-4	-5
806	20	0	0	1000	0	20	-1	-4	-5
807	20	0	0	1000	0	20	-1	-4	-5
808	20	0	0	1000	0	20	-1	-4	-5
809	20	0	0	1000	0	20	-1	-4	-5
810	20	0	0	1000	0	20	-1	-4	-5
811	20	0	0	1000	0	20	-1	-4	-5
812	20	0	0	1000	0	20	-1	-4	-5
813	20	0	0	1000	0	20	-1	-4	-5
814	20	0	0	1000	0	20	-1	-4	-5
815	20	0	0	1000	0	20	-1	-4	-5
816	20	0	0	1000	0	20	-1	-4	-5
817	20	0	0	1000	0	20	-1	-4	-5
818	20	0	0	1000	0	20	-1	-4	-5
819	20	0	0	1000	0	20	-1	-4	-5
820	20	0	0	1000	0	20	-1	-4	-5
821	20	0	0	1000	0	20	-1	-4	-5
822	20	0	0	1000	0	20	-1	-4	-5
823	20	0	0	1000	0	20	-1	-4	-5
824	20	0	0	1000	0	20	-1	-4	-5
825	20	0	0	1000	0	20	-1	-4	-5
826	20	0	0	1000	0	20	-1	-4	-5
827	20	0	0	1000	0	20	-1	-4	-5
828	20	0	0	1000	0	20	-1	-4	-5
829	20	0	0	1000	0	20	-1	-4	-5
830	20	0	0	1000	0	20	-1	-4	-5
831	20	0	0	1000	0	20	-1	-4	-5
832	20	0	0	1000	0	20	-1	-4	-5
833	20	0	0	1000	0	20	-1	-4	-5
834	20	0	0	1000	0	20	-1	-4	-5
835	20	0	0	1000	0	20	-1	-4	-5
836	20	0	0	1000	0	20	-1	-4	-5
837	20	0	0	1000	0	20	-1	-4	-5
838	20	0	0	1000	0	20	-1	-4	-5
839	20	0	0	1000	0	20	-1	-4	-5
840	20	0	0	1000	0	20	-1	-4	-5
841	20	0	0	1000	0	20	-1	-4	-5
842	20	0	0	1000	0	20	-1	-4	-5
843	20	0	0	1000	0	20	-1	-4	-5
844	20	0	0	1000	0	20	-1	-4	-5
845	20	0	0	1000	0	20	-1	-4	-5
846	20	0	0	1000	0	20	-1	-4	-5
847	20	0	0	1000	0	20	-1	-4	-5
848	20	0	0	1000	0	20	-1	-4	-5
849	20	0	0	1000	0	20	-1	-4	-5
850	20	0	0	1000	0	20	-1	-4	-5
851	20	0	0	1000	0	20	-1	-4	-5
852	20	0	0	1000	0	20	-1	-4	-5
853	20	0	0	1000	0	20	-1	-4	-5
854	20	0	0	1000	0	20	-1	-4	-5
855	20	0	0	1000	0	20	-1	-4	-5
856	20	0	0	1000	0	20	-1	-4	-5
857	20	0	0	1000	0	20	-1	-4	-5
858	20	0	0	1000	0	20	-1	-4	-5
859	20	0	0	1000	0	20	-1	-4	-5
860	20	0	0	1000	0	20	-1	-4	-5
861	20	0	0	1000	0	20	-1	-4	-5
862	20	0	0	1000	0	20	-1	-4	-5
863	20	0	0	1000	0	20	-1	-4	-5
864	20	0	0	1000	0	20	-1	-4	-5
865	20	0	0	1000	0	20	-1	-4	-5
866	20	0	0	1000	0	20	-1	-4	-5
867	20	0	0	1000	0	20	-1	-4	-5
868	20	0	0	1000	0	20	-1	-4	-5
869	20	0	0	1000	0	20	-1	-4	-5
870	20	0	0	1000	0	20	-1	-4	-5
871	20	0	0	1000	0	20	-1	-4	-5
872	20	0	0	1000	0	20	-1	-4	-5
873	20	0	0	1000	0	20	-1	-4	-5
874	20	0	0	1000	0	20	-1	-4	-5
875	20	0	0	1000	0	20	-1	-4	-5
876	20	0	0	1000	0	20	-1	-4	-5
877	20	0	0	1000	0	20	-1	-4	-5
878	20	0	0	1000	0	20	-1	-4	-5
879	20	0	0	1000	0	20	-1	-4	-5
880	20	0	0	1000	0	20	-1	-4	-5
881	20	0	0	1000	0	20	-1	-4	-5
882	20	0	0	1000	0	20	-1	-4	-5
883	20	0	0	1000	0	20	-1	-4	-5
884	20	0	0	1000	0	20	-1	-4	-5
885	20	0	0	1000	0	20	-1	-4	-5
886	20	0	0	1000	0	20	-1	-4	-5
887	20	0	0	1000	0	20	-1	-4	-5
888	20	0	0	1000	0	20	-1	-4	-5
889	20	0	0	1000	0	20	-1	-4	-5
890	20	0	0	1000	0	20	-1	-4	-5
891	20	0	0	1000	0	20	-1	-4	-5
892	20	0	0	1000	0	20	-1	-4	-5
893	20	0	0	1000	0	20	-1	-4	-5
894	20	0	0	1000	0	20	-1	-4	-5
895	20	0	0	1000	0	20	-1	-4	-5
896	20	0	0	1000	0	20	-1	-4	-5
897	20	0	0	1000	0	20	-1	-4	-5
898	20	0	0	1000	0	20	-1	-4	-5
899	20	0	0	1000	0	20	-1	-4	-5
900	20	0	0	1000	0	20	-1	-4	-5
901	20	0	0	1000	0	20	-1	-4	-5
902	20	0	0	1000	0	20	-1	-4	-5
903	20	0	0	1000	0	20	-1	-4	-5
904	20	0	0	1000	0	20	-1	-4	-5
905	20	0	0	1000	0	20	-1	-4	-5
906	20	0	0	1000	0	20	-1	-4	-5
907	20	0	0	1000	0	20	-1	-4	-5
908	20	0	0	1000	0	20	-1	-4	-5
909	20	0	0	1000	0	20	-1	-4	-5
910	20	0	0	1000	0	20	-1	-4	-5
911	20	0	0	1000	0	20	-1	-4	-5
912	20	0	0	1000	0	20	-1	-4	-5
913	20	0	0	1000	0	20	-1	-4	-5
914	20	0	0	1000	0	20	-1	-4	-5
915	20	0	0	1000	0	20	-1	-4	-5
916	20	0	0	1000	0	20	-1	-4	-5
917	20	0	0	1000	0	20	-1	-4	-5
918	20	0	0	1000	0	20	-1	-4	-5
919	20	0	0	1000	0	20	-1	-4	-5
920	20	0	0	1000	0	20	-1	-4	-5
921	20	0	0	1000	0	20	-1	-4	-5
922	20	0	0	1000	0	20	-1	-4	-5
923	20	0	0	1000	0	20	-1	-4	-5
924	20	0	0	1000	0	20	-1	-4	-5
925	20	0	0	1000	0	20	-1	-4	-5
926	20	0	0	1000	0	20	-1	-4	-5
927	20	0	0	1000	0	20	-1	-4	-5
928	20	0	0	1000	0	20	-1	-4	-5
929	20	0	0	1000	0	20	-1	-4	-5
930	20	0	0	1000	0	20	-1	-4	-5
931	20	0	0	1000	0	20	-1	-4	-5
932	20	0	0	1000	0	20	-1	-4	-5
933	20	0	0	1000	0	20	-1	-4	-5
934	20	0	0	1000	0	20	-1	-4	-5
935	20	0	0	1000	0	20	-1	-4	-5
936	20	0	0	1000	0	20	-1	-4	-5
937	20	0	0	1000	0	20	-1	-4	-5
938	20	0	0	1000	0	20	-1	-4	-5
939	20	0	0	1000	0	20	-1	-4	-5
940	20	0	0	1000	0	20	-1	-4	-5
941	20	0	0	1000	0	20	-1	-4	-5
942	20	0	0	1000	0	20	-1	-4	-5
943	20	0	0	1000	0	20	-1	-4	-5
944	20	0	0	1000	0	20	-1	-4	-5
945	20	0	0	1000	0	20	-1	-4	-5
946	20	0	0	1000	0	20	-1	-4	-5
947	20	0	0	1000	0	20	-1	-4	-5
948	20	0	0	1000	0	20	-1	-4	-5
949	20	0	0	1000	0	20	-1	-4	-5
950	20	0	0	1000	0	20	-1	-4	-5
951	20	0	0	1000	0	20	-1	-4	-5
952	20	0	0	1000	0	20	-1	-4	-5
953	20	0	0	1000	0	20	-1	-4	-5
954	20	0	0	1000	0	20	-1	-4	-5
955	20	0	0	1000	0	20	-1	-4	-5
956	20	0	0	1000	0	20	-1	-4	-5
957	20	0	0	1000	0	20	-1	-4	-5
958	20	0	0	1000	0	20	-1	-4	-5
959	20	0	0	1000	0	20	-1	-4	-5
960	20	0	0	1000	0	20	-1	-4	-5
961	20	0	0	1000	0	20	-1	-4	-5
962	20	0	0	1000	0	20	-1	-4	-5
963	20	0	0	1000	0	20	-1	-4	-5
964	20	0	0	1000	0	20	-1	-4	-5
965	20	0	0	1000	0	20	-1	-4	-5
966	20	0	0	1000	0	20	-1	-4	-5
967	20	0	0	1000	0	20	-1	-4	-5
968	20	0	0	1000	0	20	-1	-4	-5
969	20	0	0	1000	0	20	-1	-4	-5
970	20	0	0	1000	0	20	-1	-4	-5
971	20	0	0	1000	0	20	-1	-4	-5
972	20	0	0	1000	0	20	-1	-4	-5
973	20	0	0	1000	0	20	-1	-4	-5
974	20	0	0	1000	0	20	-1	-4	-5
975	20	0	0	1000	0	20	-1	-4	-5
976	20	0	0	1000	0	20	-1	-4	-5
977	20	0	0	1000	0	20	-1	-4	-5
978	20	0	0	1000	0	20	-1	-4	-5
979	20	0	0	1000	0	20	-1	-4	-5
980	20	0	0	1000	0	20	-1	-4	-5
981	20	0	0	1000	0	20	-1	-4	-5
982	20	0	0	1000	0	20	-1	-4	-5
983	20	0	0	1000	0	20	-1	-4	-5
984	20	0	0	1000	0	20	-1	-4	-5
985	20	0	0	1000	0	20	-1	-4	-5
986	20	0	0	1000	0	20	-1	-4	-5
987	20	0	0	1000	0	20	-1	-4	-5
988	20	0	0	1000	0	20	-1	-4	-5
989	20	0	0	1000	0	20	-1	-4	-5
990	20	0	0	1000	0	20	-1	-4	-5
991	20	0	0	1000	0	20	-1	-4	-5
992	20	0	0	1000	0	20	-1	-4	-5
993	20	0	0	1000	0	20	-1	-4	-5
994	20	0	0	1000	0	20	-1	-4	-5
995	20	0	0	1000	0	20	-1	-4	-5
996	20	0	0	1000	0	20	-1	-4	-5
997	20	0	0	1000	0	20	-1	-4	-5
998	20	0	0	1000	0	20	-1	-4	-5
999	20	0	0	1000	0	20	-1	-4	-5
1000	20	0	0	1000	0	20	-1	-4	-5
1001	20	0	0	1000	0	20	-1	-4	-5
1002	20	0	0	1000	0	20	-1	-4	-5
1003	20	0	0	1000	0	20	-1	-4	-5
1004	20	0	0	1000	0	20	-1	-4	-5
1005	20	0	0	1000	0	20	-1	-4	-5
1006	20	0	0	1000	0	20	-1	-4	-5
1007	20	0	0	1000	0	20	-1	-4	-5
1008	20	0	0	1000	0	20	-1	-4	-5
1009	20	0	0	1000	0	20	-1	-4	-5
1010	20	0	0	1000	0	20	-1	-4	-5
1011	20	0	0	1000	0	20	-1	-4	-5
1012	20	0	0	1000	0	20	-1	-4	-5
1013	20	0	0	1000	0	20	-1	-4	-5
1014	20	0	0	1000	0	20	-1	-4	-5
1015	20	0	0	1000	0	20	-1	-4	-5
1016	20	0	0	1000	0	20	-1	-4	-5
1017	20	0	0	1000	0	20	-1	-4	-5
1018	20	0	0	1000	0	20	-1	-4	-5
1019	20	0	0	1000	0	20	-1	-4	-5
1020	20	0	0	1000	0	20	-1	-4	-5
1021	20	0	0	1000	0	20	-1	-4	-5
1022	20	0	0	1000	0	20	-1	-4	-5
1023	20	0	0	1000	0	20	-1	-4	-5
1024	20	0	0	1000	0	20	-1	-4	-5
1025	20	0	0	1000	0	20	-1	-4	-5
1026	20	0	0	1000	0	20	-1	-4	-5
1027	20	0	0	1000	0	20	-1	-4	-5
1028	20	0	0	1000	0	20	-1	-4	-5
1029	20	0	0	1000	0	20	-1	-4	-5
1030	20	0	0	1000	0	20	-1	-4	-5
1031	20	0	0	1000	0	20	-1	-4	-5
1032	20	0	0	1000	0	20	-1	-4	-5
1033	20	0	0	1000	0	20	-1	-4	-5
1034	20	0	0	1000	0	20	-1	-4	-5
1035	20	0	0	1000	0	20	-1	-4	-5
1036	20	0	0	1000	0	20	-1	-4	-5
1037	20	0	0	1000	0	20	-1	-4	-5
1038	20	0	0	1000	0	20	-1	-4	-5
1039	20	0	0	1000	0	20	-1	-4	-5
1040	20	0	0	1000	0	20	-1	-4	-5
1041	20	0	0	1000	0	20	-1	-4	-5
1042	20	0	0	1000	0	20	-1	-4	-5
1043	20	0	0	1000	0	20	-1	-4	-5
1044	20	0	0	1000	0	20	-1	-4	-5
1045	20	0	0	1000	0	20	-1	-4	-5
1046	20	0	0	1000	0	20	-1	-4	-5
1047	20	0	0	1000	0	20	-1	-4	-5
1048	20	0	0	1000	0	20	-1	-4	-5
1049	20	0	0	1000	0	20	-1	-4	-5
1050	20	0	0	1000	0	20	-1	-4	-5
1051	20	0	0	1000	0	20	-1	-4	-5
1052	20	0	0	1000	0	20	-1	-4	-5
1053	20	0	0	1000	0	20	-1	-4	-5
1054	20	0	0	1000	0	20	-1	-4	-5
1055	20	0	0	1000	0	20	-1	-4	-5
1056	20	0	0	1000	0	20	-1	-4	-5
1057	20	0	0	1000	0	20	-1	-4	-5
1058	20	0	0	1000	0	20	-1	-4	-5
1059	20	0	0	1000	0	20	-1	-4	-5
1060	20	0	0	1000	0	20	-1	-4	-5
1061	20	0	0	1000	0	20	-1	-4	-5
1062	20	0	0	1000	0	20	-1	-4	-5
1063	20	0	0	1000	0	20	-1	-4	-5
1064	20	0	0	1000	0	20	-1	-4	-5
1065	20	0	0	1000	0	20	-1	-4	-5
1066	20	0	0	1000	0	20	-1	-4	-5
1067	20	0	0	1000	0	20	-1	-4	-5
1068	20	0	0	1000	0	20	-1	-4	-5
1069	20	0	0	1000	0	20	-1	-4	-5
1070	20	0	0	1000	0	20	-1	-4	-5
1071	20	0	0	1000	0	20	-1	-4	-5
1072	20	0	0	1000	0	20	-1	-4	-5
1073	20	0	0	1000	0	20	-1	-4	-5
1074	20	0	0	1000	0	20	-1	-4	-5
1075	20	0	0	1000	0	20	-1	-4	-5
1076	20	0	0	1000	0	20	-1	-4	-5
1077	20	0	0	1000	0	20	-1	-4	-5
1078	20	0	0	1000	0	20	-1	-4	-5
1079	20	0	0	1000	0	20	-1	-4	-5
1080	20	0	0	1000	0	20	-1	-4	-5
1081	20	0	0	1000	0	20	-1	-4	-5
1082	20	0	0	1000	0	20	-1	-4	-5
1083	20	0	0	1000	0	20	-1	-4	-5
1084	20	0	0	1000	0	20	-1	-4	-5
1085	20	0	0	1000	0	20	-1	-4	-5
1086	20	0	0	1000	0	20	-1	-4	-5
1087	20	0	0	1000	0	20	-1	-4	-5
1088	20	0	0	1000	0	20	-1	-4	-5
1089	20	0	0	1000	0	20	-1	-4	-5
1090	20	0	0	1000	0	20	-1	-4	-5
1091	20	0	0	1000	0	20	-1	-4	-5
1092	20	0	0	1000	0	20	-1	-4	-5
1093	20	0	0	1000	0	20	-1	-4	-5
1094	20	0	0	1000	0	20	-1	-4	-5
1095	20	0	0	1000	0	20	-1	-4	-5
1096	20	0	0	1000	0	20	-1	-4	-5
1097	20	0	0	1000	0	20	-1	-4	-5
1098	20	0	0	1000	0	20	-1	-4	-5
1099	20	0	0	1000	0	20	-1	-4	-5
1100	20	0	0	1000	0	20	-1	-4	-5
1101	20	0	0	1000	0	20	-1	-4	-5
1102	20	0	0	1000	0	20	-1	-4	-5
1103	20	0	0	1000	0	20	-1	-4	-5
1104	20	0	0	1000	0	20	-1	-4	-5
1105	20	0	0	1000	0	20	-1	-4	-5
1106	20	0	0	1000	0	20	-1	-4	-5
1107	20	0	0	1000	0	20	-1	-4	-5
1108	20	0	0	1000	0	20	-1	-4	-5
1109	20	0	0	1000	0	20	-1	-4	-5
1110	20	0	0	1000	0	20	-1	-4	-5
1111	20	0	0	1000	0	20	-1	-4	-5
1112	20	0	0	1000	0	20	-1	-4	-5
1113	20	0	0	1000	0	20	-1	-4	-5
1114	20	0	0	1000	0	20	-1	-4	-5
1115	20	0	0	1000	0	20	-1	-4	-5
1116	20	0	0	1000	0	20	-1	-4	-5
1117	20	0	0	1000	0	20	-1	-4	-5
1118	20	0	0	1000	0	20	-1	-4	-5
1119	20	0	0	1000	0	20	-1	-4	-5
1120	20	0	0	1000	0	20	-1	-4	-5
1121	20	0	0	1000	0	20	-1	-4	-5
1122	20	0	0	1000	0	20	-1	-4	-5
1123	20	0	0	1000	0	20	-1	-4	-5
1124	20	0	0	1000	0	20	-1	-4	-5
1125	20	0	0	1000	0	20	-1	-4	-5
1126	20	0	0	1000	0	20	-1	-4	-5
1127	20	0	0	1000	0	20	-1	-4	-5
1128	20	0	0	1000	0	20	-1	-4	-5
1129	20	0	0	1000	0	20	-1	-4	-5
1130	20	0	0	1000	0	20	-1	-4	-5
1131	20	0	0	1000	0	20	-1	-4	-5
1132	20	0	0	1000	0	20	-1	-4	-5
1133	20	0	0	1000	0	20	-1	-4	-5
1134	20	0	0	1000	0	20	-1	-4	-5
1135	20	0	0	1000	0	20	-1	-4	-5
1136	20	0	0	1000	0	20	-1	-4	-5
1137	20	0	0	1000	0	20	-1	-4	-5
1138	20	0	0	1000	0	20	-1	-4	-5
1139	20	0	0	1000	0	20	-1	-4	-5
1140	20	0	0	1000	0	20	-1	-4	-5
1141	20	0	0	1000	0	20	-1	-4	-5
1142	20	0	0	1000	0	20	-1	-4	-5
1143	20	0	0	1000	0	20	-1	-4	-5
1144	20	0	0	1000	0	20	-1	-4	-5
1145	20	0	0	1000	0	20	-1	-4	-5
1146	20	0	0	1000	0	20	-1	-4	-5
1147	20	0	0	1000	0	20	-1	-4	-5
1148	20	0	0	1000	0	20	-1	-4	-5
1149	20	0	0	1000	0	20	-1	-4	-5
1150	20	0	0	1000	0	20	-1	-4	-5
1151	20	0	0	1000	0	20	-1	-4	-5
1152	20	0	0	1000	0	20	-1	-4	-5
1153	20	0	0	1000	0	20	-1	-4	-5
1154	20	0	0	1000	0	20	-1	-4	-5
1155	20	0	0	1000	0	20	-1	-4	-5
1156	20	0	0	1000	0	20	-1	-4	-5
1157	20	0	0	1000	0	20	-1	-4	-5
1158	20	0	0	1000	0	20	-1	-4	-5
1159	20	0	0	1000	0	20	-1	-4	-5
1160	20	0	0	1000	0	20	-1	-4	-5
1161	20	0	0	1000	0	20	-1	-4	-5
1162	20	0	0	1000	0	20	-1	-4	-5
1163	20	0	0	1000	0	20	-1	-4	-5
1164	20	0	0	1000	0	20	-1	-4	-5
1165	20	0	0	1000	0	20	-1	-4	-5
1166	20	0	0	1000	0	20	-1	-4	-5
1167	20	0	0	1000	0	20	-1	-4	-5
1168	20	0	0	1000	0	20	-1	-4	-5
1169	20	0	0	1000	0	20	-1	-4	-5
1170	20	0	0	1000	0	20	-1	-4	-5
1171	20	0	0	1000	0	20	-1	-4	-5
1172	20	0	0	1000	0	20	-1	-4	-5
1173	20	0	0	1000	0	20	-1	-4	-5
1174	20	0	0	1000	0	20	-1	-4	-5
1175	20	0	0	1000	0	20	-1	-4	-5
1176	20	0	0	1000	0	20	-1	-4	-5
1177	20	0	0	1000	0	20	-1	-4	-5
1178	20	0	0	1000	0	20	-1	-4	-5
1179	20	0	0	1000	0	20	-1	-4	-5
1180	20	0	0	1000	0	20	-1	-4	-5
1181	20	0	0	1000	0	20	-1	-4	-5
1182	20	1	0	1000	1181	20	28	-4	-5
1183	20	1	0	1000	1181	20	28	-4	-5
1184	20	1	0	1000	1181	20	28	-4	-5
1185	20	1	0	1000	1181	20	28	-4	-5
1186	20	1	0	1000	1181	20	28	-4	-5
1187	20	1	0	1000	1181	20	28	-4	-5
1188	20	1	0	1000	1181	20	28	-4	-5
1189	20	1	0	1000	1181	20	28	-4	-5
1190	20	1	0	1000	1181	20	28	-4	-5
1191	20	1	0	1000	1181	20	28	-4	-5
1192	20	1	0	1000	1181	20	28	-4	-5
1193	20	1	0	1000	1181	20	28	-4	-5
1194	20	1	0	1000	1181	20	28	-4	-5
1195	20	1	0	1000	1181	20	28	-4	-5
1196	20	1	0	1000	1181	20	28	-4	-5
1197	20	1	0	1000	1181	20	28	-4	-5
1198	20	1	0	1000	1181	20	28	-4	-5
1199	20	1	0	1000	1181	20	28	-4	-5
1200	20	1	0	1000	1181	20	28	-4	-5
1201	20	1	0	1000	1181	20	28	-4	-5
1202	20	1	0	1000	1181	20	28	-4	-5
1203	20	1	0	1000	1181	20	28	-4	-5
1204	20	1	0	1000	1181	20	28	-4	-5
1205	20	1	0	1000	1181	20	28	-4	-5
1206	20	1	0	1000	1181	20	28	-4	-5
1207	20	1	0	1000	1181	20	28	-4	-5
1208	20	1	0	1000	1181	20	28	-4	-5
1209	20	1	0	1000	1181	20	28	-4	-5
1210	20	1	0	1000	1181	20	28	-4	-5
1211	20	1	0	1000	1181	20	28	-4	-5
1212	20	1	0	1000	1181	20	28	-4	-5
1213	20	1	0	1000	1181	20	28	-4	-5
1214	20	1	0	1000	1181	20	28	-4	-5
1215	20	1	0	1000	1181	20	28	-4	-5
1216	20	1	0	1000	1181	20	28	-4	-5
