1	7	0	0	1000	0	7	-1	1	2
2	7	0	0	1000	0	7	-1	1	2
3	7	0	0	1000	0	7	-1	1	2
4	7	0	0	1000	0	7	-1	1	2
5	7	0	0	1000	0	7	-1	1	2
6	7	0	0	1000	0	7	-1	1	2
7	7	0	0	1000	0	7	-1	1	2
8	7	0	0	1000	0	7	-1	1	2
9	7	0	0	1000	0	7	-1	1	2
10	7	0	0	1000	0	7	-1	1	2
11	7	0	0	1000	0	7	-1	1	2
12	7	0	0	1000	0	7	-1	1	2
13	7	0	0	1000	0	7	-1	1	2
14	7	0	0	1000	0	7	-1	1	2
15	7	0	0	1000	0	7	-1	1	2
16	7	0	0	1000	0	7	-1	1	2
17	7	0	0	1000	0	7	-1	1	2
18	7	0	0	1000	0	7	-1	1	2
19	7	0	0	1000	0	7	-1	1	2
20	7	0	0	1000	0	7	-1	1	2
21	7	0	0	1000	0	7	-1	1	2
22	7	0	0	1000	0	7	-1	1	2
23	7	0	0	1000	0	7	-1	1	2
24	7	0	0	1000	0	7	-1	1	2
25	7	0	0	1000	0	7	-1	1	2
26	7	0	0	1000	0	7	-1	1	2
27	7	0	0	1000	0	7	-1	1	2
28	7	0	0	1000	0	7	-1	1	2
29	7	0	0	1000	0	7	-1	1	2
30	7	0	0	1000	0	7	-1	1	2
31	7	0	0	1000	0	7	-1	1	2
32	7	0	0	1000	0	7	-1	1	2
33	7	0	0	1000	0	7	-1	1	2
34	7	0	0	1000	0	7	-1	1	2
35	7	0	0	1000	0	7	-1	1	2
36	7	0	0	1000	0	7	-1	1	2
37	7	0	0	1000	0	7	-1	1	2
38	7	0	0	1000	0	7	-1	1	2
39	7	0	0	1000	0	7	-1	1	2
40	7	0	0	1000	0	7	-1	1	2
41	7	0	0	1000	0	7	-1	1	2
42	7	0	0	1000	0	7	-1	1	2
43	7	0	0	1000	0	7	-1	1	2
44	7	0	0	1000	0	7	-1	1	2
45	7	0	0	1000	0	7	-1	1	2
46	7	0	0	1000	0	7	-1	1	2
47	7	0	0	1000	0	7	-1	1	2
48	7	0	0	1000	0	7	-1	1	2
49	7	0	0	1000	0	7	-1	1	2
50	7	0	0	1000	0	7	-1	1	2
51	7	0	0	1000	0	7	-1	1	2
52	7	0	0	1000	0	7	-1	1	2
53	7	0	0	1000	0	7	-1	1	2
54	7	0	0	1000	0	7	-1	1	2
55	7	0	0	1000	0	7	-1	1	2
56	7	0	0	1000	0	7	-1	1	2
57	7	0	0	1000	0	7	-1	1	2
58	7	0	0	1000	0	7	-1	1	2
59	7	0	0	1000	0	7	-1	1	2
60	7	0	0	1000	0	7	-1	1	2
61	7	0	0	1000	0	7	-1	1	2
62	7	0	0	1000	0	7	-1	1	2
63	7	0	0	1000	0	7	-1	1	2
64	7	0	0	1000	0	7	-1	1	2
65	7	0	0	1000	0	7	-1	1	2
66	7	0	0	1000	0	7	-1	1	2
67	7	0	0	1000	0	7	-1	1	2
68	7	0	0	1000	0	7	-1	1	2
69	7	0	0	1000	0	7	-1	1	2
70	7	0	0	1000	0	7	-1	1	2
71	7	0	0	1000	0	7	-1	1	2
72	7	0	0	1000	0	7	-1	1	2
73	7	0	0	1000	0	7	-1	1	2
74	7	0	0	1000	0	7	-1	1	2
75	7	0	0	1000	0	7	-1	1	2
76	7	0	0	1000	0	7	-1	1	2
77	7	0	0	1000	0	7	-1	1	2
78	7	0	0	1000	0	7	-1	1	2
79	7	0	0	1000	0	7	-1	1	2
80	7	0	0	1000	0	7	-1	1	2
81	7	0	0	1000	0	7	-1	1	2
82	7	0	0	1000	0	7	-1	1	2
83	7	0	0	1000	0	7	-1	1	2
84	7	0	0	1000	0	7	-1	1	2
85	7	0	0	1000	0	7	-1	1	2
86	7	0	0	1000	0	7	-1	1	2
87	7	0	0	1000	0	7	-1	1	2
88	7	0	0	1000	0	7	-1	1	2
89	7	0	0	1000	0	7	-1	1	2
90	7	0	0	1000	0	7	-1	1	2
91	7	0	0	1000	0	7	-1	1	2
92	7	0	0	1000	0	7	-1	1	2
93	7	0	0	1000	0	7	-1	1	2
94	7	0	0	1000	0	7	-1	1	2
95	7	0	0	1000	0	7	-1	1	2
96	7	0	0	1000	0	7	-1	1	2
97	7	0	0	1000	0	7	-1	1	2
98	7	0	0	1000	0	7	-1	1	2
99	7	0	0	1000	0	7	-1	1	2
100	7	0	0	1000	0	7	-1	1	2
101	7	0	0	1000	0	7	-1	1	2
102	7	0	0	1000	0	7	-1	1	2
103	7	0	0	1000	0	7	-1	1	2
104	7	0	0	1000	0	7	-1	1	2
105	7	0	0	1000	0	7	-1	1	2
106	7	0	0	1000	0	7	-1	1	2
107	7	0	0	1000	0	7	-1	1	2
108	7	0	0	1000	0	7	-1	1	2
109	7	0	0	1000	0	7	-1	1	2
110	7	0	0	1000	0	7	-1	1	2
111	7	0	0	1000	0	7	-1	1	2
112	7	0	0	1000	0	7	-1	1	2
113	7	0	0	1000	0	7	-1	1	2
114	7	0	0	1000	0	7	-1	1	2
115	7	0	0	1000	0	7	-1	1	2
116	7	0	0	1000	0	7	-1	1	2
117	7	0	0	1000	0	7	-1	1	2
118	7	0	0	1000	0	7	-1	1	2
119	7	0	0	1000	0	7	-1	1	2
120	7	0	0	1000	0	7	-1	1	2
121	7	0	0	1000	0	7	-1	1	2
122	7	0	0	1000	0	7	-1	1	2
123	7	0	0	1000	0	7	-1	1	2
124	7	0	0	1000	0	7	-1	1	2
125	7	0	0	1000	0	7	-1	1	2
126	7	0	0	1000	0	7	-1	1	2
127	7	0	0	1000	0	7	-1	1	2
128	7	0	0	1000	0	7	-1	1	2
129	7	0	0	1000	0	7	-1	1	2
130	7	0	0	1000	0	7	-1	1	2
131	7	0	0	1000	0	7	-1	1	2
132	7	0	0	1000	0	7	-1	1	2
133	7	0	0	1000	0	7	-1	1	2
134	7	0	0	1000	0	7	-1	1	2
135	7	0	0	1000	0	7	-1	1	2
136	7	0	0	1000	0	7	-1	1	2
137	7	0	0	1000	0	7	-1	1	2
138	7	0	0	1000	0	7	-1	1	2
139	7	0	0	1000	0	7	-1	1	2
140	7	0	0	1000	0	7	-1	1	2
141	7	0	0	1000	0	7	-1	1	2
142	7	0	0	1000	0	7	-1	1	2
143	7	0	0	1000	0	7	-1	1	2
144	7	0	0	1000	0	7	-1	1	2
145	7	0	0	1000	0	7	-1	1	2
146	7	0	0	1000	0	7	-1	1	2
147	7	0	0	1000	0	7	-1	1	2
148	7	0	0	1000	0	7	-1	1	2
149	7	0	0	1000	0	7	-1	1	2
150	7	0	0	1000	0	7	-1	1	2
151	7	0	0	1000	0	7	-1	1	2
152	7	0	0	1000	0	7	-1	1	2
153	7	0	0	1000	0	7	-1	1	2
154	7	0	0	1000	0	7	-1	1	2
155	7	0	0	1000	0	7	-1	1	2
156	7	0	0	1000	0	7	-1	1	2
157	7	0	0	1000	0	7	-1	1	2
158	7	0	0	1000	0	7	-1	1	2
159	7	0	0	1000	0	7	-1	1	2
160	7	0	0	1000	0	7	-1	1	2
161	7	0	0	1000	0	7	-1	1	2
162	7	0	0	1000	0	7	-1	1	2
163	7	0	0	1000	0	7	-1	1	2
164	7	0	0	1000	0	7	-1	1	2
165	7	0	0	1000	0	7	-1	1	2
166	7	0	0	1000	0	7	-1	1	2
167	7	0	0	1000	0	7	-1	1	2
168	7	0	0	1000	0	7	-1	1	2
169	7	0	0	1000	0	7	-1	1	2
170	7	0	0	1000	0	7	-1	1	2
171	7	0	0	1000	0	7	-1	1	2
172	7	0	0	1000	0	7	-1	1	2
173	7	0	0	1000	0	7	-1	1	2
174	7	0	0	1000	0	7	-1	1	2
175	7	0	0	1000	0	7	-1	1	2
176	7	0	0	1000	0	7	-1	1	2
177	7	0	0	1000	0	7	-1	1	2
178	7	0	0	1000	0	7	-1	1	2
179	7	0	0	1000	0	7	-1	1	2
180	7	0	0	1000	0	7	-1	1	2
181	7	0	0	1000	0	7	-1	1	2
182	7	0	0	1000	0	7	-1	1	2
183	7	0	0	1000	0	7	-1	1	2
184	7	0	0	1000	0	7	-1	1	2
185	7	0	0	1000	0	7	-1	1	2
186	7	0	0	1000	0	7	-1	1	2
187	7	0	0	1000	0	7	-1	1	2
188	7	0	0	1000	0	7	-1	1	2
189	7	0	0	1000	0	7	-1	1	2
190	7	0	0	1000	0	7	-1	1	2
191	7	0	0	1000	0	7	-1	1	2
192	7	0	0	1000	0	7	-1	1	2
193	7	0	0	1000	0	7	-1	1	2
194	7	0	0	1000	0	7	-1	1	2
195	7	0	0	1000	0	7	-1	1	2
196	7	0	0	1000	0	7	-1	1	2
197	7	0	0	1000	0	7	-1	1	2
198	7	0	0	1000	0	7	-1	1	2
199	7	0	0	1000	0	7	-1	1	2
200	7	0	0	1000	0	7	-1	1	2
201	7	0	0	1000	0	7	-1	1	2
202	7	0	0	1000	0	7	-1	1	2
203	7	0	0	1000	0	7	-1	1	2
204	7	0	0	1000	0	7	-1	1	2
205	7	0	0	1000	0	7	-1	1	2
206	7	0	0	1000	0	7	-1	1	2
207	7	0	0	1000	0	7	-1	1	2
208	7	0	0	1000	0	7	-1	1	2
209	7	0	0	1000	0	7	-1	1	2
210	7	0	0	1000	0	7	-1	1	2
211	7	0	0	1000	0	7	-1	1	2
212	7	0	0	1000	0	7	-1	1	2
213	7	0	0	1000	0	7	-1	1	2
214	7	0	0	1000	0	7	-1	1	2
215	7	0	0	1000	0	7	-1	1	2
216	7	0	0	1000	0	7	-1	1	2
217	7	0	0	1000	0	7	-1	1	2
218	7	0	0	1000	0	7	-1	1	2
219	7	0	0	1000	0	7	-1	1	2
220	7	0	0	1000	0	7	-1	1	2
221	7	0	0	1000	0	7	-1	1	2
222	7	0	0	1000	0	7	-1	1	2
223	7	0	0	1000	0	7	-1	1	2
224	7	0	0	1000	0	7	-1	1	2
225	7	0	0	1000	0	7	-1	1	2
226	7	0	0	1000	0	7	-1	1	2
227	7	0	0	1000	0	7	-1	1	2
228	7	0	0	1000	0	7	-1	1	2
229	7	0	0	1000	0	7	-1	1	2
230	7	0	0	1000	0	7	-1	1	2
231	7	0	0	1000	0	7	-1	1	2
232	7	0	0	1000	0	7	-1	1	2
233	7	0	0	1000	0	7	-1	1	2
234	7	0	0	1000	0	7	-1	1	2
235	7	0	0	1000	0	7	-1	1	2
236	7	0	0	1000	0	7	-1	1	2
237	7	0	0	1000	0	7	-1	1	2
238	7	0	0	1000	0	7	-1	1	2
239	7	0	0	1000	0	7	-1	1	2
240	7	0	0	1000	0	7	-1	1	2
241	7	0	0	1000	0	7	-1	1	2
242	7	0	0	1000	0	7	-1	1	2
243	7	0	0	1000	0	7	-1	1	2
244	7	0	0	1000	0	7	-1	1	2
245	7	0	0	1000	0	7	-1	1	2
246	7	0	0	1000	0	7	-1	1	2
247	7	0	0	1000	0	7	-1	1	2
248	7	0	0	1000	0	7	-1	1	2
249	7	0	0	1000	0	7	-1	1	2
250	7	0	0	1000	0	7	-1	1	2
251	7	0	0	1000	0	7	-1	1	2
252	7	0	0	1000	0	7	-1	1	2
253	7	0	0	1000	0	7	-1	1	2
254	7	0	0	1000	0	7	-1	1	2
255	7	0	0	1000	0	7	-1	1	2
256	7	0	0	1000	0	7	-1	1	2
257	7	0	0	1000	0	7	-1	1	2
258	7	0	0	1000	0	7	-1	1	2
259	7	0	0	1000	0	7	-1	1	2
260	7	0	0	1000	0	7	-1	1	2
261	7	0	0	1000	0	7	-1	1	2
262	7	0	0	1000	0	7	-1	1	2
263	7	0	0	1000	0	7	-1	1	2
264	7	0	0	1000	0	7	-1	1	2
265	7	0	0	1000	0	7	-1	1	2
266	7	0	0	1000	0	7	-1	1	2
267	7	0	0	1000	0	7	-1	1	2
268	7	0	0	1000	0	7	-1	1	2
269	7	0	0	1000	0	7	-1	1	2
270	7	0	0	1000	0	7	-1	1	2
271	7	0	0	1000	0	7	-1	1	2
272	7	0	0	1000	0	7	-1	1	2
273	7	0	0	1000	0	7	-1	1	2
274	7	0	0	1000	0	7	-1	1	2
275	7	0	0	1000	0	7	-1	1	2
276	7	0	0	1000	0	7	-1	1	2
277	7	0	0	1000	0	7	-1	1	2
278	7	0	0	1000	0	7	-1	1	2
279	7	0	0	1000	0	7	-1	1	2
280	7	0	0	1000	0	7	-1	1	2
281	7	0	0	1000	0	7	-1	1	2
282	7	0	0	1000	0	7	-1	1	2
283	7	0	0	1000	0	7	-1	1	2
284	7	0	0	1000	0	7	-1	1	2
285	7	0	0	1000	0	7	-1	1	2
286	7	0	0	1000	0	7	-1	1	2
287	7	0	0	1000	0	7	-1	1	2
288	7	0	0	1000	0	7	-1	1	2
289	7	0	0	1000	0	7	-1	1	2
290	7	0	0	1000	0	7	-1	1	2
291	7	0	0	1000	0	7	-1	1	2
292	7	0	0	1000	0	7	-1	1	2
293	7	0	0	1000	0	7	-1	1	2
294	7	0	0	1000	0	7	-1	1	2
295	7	0	0	1000	0	7	-1	1	2
296	7	0	0	1000	0	7	-1	1	2
297	7	0	0	1000	0	7	-1	1	2
298	7	0	0	1000	0	7	-1	1	2
299	7	0	0	1000	0	7	-1	1	2
300	7	0	0	1000	0	7	-1	1	2
301	7	0	0	1000	0	7	-1	1	2
302	7	0	0	1000	0	7	-1	1	2
303	7	0	0	1000	0	7	-1	1	2
304	7	0	0	1000	0	7	-1	1	2
305	7	0	0	1000	0	7	-1	1	2
306	7	0	0	1000	0	7	-1	1	2
307	7	0	0	1000	0	7	-1	1	2
308	7	0	0	1000	0	7	-1	1	2
309	7	0	0	1000	0	7	-1	1	2
310	7	0	0	1000	0	7	-1	1	2
311	7	0	0	1000	0	7	-1	1	2
312	7	0	0	1000	0	7	-1	1	2
313	7	0	0	1000	0	7	-1	1	2
314	7	0	0	1000	0	7	-1	1	2
315	7	0	0	1000	0	7	-1	1	2
316	7	0	0	1000	0	7	-1	1	2
317	7	0	0	1000	0	7	-1	1	2
318	7	0	0	1000	0	7	-1	1	2
319	7	0	0	1000	0	7	-1	1	2
320	7	0	0	1000	0	7	-1	1	2
321	7	0	0	1000	0	7	-1	1	2
322	7	0	0	1000	0	7	-1	1	2
323	7	0	0	1000	0	7	-1	1	2
324	7	0	0	1000	0	7	-1	1	2
325	7	0	0	1000	0	7	-1	1	2
326	7	0	0	1000	0	7	-1	1	2
327	7	0	0	1000	0	7	-1	1	2
328	7	0	0	1000	0	7	-1	1	2
329	7	0	0	1000	0	7	-1	1	2
330	7	0	0	1000	0	7	-1	1	2
331	7	0	0	1000	0	7	-1	1	2
332	7	0	0	1000	0	7	-1	1	2
333	7	0	0	1000	0	7	-1	1	2
334	7	0	0	1000	0	7	-1	1	2
335	7	0	0	1000	0	7	-1	1	2
336	7	0	0	1000	0	7	-1	1	2
337	7	0	0	1000	0	7	-1	1	2
338	7	0	0	1000	0	7	-1	1	2
339	7	0	0	1000	0	7	-1	1	2
340	7	0	0	1000	0	7	-1	1	2
341	7	0	0	1000	0	7	-1	1	2
342	7	0	0	1000	0	7	-1	1	2
343	7	0	0	1000	0	7	-1	1	2
344	7	0	0	1000	0	7	-1	1	2
345	7	0	0	1000	0	7	-1	1	2
346	7	0	0	1000	0	7	-1	1	2
347	7	0	0	1000	0	7	-1	1	2
348	7	0	0	1000	0	7	-1	1	2
349	7	0	0	1000	0	7	-1	1	2
350	7	0	0	1000	0	7	-1	1	2
351	7	0	0	1000	0	7	-1	1	2
352	7	0	0	1000	0	7	-1	1	2
353	7	0	0	1000	0	7	-1	1	2
354	7	0	0	1000	0	7	-1	1	2
355	7	0	0	1000	0	7	-1	1	2
356	7	0	0	1000	0	7	-1	1	2
357	7	0	0	1000	0	7	-1	1	2
358	7	0	0	1000	0	7	-1	1	2
359	7	0	0	1000	0	7	-1	1	2
360	7	0	0	1000	0	7	-1	1	2
361	7	0	0	1000	0	7	-1	1	2
362	7	0	0	1000	0	7	-1	1	2
363	7	0	0	1000	0	7	-1	1	2
364	7	0	0	1000	0	7	-1	1	2
365	7	0	0	1000	0	7	-1	1	2
366	7	0	0	1000	0	7	-1	1	2
367	7	0	0	1000	0	7	-1	1	2
368	7	0	0	1000	0	7	-1	1	2
369	7	0	0	1000	0	7	-1	1	2
370	7	0	0	1000	0	7	-1	1	2
371	7	0	0	1000	0	7	-1	1	2
372	7	0	0	1000	0	7	-1	1	2
373	7	0	0	1000	0	7	-1	1	2
374	7	0	0	1000	0	7	-1	1	2
375	7	0	0	1000	0	7	-1	1	2
376	7	0	0	1000	0	7	-1	1	2
377	7	0	0	1000	0	7	-1	1	2
378	7	0	0	1000	0	7	-1	1	2
379	7	0	0	1000	0	7	-1	1	2
380	7	0	0	1000	0	7	-1	1	2
381	7	0	0	1000	0	7	-1	1	2
382	7	0	0	1000	0	7	-1	1	2
383	7	0	0	1000	0	7	-1	1	2
384	7	0	0	1000	0	7	-1	1	2
385	7	0	0	1000	0	7	-1	1	2
386	7	0	0	1000	0	7	-1	1	2
387	7	0	0	1000	0	7	-1	1	2
388	7	0	0	1000	0	7	-1	1	2
389	7	0	0	1000	0	7	-1	1	2
390	7	0	0	1000	0	7	-1	1	2
391	7	0	0	1000	0	7	-1	1	2
392	7	0	0	1000	0	7	-1	1	2
393	7	0	0	1000	0	7	-1	1	2
394	7	0	0	1000	0	7	-1	1	2
395	7	0	0	1000	0	7	-1	1	2
396	7	0	0	1000	0	7	-1	1	2
397	7	0	0	1000	0	7	-1	1	2
398	7	0	0	1000	0	7	-1	1	2
399	7	0	0	1000	0	7	-1	1	2
400	7	0	0	1000	0	7	-1	1	2
401	7	0	0	1000	0	7	-1	1	2
402	7	0	0	1000	0	7	-1	1	2
403	7	0	0	1000	0	7	-1	1	2
404	7	0	0	1000	0	7	-1	1	2
405	7	0	0	1000	0	7	-1	1	2
406	7	0	0	1000	0	7	-1	1	2
407	7	0	0	1000	0	7	-1	1	2
408	7	0	0	1000	0	7	-1	1	2
409	7	0	0	1000	0	7	-1	1	2
410	7	0	0	1000	0	7	-1	1	2
411	7	0	0	1000	0	7	-1	1	2
412	7	0	0	1000	0	7	-1	1	2
413	7	0	0	1000	0	7	-1	1	2
414	7	0	0	1000	0	7	-1	1	2
415	7	0	0	1000	0	7	-1	1	2
416	7	0	0	1000	0	7	-1	1	2
417	7	0	0	1000	0	7	-1	1	2
418	7	0	0	1000	0	7	-1	1	2
419	7	0	0	1000	0	7	-1	1	2
420	7	0	0	1000	0	7	-1	1	2
421	7	0	0	1000	0	7	-1	1	2
422	7	0	0	1000	0	7	-1	1	2
423	7	0	0	1000	0	7	-1	1	2
424	7	0	0	1000	0	7	-1	1	2
425	7	0	0	1000	0	7	-1	1	2
426	7	0	0	1000	0	7	-1	1	2
427	7	0	0	1000	0	7	-1	1	2
428	7	0	0	1000	0	7	-1	1	2
429	7	0	0	1000	0	7	-1	1	2
430	7	0	0	1000	0	7	-1	1	2
431	7	0	0	1000	0	7	-1	1	2
432	7	0	0	1000	0	7	-1	1	2
433	7	0	0	1000	0	7	-1	1	2
434	7	0	0	1000	0	7	-1	1	2
435	7	0	0	1000	0	7	-1	1	2
436	7	0	0	1000	0	7	-1	1	2
437	7	0	0	1000	0	7	-1	1	2
438	7	0	0	1000	0	7	-1	1	2
439	7	0	0	1000	0	7	-1	1	2
440	7	0	0	1000	0	7	-1	1	2
441	7	0	0	1000	0	7	-1	1	2
442	7	0	0	1000	0	7	-1	1	2
443	7	0	0	1000	0	7	-1	1	2
444	7	0	0	1000	0	7	-1	1	2
445	7	0	0	1000	0	7	-1	1	2
446	7	0	0	1000	0	7	-1	1	2
447	7	0	0	1000	0	7	-1	1	2
448	7	0	0	1000	0	7	-1	1	2
449	7	0	0	1000	0	7	-1	1	2
450	7	0	0	1000	0	7	-1	1	2
451	7	0	0	1000	0	7	-1	1	2
452	7	0	0	1000	0	7	-1	1	2
453	7	0	0	1000	0	7	-1	1	2
454	7	0	0	1000	0	7	-1	1	2
455	7	0	0	1000	0	7	-1	1	2
456	7	0	0	1000	0	7	-1	1	2
457	7	0	0	1000	0	7	-1	1	2
458	7	0	0	1000	0	7	-1	1	2
459	7	0	0	1000	0	7	-1	1	2
460	7	0	0	1000	0	7	-1	1	2
461	7	0	0	1000	0	7	-1	1	2
462	7	0	0	1000	0	7	-1	1	2
463	7	0	0	1000	0	7	-1	1	2
464	7	0	0	1000	0	7	-1	1	2
465	7	0	0	1000	0	7	-1	1	2
466	7	0	0	1000	0	7	-1	1	2
467	7	0	0	1000	0	7	-1	1	2
468	7	0	0	1000	0	7	-1	1	2
469	7	0	0	1000	0	7	-1	1	2
470	7	0	0	1000	0	7	-1	1	2
471	7	0	0	1000	0	7	-1	1	2
472	7	0	0	1000	0	7	-1	1	2
473	7	0	0	1000	0	7	-1	1	2
474	7	0	0	1000	0	7	-1	1	2
475	7	0	0	1000	0	7	-1	1	2
476	7	0	0	1000	0	7	-1	1	2
477	7	0	0	1000	0	7	-1	1	2
478	7	0	0	1000	0	7	-1	1	2
479	7	0	0	1000	0	7	-1	1	2
480	7	0	0	1000	0	7	-1	1	2
481	7	0	0	1000	0	7	-1	1	2
482	7	0	0	1000	0	7	-1	1	2
483	7	0	0	1000	0	7	-1	1	2
484	7	0	0	1000	0	7	-1	1	2
485	7	0	0	1000	0	7	-1	1	2
486	7	0	0	1000	0	7	-1	1	2
487	7	0	0	1000	0	7	-1	1	2
488	7	0	0	1000	0	7	-1	1	2
489	7	0	0	1000	0	7	-1	1	2
490	7	0	0	1000	0	7	-1	1	2
491	7	0	0	1000	0	7	-1	1	2
492	7	0	0	1000	0	7	-1	1	2
493	7	0	0	1000	0	7	-1	1	2
494	7	0	0	1000	0	7	-1	1	2
495	7	0	0	1000	0	7	-1	1	2
496	7	0	0	1000	0	7	-1	1	2
497	7	0	0	1000	0	7	-1	1	2
498	7	0	0	1000	0	7	-1	1	2
499	7	0	0	1000	0	7	-1	1	2
500	7	0	0	1000	0	7	-1	1	2
501	7	0	0	1000	0	7	-1	1	2
502	7	0	0	1000	0	7	-1	1	2
503	7	0	0	1000	0	7	-1	1	2
504	7	0	0	1000	0	7	-1	1	2
505	7	0	0	1000	0	7	-1	1	2
506	7	0	0	1000	0	7	-1	1	2
507	7	0	0	1000	0	7	-1	1	2
508	7	0	0	1000	0	7	-1	1	2
509	7	0	0	1000	0	7	-1	1	2
510	7	0	0	1000	0	7	-1	1	2
511	7	0	0	1000	0	7	-1	1	2
512	7	0	0	1000	0	7	-1	1	2
513	7	0	0	1000	0	7	-1	1	2
514	7	0	0	1000	0	7	-1	1	2
515	7	0	0	1000	0	7	-1	1	2
516	7	0	0	1000	0	7	-1	1	2
517	7	0	0	1000	0	7	-1	1	2
518	7	0	0	1000	0	7	-1	1	2
519	7	0	0	1000	0	7	-1	1	2
520	7	0	0	1000	0	7	-1	1	2
521	7	0	0	1000	0	7	-1	1	2
522	7	0	0	1000	0	7	-1	1	2
523	7	0	0	1000	0	7	-1	1	2
524	7	0	0	1000	0	7	-1	1	2
525	7	0	0	1000	0	7	-1	1	2
526	7	0	0	1000	0	7	-1	1	2
527	7	0	0	1000	0	7	-1	1	2
528	7	0	0	1000	0	7	-1	1	2
529	7	0	0	1000	0	7	-1	1	2
530	7	0	0	1000	0	7	-1	1	2
531	7	0	0	1000	0	7	-1	1	2
532	7	0	0	1000	0	7	-1	1	2
533	7	0	0	1000	0	7	-1	1	2
534	7	0	0	1000	0	7	-1	1	2
535	7	0	0	1000	0	7	-1	1	2
536	7	0	0	1000	0	7	-1	1	2
537	7	0	0	1000	0	7	-1	1	2
538	7	0	0	1000	0	7	-1	1	2
539	7	0	0	1000	0	7	-1	1	2
540	7	0	0	1000	0	7	-1	1	2
541	7	0	0	1000	0	7	-1	1	2
542	7	0	0	1000	0	7	-1	1	2
543	7	0	0	1000	0	7	-1	1	2
544	7	0	0	1000	0	7	-1	1	2
545	7	0	0	1000	0	7	-1	1	2
546	7	0	0	1000	0	7	-1	1	2
547	7	0	0	1000	0	7	-1	1	2
548	7	0	0	1000	0	7	-1	1	2
549	7	0	0	1000	0	7	-1	1	2
550	7	0	0	1000	0	7	-1	1	2
551	7	0	0	1000	0	7	-1	1	2
552	7	0	0	1000	0	7	-1	1	2
553	7	0	0	1000	0	7	-1	1	2
554	7	0	0	1000	0	7	-1	1	2
555	7	0	0	1000	0	7	-1	1	2
556	7	0	0	1000	0	7	-1	1	2
557	7	0	0	1000	0	7	-1	1	2
558	7	0	0	1000	0	7	-1	1	2
559	7	0	0	1000	0	7	-1	1	2
560	7	0	0	1000	0	7	-1	1	2
561	7	0	0	1000	0	7	-1	1	2
562	7	0	0	1000	0	7	-1	1	2
563	7	0	0	1000	0	7	-1	1	2
564	7	0	0	1000	0	7	-1	1	2
565	7	0	0	1000	0	7	-1	1	2
566	7	0	0	1000	0	7	-1	1	2
567	7	0	0	1000	0	7	-1	1	2
568	7	0	0	1000	0	7	-1	1	2
569	7	0	0	1000	0	7	-1	1	2
570	7	0	0	1000	0	7	-1	1	2
571	7	0	0	1000	0	7	-1	1	2
572	7	0	0	1000	0	7	-1	1	2
573	7	0	0	1000	0	7	-1	1	2
574	7	0	0	1000	0	7	-1	1	2
575	7	0	0	1000	0	7	-1	1	2
576	7	0	0	1000	0	7	-1	1	2
577	7	0	0	1000	0	7	-1	1	2
578	7	0	0	1000	0	7	-1	1	2
579	7	0	0	1000	0	7	-1	1	2
580	7	0	0	1000	0	7	-1	1	2
581	7	0	0	1000	0	7	-1	1	2
582	7	0	0	1000	0	7	-1	1	2
583	7	0	0	1000	0	7	-1	1	2
584	7	0	0	1000	0	7	-1	1	2
585	7	0	0	1000	0	7	-1	1	2
586	7	0	0	1000	0	7	-1	1	2
587	7	0	0	1000	0	7	-1	1	2
588	7	0	0	1000	0	7	-1	1	2
589	7	0	0	1000	0	7	-1	1	2
590	7	0	0	1000	0	7	-1	1	2
591	7	0	0	1000	0	7	-1	1	2
592	7	0	0	1000	0	7	-1	1	2
593	7	0	0	1000	0	7	-1	1	2
594	7	0	0	1000	0	7	-1	1	2
595	7	0	0	1000	0	7	-1	1	2
596	7	0	0	1000	0	7	-1	1	2
597	7	0	0	1000	0	7	-1	1	2
598	7	0	0	1000	0	7	-1	1	2
599	7	0	0	1000	0	7	-1	1	2
600	7	0	0	1000	0	7	-1	1	2
601	7	0	0	1000	0	7	-1	1	2
602	7	0	0	1000	0	7	-1	1	2
603	7	0	0	1000	0	7	-1	1	2
604	7	0	0	1000	0	7	-1	1	2
605	7	0	0	1000	0	7	-1	1	2
606	7	0	0	1000	0	7	-1	1	2
607	7	0	0	1000	0	7	-1	1	2
608	7	0	0	1000	0	7	-1	1	2
609	7	0	0	1000	0	7	-1	1	2
610	7	0	0	1000	0	7	-1	1	2
611	7	0	0	1000	0	7	-1	1	2
612	7	0	0	1000	0	7	-1	1	2
613	7	0	0	1000	0	7	-1	1	2
614	7	0	0	1000	0	7	-1	1	2
615	7	0	0	1000	0	7	-1	1	2
616	7	0	0	1000	0	7	-1	1	2
617	7	0	0	1000	0	7	-1	1	2
618	7	0	0	1000	0	7	-1	1	2
619	7	0	0	1000	0	7	-1	1	2
620	7	0	0	1000	0	7	-1	1	2
621	7	0	0	1000	0	7	-1	1	2
622	7	0	0	1000	0	7	-1	1	2
623	7	0	0	1000	0	7	-1	1	2
624	7	0	0	1000	0	7	-1	1	2
625	7	0	0	1000	0	7	-1	1	2
626	7	0	0	1000	0	7	-1	1	2
627	7	0	0	1000	0	7	-1	1	2
628	7	0	0	1000	0	7	-1	1	2
629	7	0	0	1000	0	7	-1	1	2
630	7	0	0	1000	0	7	-1	1	2
631	7	0	0	1000	0	7	-1	1	2
632	7	0	0	1000	0	7	-1	1	2
633	7	0	0	1000	0	7	-1	1	2
634	7	0	0	1000	0	7	-1	1	2
635	7	0	0	1000	0	7	-1	1	2
636	7	0	0	1000	0	7	-1	1	2
637	7	0	0	1000	0	7	-1	1	2
638	7	0	0	1000	0	7	-1	1	2
639	7	0	0	1000	0	7	-1	1	2
640	7	0	0	1000	0	7	-1	1	2
641	7	0	0	1000	0	7	-1	1	2
642	7	0	0	1000	0	7	-1	1	2
643	7	0	0	1000	0	7	-1	1	2
644	7	0	0	1000	0	7	-1	1	2
645	7	0	0	1000	0	7	-1	1	2
646	7	0	0	1000	0	7	-1	1	2
647	7	0	0	1000	0	7	-1	1	2
648	7	0	0	1000	0	7	-1	1	2
649	7	0	0	1000	0	7	-1	1	2
650	7	0	0	1000	0	7	-1	1	2
651	7	0	0	1000	0	7	-1	1	2
652	7	0	0	1000	0	7	-1	1	2
653	7	0	0	1000	0	7	-1	1	2
654	7	0	0	1000	0	7	-1	1	2
655	7	0	0	1000	0	7	-1	1	2
656	7	0	0	1000	0	7	-1	1	2
657	7	0	0	1000	0	7	-1	1	2
658	7	0	0	1000	0	7	-1	1	2
659	7	0	0	1000	0	7	-1	1	2
660	7	0	0	1000	0	7	-1	1	2
661	7	0	0	1000	0	7	-1	1	2
662	7	0	0	1000	0	7	-1	1	2
663	7	0	0	1000	0	7	-1	1	2
664	7	0	0	1000	0	7	-1	1	2
665	7	0	0	1000	0	7	-1	1	2
666	7	0	0	1000	0	7	-1	1	2
667	7	0	0	1000	0	7	-1	1	2
668	7	0	0	1000	0	7	-1	1	2
669	7	0	0	1000	0	7	-1	1	2
670	7	0	0	1000	0	7	-1	1	2
671	7	0	0	1000	0	7	-1	1	2
672	7	0	0	1000	0	7	-1	1	2
673	7	0	0	1000	0	7	-1	1	2
674	7	0	0	1000	0	7	-1	1	2
675	7	0	0	1000	0	7	-1	1	2
676	7	0	0	1000	0	7	-1	1	2
677	7	0	0	1000	0	7	-1	1	2
678	7	0	0	1000	0	7	-1	1	2
679	7	0	0	1000	0	7	-1	1	2
680	7	0	0	1000	0	7	-1	1	2
681	7	0	0	1000	0	7	-1	1	2
682	7	0	0	1000	0	7	-1	1	2
683	7	0	0	1000	0	7	-1	1	2
684	7	0	0	1000	0	7	-1	1	2
685	7	0	0	1000	0	7	-1	1	2
686	7	0	0	1000	0	7	-1	1	2
687	7	0	0	1000	0	7	-1	1	2
688	7	0	0	1000	0	7	-1	1	2
689	7	0	0	1000	0	7	-1	1	2
690	7	0	0	1000	0	7	-1	1	2
691	7	0	0	1000	0	7	-1	1	2
692	7	0	0	1000	0	7	-1	1	2
693	7	0	0	1000	0	7	-1	1	2
694	7	0	0	1000	0	7	-1	1	2
695	7	0	0	1000	0	7	-1	1	2
696	7	0	0	1000	0	7	-1	1	2
697	7	0	0	1000	0	7	-1	1	2
698	7	0	0	1000	0	7	-1	1	2
699	7	0	0	1000	0	7	-1	1	2
700	7	0	0	1000	0	7	-1	1	2
701	7	0	0	1000	0	7	-1	1	2
702	7	0	0	1000	0	7	-1	1	2
703	7	0	0	1000	0	7	-1	1	2
704	7	0	0	1000	0	7	-1	1	2
705	7	0	0	1000	0	7	-1	1	2
706	7	0	0	1000	0	7	-1	1	2
707	7	0	0	1000	0	7	-1	1	2
708	7	0	0	1000	0	7	-1	1	2
709	7	0	0	1000	0	7	-1	1	2
710	7	0	0	1000	0	7	-1	1	2
711	7	0	0	1000	0	7	-1	1	2
712	7	0	0	1000	0	7	-1	1	2
713	7	0	0	1000	0	7	-1	1	2
714	7	0	0	1000	0	7	-1	1	2
715	7	0	0	1000	0	7	-1	1	2
716	7	0	0	1000	0	7	-1	1	2
717	7	0	0	1000	0	7	-1	1	2
718	7	0	0	1000	0	7	-1	1	2
719	7	0	0	1000	0	7	-1	1	2
720	7	0	0	1000	0	7	-1	1	2
721	7	0	0	1000	0	7	-1	1	2
722	7	0	0	1000	0	7	-1	1	2
723	7	0	0	1000	0	7	-1	1	2
724	7	0	0	1000	0	7	-1	1	2
725	7	0	0	1000	0	7	-1	1	2
726	7	0	0	1000	0	7	-1	1	2
727	7	0	0	1000	0	7	-1	1	2
728	7	0	0	1000	0	7	-1	1	2
729	7	0	0	1000	0	7	-1	1	2
730	7	0	0	1000	0	7	-1	1	2
731	7	0	0	1000	0	7	-1	1	2
732	7	0	0	1000	0	7	-1	1	2
733	7	0	0	1000	0	7	-1	1	2
734	7	0	0	1000	0	7	-1	1	2
735	7	0	0	1000	0	7	-1	1	2
736	7	0	0	1000	0	7	-1	1	2
737	7	0	0	1000	0	7	-1	1	2
738	7	0	0	1000	0	7	-1	1	2
739	7	0	0	1000	0	7	-1	1	2
740	7	0	0	1000	0	7	-1	1	2
741	7	0	0	1000	0	7	-1	1	2
742	7	0	0	1000	0	7	-1	1	2
743	7	0	0	1000	0	7	-1	1	2
744	7	0	0	1000	0	7	-1	1	2
745	7	0	0	1000	0	7	-1	1	2
746	7	0	0	1000	0	7	-1	1	2
747	7	0	0	1000	0	7	-1	1	2
748	7	0	0	1000	0	7	-1	1	2
749	7	0	0	1000	0	7	-1	1	2
750	7	0	0	1000	0	7	-1	1	2
751	7	0	0	1000	0	7	-1	1	2
752	7	0	0	1000	0	7	-1	1	2
753	7	0	0	1000	0	7	-1	1	2
754	7	0	0	1000	0	7	-1	1	2
755	7	0	0	1000	0	7	-1	1	2
756	7	0	0	1000	0	7	-1	1	2
757	7	0	0	1000	0	7	-1	1	2
758	7	0	0	1000	0	7	-1	1	2
759	7	0	0	1000	0	7	-1	1	2
760	7	0	0	1000	0	7	-1	1	2
761	7	0	0	1000	0	7	-1	1	2
762	7	0	0	1000	0	7	-1	1	2
763	7	0	0	1000	0	7	-1	1	2
764	7	0	0	1000	0	7	-1	1	2
765	7	0	0	1000	0	7	-1	1	2
766	7	0	0	1000	0	7	-1	1	2
767	7	0	0	1000	0	7	-1	1	2
768	7	0	0	1000	0	7	-1	1	2
769	7	0	0	1000	0	7	-1	1	2
770	7	0	0	1000	0	7	-1	1	2
771	7	0	0	1000	0	7	-1	1	2
772	7	0	0	1000	0	7	-1	1	2
773	7	0	0	1000	0	7	-1	1	2
774	7	0	0	1000	0	7	-1	1	2
775	7	0	0	1000	0	7	-1	1	2
776	7	0	0	1000	0	7	-1	1	2
777	7	0	0	1000	0	7	-1	1	2
778	7	0	0	1000	0	7	-1	1	2
779	7	0	0	1000	0	7	-1	1	2
780	7	0	0	1000	0	7	-1	1	2
781	7	0	0	1000	0	7	-1	1	2
782	7	0	0	1000	0	7	-1	1	2
783	7	0	0	1000	0	7	-1	1	2
784	7	0	0	1000	0	7	-1	1	2
785	7	0	0	1000	0	7	-1	1	2
786	7	0	0	1000	0	7	-1	1	2
787	7	0	0	1000	0	7	-1	1	2
788	7	0	0	1000	0	7	-1	1	2
789	7	0	0	1000	0	7	-1	1	2
790	7	0	0	1000	0	7	-1	1	2
791	7	0	0	1000	0	7	-1	1	2
792	7	0	0	1000	0	7	-1	1	2
793	7	0	0	1000	0	7	-1	1	2
794	7	0	0	1000	0	7	-1	1	2
795	7	0	0	1000	0	7	-1	1	2
796	7	0	0	1000	0	7	-1	1	2
797	7	0	0	1000	0	7	-1	1	2
798	7	0	0	1000	0	7	-1	1	2
799	7	0	0	1000	0	7	-1	1	2
800	7	0	0	1000	0	7	-1	1	2
801	7	0	0	1000	0	7	-1	1	2
802	7	0	0	1000	0	7	-1	1	2
803	7	0	0	1000	0	7	-1	1	2
804	7	0	0	1000	0	7	-1	1	2
805	7	0	0	1000	0	7	-1	1	2
806	7	0	0	1000	0	7	-1	1	2
807	7	0	0	1000	0	7	-1	1	2
808	7	0	0	1000	0	7	-1	1	2
809	7	0	0	1000	0	7	-1	1	2
810	7	0	0	1000	0	7	-1	1	2
811	7	0	0	1000	0	7	-1	1	2
812	7	0	0	1000	0	7	-1	1	2
813	7	0	0	1000	0	7	-1	1	2
814	7	0	0	1000	0	7	-1	1	2
815	7	0	0	1000	0	7	-1	1	2
816	7	0	0	1000	0	7	-1	1	2
817	7	0	0	1000	0	7	-1	1	2
818	7	0	0	1000	0	7	-1	1	2
819	7	0	0	1000	0	7	-1	1	2
820	7	0	0	1000	0	7	-1	1	2
821	7	0	0	1000	0	7	-1	1	2
822	7	0	0	1000	0	7	-1	1	2
823	7	0	0	1000	0	7	-1	1	2
824	7	0	0	1000	0	7	-1	1	2
825	7	0	0	1000	0	7	-1	1	2
826	7	0	0	1000	0	7	-1	1	2
827	7	0	0	1000	0	7	-1	1	2
828	7	0	0	1000	0	7	-1	1	2
829	7	0	0	1000	0	7	-1	1	2
830	7	0	0	1000	0	7	-1	1	2
831	7	0	0	1000	0	7	-1	1	2
832	7	0	0	1000	0	7	-1	1	2
833	7	0	0	1000	0	7	-1	1	2
834	7	0	0	1000	0	7	-1	1	2
835	7	0	0	1000	0	7	-1	1	2
836	7	0	0	1000	0	7	-1	1	2
837	7	0	0	1000	0	7	-1	1	2
838	7	0	0	1000	0	7	-1	1	2
839	7	0	0	1000	0	7	-1	1	2
840	7	0	0	1000	0	7	-1	1	2
841	7	0	0	1000	0	7	-1	1	2
842	7	0	0	1000	0	7	-1	1	2
843	7	0	0	1000	0	7	-1	1	2
844	7	0	0	1000	0	7	-1	1	2
845	7	0	0	1000	0	7	-1	1	2
846	7	0	0	1000	0	7	-1	1	2
847	7	0	0	1000	0	7	-1	1	2
848	7	0	0	1000	0	7	-1	1	2
849	7	0	0	1000	0	7	-1	1	2
850	7	0	0	1000	0	7	-1	1	2
851	7	0	0	1000	0	7	-1	1	2
852	7	0	0	1000	0	7	-1	1	2
853	7	0	0	1000	0	7	-1	1	2
854	7	0	0	1000	0	7	-1	1	2
855	7	0	0	1000	0	7	-1	1	2
856	7	0	0	1000	0	7	-1	1	2
857	7	0	0	1000	0	7	-1	1	2
858	7	0	0	1000	0	7	-1	1	2
859	7	0	0	1000	0	7	-1	1	2
860	7	0	0	1000	0	7	-1	1	2
861	7	0	0	1000	0	7	-1	1	2
862	7	0	0	1000	0	7	-1	1	2
863	7	0	0	1000	0	7	-1	1	2
864	7	0	0	1000	0	7	-1	1	2
865	7	0	0	1000	0	7	-1	1	2
866	7	0	0	1000	0	7	-1	1	2
867	7	0	0	1000	0	7	-1	1	2
868	7	0	0	1000	0	7	-1	1	2
869	7	0	0	1000	0	7	-1	1	2
870	7	0	0	1000	0	7	-1	1	2
871	7	0	0	1000	0	7	-1	1	2
872	7	0	0	1000	0	7	-1	1	2
873	7	0	0	1000	0	7	-1	1	2
874	7	0	0	1000	0	7	-1	1	2
875	7	0	0	1000	0	7	-1	1	2
876	7	0	0	1000	0	7	-1	1	2
877	7	0	0	1000	0	7	-1	1	2
878	7	0	0	1000	0	7	-1	1	2
879	7	0	0	1000	0	7	-1	1	2
880	7	0	0	1000	0	7	-1	1	2
881	7	0	0	1000	0	7	-1	1	2
882	7	0	0	1000	0	7	-1	1	2
883	7	0	0	1000	0	7	-1	1	2
884	7	0	0	1000	0	7	-1	1	2
885	7	0	0	1000	0	7	-1	1	2
886	7	0	0	1000	0	7	-1	1	2
887	7	0	0	1000	0	7	-1	1	2
888	7	0	0	1000	0	7	-1	1	2
889	7	0	0	1000	0	7	-1	1	2
890	7	0	0	1000	0	7	-1	1	2
891	7	0	0	1000	0	7	-1	1	2
892	7	0	0	1000	0	7	-1	1	2
893	7	0	0	1000	0	7	-1	1	2
894	7	0	0	1000	0	7	-1	1	2
895	7	0	0	1000	0	7	-1	1	2
896	7	0	0	1000	0	7	-1	1	2
897	7	0	0	1000	0	7	-1	1	2
898	7	0	0	1000	0	7	-1	1	2
899	7	0	0	1000	0	7	-1	1	2
900	7	0	0	1000	0	7	-1	1	2
901	7	0	0	1000	0	7	-1	1	2
902	7	0	0	1000	0	7	-1	1	2
903	7	0	0	1000	0	7	-1	1	2
904	7	0	0	1000	0	7	-1	1	2
905	7	0	0	1000	0	7	-1	1	2
906	7	0	0	1000	0	7	-1	1	2
907	7	0	0	1000	0	7	-1	1	2
908	7	0	0	1000	0	7	-1	1	2
909	7	0	0	1000	0	7	-1	1	2
910	7	0	0	1000	0	7	-1	1	2
911	7	0	0	1000	0	7	-1	1	2
912	7	0	0	1000	0	7	-1	1	2
913	7	0	0	1000	0	7	-1	1	2
914	7	0	0	1000	0	7	-1	1	2
915	7	0	0	1000	0	7	-1	1	2
916	7	0	0	1000	0	7	-1	1	2
917	7	0	0	1000	0	7	-1	1	2
918	7	0	0	1000	0	7	-1	1	2
919	7	0	0	1000	0	7	-1	1	2
920	7	0	0	1000	0	7	-1	1	2
921	7	0	0	1000	0	7	-1	1	2
922	7	0	0	1000	0	7	-1	1	2
923	7	0	0	1000	0	7	-1	1	2
924	7	0	0	1000	0	7	-1	1	2
925	7	0	0	1000	0	7	-1	1	2
926	7	0	0	1000	0	7	-1	1	2
927	7	0	0	1000	0	7	-1	1	2
928	7	0	0	1000	0	7	-1	1	2
929	7	0	0	1000	0	7	-1	1	2
930	7	0	0	1000	0	7	-1	1	2
931	7	0	0	1000	0	7	-1	1	2
932	7	0	0	1000	0	7	-1	1	2
933	7	0	0	1000	0	7	-1	1	2
934	7	0	0	1000	0	7	-1	1	2
935	7	0	0	1000	0	7	-1	1	2
936	7	0	0	1000	0	7	-1	1	2
937	7	0	0	1000	0	7	-1	1	2
938	7	0	0	1000	0	7	-1	1	2
939	7	0	0	1000	0	7	-1	1	2
940	7	0	0	1000	0	7	-1	1	2
941	7	0	0	1000	0	7	-1	1	2
942	7	0	0	1000	0	7	-1	1	2
943	7	0	0	1000	0	7	-1	1	2
944	7	0	0	1000	0	7	-1	1	2
945	7	0	0	1000	0	7	-1	1	2
946	7	0	0	1000	0	7	-1	1	2
947	7	0	0	1000	0	7	-1	1	2
948	7	0	0	1000	0	7	-1	1	2
949	7	0	0	1000	0	7	-1	1	2
950	7	0	0	1000	0	7	-1	1	2
951	7	0	0	1000	0	7	-1	1	2
952	7	0	0	1000	0	7	-1	1	2
953	7	0	0	1000	0	7	-1	1	2
954	7	0	0	1000	0	7	-1	1	2
955	7	0	0	1000	0	7	-1	1	2
956	7	0	0	1000	0	7	-1	1	2
957	7	0	0	1000	0	7	-1	1	2
958	7	0	0	1000	0	7	-1	1	2
959	7	0	0	1000	0	7	-1	1	2
960	7	0	0	1000	0	7	-1	1	2
961	7	0	0	1000	0	7	-1	1	2
962	7	0	0	1000	0	7	-1	1	2
963	7	0	0	1000	0	7	-1	1	2
964	7	0	0	1000	0	7	-1	1	2
965	7	0	0	1000	0	7	-1	1	2
966	7	0	0	1000	0	7	-1	1	2
967	7	0	0	1000	0	7	-1	1	2
968	7	0	0	1000	0	7	-1	1	2
969	7	0	0	1000	0	7	-1	1	2
970	7	0	0	1000	0	7	-1	1	2
971	7	0	0	1000	0	7	-1	1	2
972	7	0	0	1000	0	7	-1	1	2
973	7	0	0	1000	0	7	-1	1	2
974	7	0	0	1000	0	7	-1	1	2
975	7	0	0	1000	0	7	-1	1	2
976	7	0	0	1000	0	7	-1	1	2
977	7	0	0	1000	0	7	-1	1	2
978	7	0	0	1000	0	7	-1	1	2
979	7	0	0	1000	0	7	-1	1	2
980	7	0	0	1000	0	7	-1	1	2
981	7	0	0	1000	0	7	-1	1	2
982	7	0	0	1000	0	7	-1	1	2
983	7	0	0	1000	0	7	-1	1	2
984	7	0	0	1000	0	7	-1	1	2
985	7	0	0	1000	0	7	-1	1	2
986	7	0	0	1000	0	7	-1	1	2
987	7	0	0	1000	0	7	-1	1	2
988	7	0	0	1000	0	7	-1	1	2
989	7	0	0	1000	0	7	-1	1	2
990	7	0	0	1000	0	7	-1	1	2
991	7	0	0	1000	0	7	-1	1	2
992	7	0	0	1000	0	7	-1	1	2
993	7	0	0	1000	0	7	-1	1	2
994	7	0	0	1000	0	7	-1	1	2
995	7	0	0	1000	0	7	-1	1	2
996	7	0	0	1000	0	7	-1	1	2
997	7	0	0	1000	0	7	-1	1	2
998	7	0	0	1000	0	7	-1	1	2
999	7	0	0	1000	0	7	-1	1	2
1000	7	0	0	1000	0	7	-1	1	2
1001	7	0	0	1000	0	7	-1	1	2
1002	7	0	0	1000	0	7	-1	1	2
1003	7	0	0	1000	0	7	-1	1	2
1004	7	0	0	1000	0	7	-1	1	2
1005	7	0	0	1000	0	7	-1	1	2
1006	7	0	0	1000	0	7	-1	1	2
1007	7	0	0	1000	0	7	-1	1	2
1008	7	0	0	1000	0	7	-1	1	2
1009	7	0	0	1000	0	7	-1	1	2
1010	7	0	0	1000	0	7	-1	1	2
1011	7	0	0	1000	0	7	-1	1	2
1012	7	0	0	1000	0	7	-1	1	2
1013	7	0	0	1000	0	7	-1	1	2
1014	7	0	0	1000	0	7	-1	1	2
1015	7	0	0	1000	0	7	-1	1	2
1016	7	0	0	1000	0	7	-1	1	2
1017	7	0	0	1000	0	7	-1	1	2
1018	7	0	0	1000	0	7	-1	1	2
1019	7	0	0	1000	0	7	-1	1	2
1020	7	0	0	1000	0	7	-1	1	2
1021	7	0	0	1000	0	7	-1	1	2
1022	7	0	0	1000	0	7	-1	1	2
1023	7	0	0	1000	0	7	-1	1	2
1024	7	0	0	1000	0	7	-1	1	2
1025	7	0	0	1000	0	7	-1	1	2
1026	7	0	0	1000	0	7	-1	1	2
1027	7	0	0	1000	0	7	-1	1	2
1028	7	0	0	1000	0	7	-1	1	2
1029	7	1	1	1000	1029	7	7	1	2
1030	7	1	1	1000	1029	7	7	1	2
1031	7	1	1	1000	1029	7	7	1	2
1032	7	1	1	1000	1029	7	7	1	2
1033	7	1	1	1000	1029	7	7	1	2
1034	7	1	1	1000	1029	7	7	1	2
1035	7	1	1	1000	1029	7	7	1	2
1036	7	1	1	1000	1029	7	7	1	2
1037	7	1	1	1000	1029	7	7	1	2
1038	7	1	1	1000	1029	7	7	1	2
1039	7	1	1	1000	1029	7	7	1	2
1040	7	1	1	1000	1029	7	7	1	2
1041	7	1	1	1000	1029	7	7	1	2
1042	7	1	1	1000	1029	7	7	1	2
1043	7	1	1	1000	1029	7	7	1	2
1044	7	1	1	1000	1029	7	7	1	2
1045	7	1	1	1000	1029	7	7	1	2
1046	7	1	1	1000	1029	7	7	1	2
1047	7	1	1	1000	1029	7	7	1	2
1048	7	1	1	1000	1029	7	7	1	2
1049	7	1	1	1000	1029	7	7	1	2
1050	7	1	1	1000	1029	7	7	1	2
1051	7	1	1	1000	1029	7	7	1	2
1052	7	1	1	1000	1029	7	7	1	2
1053	7	1	1	1000	1029	7	7	1	2
1054	7	1	1	1000	1029	7	7	1	2
1055	7	1	1	1000	1029	7	7	1	2
1056	7	1	1	1000	1029	7	7	1	2
1057	7	1	1	1000	1029	7	7	1	2
1058	7	1	1	1000	1029	7	7	1	2
1059	7	1	1	1000	1029	7	7	1	2
1060	7	1	1	1000	1029	7	7	1	2
