1	11	0	0	600	0	11	-1	0	2
2	11	0	0	600	0	11	-1	0	2
3	11	0	0	600	0	11	-1	0	2
4	11	0	0	600	0	11	-1	0	2
5	11	0	0	600	0	11	-1	0	2
6	11	0	0	600	0	11	-1	0	2
7	11	0	0	600	0	11	-1	0	2
8	11	0	0	600	0	11	-1	0	2
9	11	0	0	600	0	11	-1	0	2
10	11	0	0	600	0	11	-1	0	2
11	11	0	0	600	0	11	-1	0	2
12	11	0	0	600	0	11	-1	0	2
13	11	0	0	600	0	11	-1	0	2
14	11	0	0	600	0	11	-1	0	2
15	11	0	0	600	0	11	-1	0	2
16	11	0	0	600	0	11	-1	0	2
17	11	0	0	600	0	11	-1	0	2
18	11	0	0	600	0	11	-1	0	2
19	11	0	0	600	0	11	-1	0	2
20	11	0	0	600	0	11	-1	0	2
21	11	0	0	600	0	11	-1	0	2
22	11	0	0	600	0	11	-1	0	2
23	11	0	0	600	0	11	-1	0	2
24	11	0	0	600	0	11	-1	0	2
25	11	0	0	600	0	11	-1	0	2
26	11	0	0	600	0	11	-1	0	2
27	11	0	0	600	0	11	-1	0	2
28	11	0	0	600	0	11	-1	0	2
29	11	0	0	600	0	11	-1	0	2
30	11	0	0	600	0	11	-1	0	2
31	11	0	0	600	0	11	-1	0	2
32	11	0	0	600	0	11	-1	0	2
33	11	0	0	600	0	11	-1	0	2
34	11	0	0	600	0	11	-1	0	2
35	11	0	0	600	0	11	-1	0	2
36	11	0	0	600	0	11	-1	0	2
37	11	0	0	600	0	11	-1	0	2
38	11	0	0	600	0	11	-1	0	2
39	11	0	0	600	0	11	-1	0	2
40	11	0	0	600	0	11	-1	0	2
41	11	0	0	600	0	11	-1	0	2
42	11	0	0	600	0	11	-1	0	2
43	11	0	0	600	0	11	-1	0	2
44	11	0	0	600	0	11	-1	0	2
45	11	0	0	600	0	11	-1	0	2
46	11	0	0	600	0	11	-1	0	2
47	11	0	0	600	0	11	-1	0	2
48	11	0	0	600	0	11	-1	0	2
49	11	0	0	600	0	11	-1	0	2
50	11	0	0	600	0	11	-1	0	2
51	11	0	0	600	0	11	-1	0	2
52	11	0	0	600	0	11	-1	0	2
53	11	0	0	600	0	11	-1	0	2
54	11	0	0	600	0	11	-1	0	2
55	11	0	0	600	0	11	-1	0	2
56	11	0	0	600	0	11	-1	0	2
57	11	0	0	600	0	11	-1	0	2
58	11	0	0	600	0	11	-1	0	2
59	11	0	0	600	0	11	-1	0	2
60	11	0	0	600	0	11	-1	0	2
61	11	0	0	600	0	11	-1	0	2
62	11	0	0	600	0	11	-1	0	2
63	11	0	0	600	0	11	-1	0	2
64	11	0	0	600	0	11	-1	0	2
65	11	0	0	600	0	11	-1	0	2
66	11	0	0	600	0	11	-1	0	2
67	11	0	0	600	0	11	-1	0	2
68	11	0	0	600	0	11	-1	0	2
69	11	0	0	600	0	11	-1	0	2
70	11	0	0	600	0	11	-1	0	2
71	11	0	0	600	0	11	-1	0	2
72	11	0	0	600	0	11	-1	0	2
73	11	0	0	600	0	11	-1	0	2
74	11	0	0	600	0	11	-1	0	2
75	11	0	0	600	0	11	-1	0	2
76	11	0	0	600	0	11	-1	0	2
77	11	0	0	600	0	11	-1	0	2
78	11	0	0	600	0	11	-1	0	2
79	11	0	0	600	0	11	-1	0	2
80	11	0	0	600	0	11	-1	0	2
81	11	0	0	600	0	11	-1	0	2
82	11	0	0	600	0	11	-1	0	2
83	11	0	0	600	0	11	-1	0	2
84	11	0	0	600	0	11	-1	0	2
85	11	0	0	600	0	11	-1	0	2
86	11	0	0	600	0	11	-1	0	2
87	11	0	0	600	0	11	-1	0	2
88	11	0	0	600	0	11	-1	0	2
89	11	0	0	600	0	11	-1	0	2
90	11	0	0	600	0	11	-1	0	2
91	11	0	0	600	0	11	-1	0	2
92	11	0	0	600	0	11	-1	0	2
93	11	0	0	600	0	11	-1	0	2
94	11	0	0	600	0	11	-1	0	2
95	11	0	0	600	0	11	-1	0	2
96	11	0	0	600	0	11	-1	0	2
97	11	0	0	600	0	11	-1	0	2
98	11	0	0	600	0	11	-1	0	2
99	11	0	0	600	0	11	-1	0	2
100	11	0	0	600	0	11	-1	0	2
101	11	0	0	600	0	11	-1	0	2
102	11	0	0	600	0	11	-1	0	2
103	11	0	0	600	0	11	-1	0	2
104	11	0	0	600	0	11	-1	0	2
105	11	0	0	600	0	11	-1	0	2
106	11	0	0	600	0	11	-1	0	2
107	11	0	0	600	0	11	-1	0	2
108	11	0	0	600	0	11	-1	0	2
109	11	0	0	600	0	11	-1	0	2
110	11	0	0	600	0	11	-1	0	2
111	11	0	0	600	0	11	-1	0	2
112	11	0	0	600	0	11	-1	0	2
113	11	0	0	600	0	11	-1	0	2
114	11	0	0	600	0	11	-1	0	2
115	11	0	0	600	0	11	-1	0	2
116	11	0	0	600	0	11	-1	0	2
117	11	0	0	600	0	11	-1	0	2
118	11	0	0	600	0	11	-1	0	2
119	11	0	0	600	0	11	-1	0	2
120	11	0	0	600	0	11	-1	0	2
121	11	0	0	600	0	11	-1	0	2
122	11	0	0	600	0	11	-1	0	2
123	11	0	0	600	0	11	-1	0	2
124	11	0	0	600	0	11	-1	0	2
125	11	0	0	600	0	11	-1	0	2
126	11	0	0	600	0	11	-1	0	2
127	11	0	0	600	0	11	-1	0	2
128	11	0	0	600	0	11	-1	0	2
129	11	0	0	600	0	11	-1	0	2
130	11	0	0	600	0	11	-1	0	2
131	11	0	0	600	0	11	-1	0	2
132	11	0	0	600	0	11	-1	0	2
133	11	0	0	600	0	11	-1	0	2
134	11	0	0	600	0	11	-1	0	2
135	11	0	0	600	0	11	-1	0	2
136	11	0	0	600	0	11	-1	0	2
137	11	0	0	600	0	11	-1	0	2
138	11	0	0	600	0	11	-1	0	2
139	11	0	0	600	0	11	-1	0	2
140	11	0	0	600	0	11	-1	0	2
141	11	0	0	600	0	11	-1	0	2
142	11	0	0	600	0	11	-1	0	2
143	11	0	0	600	0	11	-1	0	2
144	11	0	0	600	0	11	-1	0	2
145	11	0	0	600	0	11	-1	0	2
146	11	0	0	600	0	11	-1	0	2
147	11	0	0	600	0	11	-1	0	2
148	11	0	0	600	0	11	-1	0	2
149	11	0	0	600	0	11	-1	0	2
150	11	0	0	600	0	11	-1	0	2
151	11	0	0	600	0	11	-1	0	2
152	11	0	0	600	0	11	-1	0	2
153	11	0	0	600	0	11	-1	0	2
154	11	0	0	600	0	11	-1	0	2
155	11	0	0	600	0	11	-1	0	2
156	11	0	0	600	0	11	-1	0	2
157	11	0	0	600	0	11	-1	0	2
158	11	0	0	600	0	11	-1	0	2
159	11	0	0	600	0	11	-1	0	2
160	11	0	0	600	0	11	-1	0	2
161	11	0	0	600	0	11	-1	0	2
162	11	0	0	600	0	11	-1	0	2
163	11	0	0	600	0	11	-1	0	2
164	11	0	0	600	0	11	-1	0	2
165	11	0	0	600	0	11	-1	0	2
166	11	0	0	600	0	11	-1	0	2
167	11	0	0	600	0	11	-1	0	2
168	11	0	0	600	0	11	-1	0	2
169	11	0	0	600	0	11	-1	0	2
170	11	0	0	600	0	11	-1	0	2
171	11	0	0	600	0	11	-1	0	2
172	11	0	0	600	0	11	-1	0	2
173	11	0	0	600	0	11	-1	0	2
174	11	0	0	600	0	11	-1	0	2
175	11	0	0	600	0	11	-1	0	2
176	11	0	0	600	0	11	-1	0	2
177	11	0	0	600	0	11	-1	0	2
178	11	0	0	600	0	11	-1	0	2
179	11	0	0	600	0	11	-1	0	2
180	11	0	0	600	0	11	-1	0	2
181	11	0	0	600	0	11	-1	0	2
182	11	0	0	600	0	11	-1	0	2
183	11	0	0	600	0	11	-1	0	2
184	11	0	0	600	0	11	-1	0	2
185	11	0	0	600	0	11	-1	0	2
186	11	0	0	600	0	11	-1	0	2
187	11	0	0	600	0	11	-1	0	2
188	11	0	0	600	0	11	-1	0	2
189	11	0	0	600	0	11	-1	0	2
190	11	0	0	600	0	11	-1	0	2
191	11	0	0	600	0	11	-1	0	2
192	11	0	0	600	0	11	-1	0	2
193	11	0	0	600	0	11	-1	0	2
194	11	0	0	600	0	11	-1	0	2
195	11	0	0	600	0	11	-1	0	2
196	11	0	0	600	0	11	-1	0	2
197	11	0	0	600	0	11	-1	0	2
198	11	0	0	600	0	11	-1	0	2
199	11	0	0	600	0	11	-1	0	2
200	11	0	0	600	0	11	-1	0	2
201	11	0	0	600	0	11	-1	0	2
202	11	0	0	600	0	11	-1	0	2
203	11	0	0	600	0	11	-1	0	2
204	11	0	0	600	0	11	-1	0	2
205	11	0	0	600	0	11	-1	0	2
206	11	0	0	600	0	11	-1	0	2
207	11	0	0	600	0	11	-1	0	2
208	11	0	0	600	0	11	-1	0	2
209	11	0	0	600	0	11	-1	0	2
210	11	0	0	600	0	11	-1	0	2
211	11	0	0	600	0	11	-1	0	2
212	11	0	0	600	0	11	-1	0	2
213	11	0	0	600	0	11	-1	0	2
214	11	0	0	600	0	11	-1	0	2
215	11	0	0	600	0	11	-1	0	2
216	11	0	0	600	0	11	-1	0	2
217	11	0	0	600	0	11	-1	0	2
218	11	0	0	600	0	11	-1	0	2
219	11	0	0	600	0	11	-1	0	2
220	11	0	0	600	0	11	-1	0	2
221	11	0	0	600	0	11	-1	0	2
222	11	0	0	600	0	11	-1	0	2
223	11	0	0	600	0	11	-1	0	2
224	11	0	0	600	0	11	-1	0	2
225	11	0	0	600	0	11	-1	0	2
226	11	0	0	600	0	11	-1	0	2
227	11	0	0	600	0	11	-1	0	2
228	11	0	0	600	0	11	-1	0	2
229	11	0	0	600	0	11	-1	0	2
230	11	0	0	600	0	11	-1	0	2
231	11	0	0	600	0	11	-1	0	2
232	11	0	0	600	0	11	-1	0	2
233	11	0	0	600	0	11	-1	0	2
234	11	0	0	600	0	11	-1	0	2
235	11	0	0	600	0	11	-1	0	2
236	11	0	0	600	0	11	-1	0	2
237	11	0	0	600	0	11	-1	0	2
238	11	0	0	600	0	11	-1	0	2
239	11	0	0	600	0	11	-1	0	2
240	11	0	0	600	0	11	-1	0	2
241	11	0	0	600	0	11	-1	0	2
242	11	0	0	600	0	11	-1	0	2
243	11	0	0	600	0	11	-1	0	2
244	11	0	0	600	0	11	-1	0	2
245	11	0	0	600	0	11	-1	0	2
246	11	0	0	600	0	11	-1	0	2
247	11	0	0	600	0	11	-1	0	2
248	11	0	0	600	0	11	-1	0	2
249	11	0	0	600	0	11	-1	0	2
250	11	0	0	600	0	11	-1	0	2
251	11	0	0	600	0	11	-1	0	2
252	11	0	0	600	0	11	-1	0	2
253	11	0	0	600	0	11	-1	0	2
254	11	0	0	600	0	11	-1	0	2
255	11	0	0	600	0	11	-1	0	2
256	11	0	0	600	0	11	-1	0	2
257	11	0	0	600	0	11	-1	0	2
258	11	0	0	600	0	11	-1	0	2
259	11	0	0	600	0	11	-1	0	2
260	11	0	0	600	0	11	-1	0	2
261	11	0	0	600	0	11	-1	0	2
262	11	0	0	600	0	11	-1	0	2
263	11	0	0	600	0	11	-1	0	2
264	11	0	0	600	0	11	-1	0	2
265	11	0	0	600	0	11	-1	0	2
266	11	0	0	600	0	11	-1	0	2
267	11	0	0	600	0	11	-1	0	2
268	11	0	0	600	0	11	-1	0	2
269	11	0	0	600	0	11	-1	0	2
270	11	0	0	600	0	11	-1	0	2
271	11	0	0	600	0	11	-1	0	2
272	11	0	0	600	0	11	-1	0	2
273	11	0	0	600	0	11	-1	0	2
274	11	0	0	600	0	11	-1	0	2
275	11	0	0	600	0	11	-1	0	2
276	11	0	0	600	0	11	-1	0	2
277	11	0	0	600	0	11	-1	0	2
278	11	0	0	600	0	11	-1	0	2
279	11	0	0	600	0	11	-1	0	2
280	11	0	0	600	0	11	-1	0	2
281	11	0	0	600	0	11	-1	0	2
282	11	0	0	600	0	11	-1	0	2
283	11	0	0	600	0	11	-1	0	2
284	11	0	0	600	0	11	-1	0	2
285	11	0	0	600	0	11	-1	0	2
286	11	0	0	600	0	11	-1	0	2
287	11	0	0	600	0	11	-1	0	2
288	11	0	0	600	0	11	-1	0	2
289	11	0	0	600	0	11	-1	0	2
290	11	0	0	600	0	11	-1	0	2
291	11	0	0	600	0	11	-1	0	2
292	11	0	0	600	0	11	-1	0	2
293	11	0	0	600	0	11	-1	0	2
294	11	0	0	600	0	11	-1	0	2
295	11	0	0	600	0	11	-1	0	2
296	11	0	0	600	0	11	-1	0	2
297	11	0	0	600	0	11	-1	0	2
298	11	0	0	600	0	11	-1	0	2
299	11	0	0	600	0	11	-1	0	2
300	11	0	0	600	0	11	-1	0	2
301	11	0	0	600	0	11	-1	0	2
302	11	0	0	600	0	11	-1	0	2
303	11	0	0	600	0	11	-1	0	2
304	11	0	0	600	0	11	-1	0	2
305	11	0	0	600	0	11	-1	0	2
306	11	0	0	600	0	11	-1	0	2
307	11	0	0	600	0	11	-1	0	2
308	11	0	0	600	0	11	-1	0	2
309	11	0	0	600	0	11	-1	0	2
310	11	0	0	600	0	11	-1	0	2
311	11	0	0	600	0	11	-1	0	2
312	11	0	0	600	0	11	-1	0	2
313	11	0	0	600	0	11	-1	0	2
314	11	0	0	600	0	11	-1	0	2
315	11	0	0	600	0	11	-1	0	2
316	11	0	0	600	0	11	-1	0	2
317	11	0	0	600	0	11	-1	0	2
318	11	0	0	600	0	11	-1	0	2
319	11	0	0	600	0	11	-1	0	2
320	11	0	0	600	0	11	-1	0	2
321	11	0	0	600	0	11	-1	0	2
322	11	0	0	600	0	11	-1	0	2
323	11	0	0	600	0	11	-1	0	2
324	11	0	0	600	0	11	-1	0	2
325	11	0	0	600	0	11	-1	0	2
326	11	0	0	600	0	11	-1	0	2
327	11	0	0	600	0	11	-1	0	2
328	11	0	0	600	0	11	-1	0	2
329	11	0	0	600	0	11	-1	0	2
330	11	0	0	600	0	11	-1	0	2
331	11	0	0	600	0	11	-1	0	2
332	11	0	0	600	0	11	-1	0	2
333	11	0	0	600	0	11	-1	0	2
334	11	0	0	600	0	11	-1	0	2
335	11	0	0	600	0	11	-1	0	2
336	11	0	0	600	0	11	-1	0	2
337	11	0	0	600	0	11	-1	0	2
338	11	0	0	600	0	11	-1	0	2
339	11	0	0	600	0	11	-1	0	2
340	11	0	0	600	0	11	-1	0	2
341	11	0	0	600	0	11	-1	0	2
342	11	0	0	600	0	11	-1	0	2
343	11	0	0	600	0	11	-1	0	2
344	11	0	0	600	0	11	-1	0	2
345	11	0	0	600	0	11	-1	0	2
346	11	0	0	600	0	11	-1	0	2
347	11	0	0	600	0	11	-1	0	2
348	11	0	0	600	0	11	-1	0	2
349	11	0	0	600	0	11	-1	0	2
350	11	0	0	600	0	11	-1	0	2
351	11	0	0	600	0	11	-1	0	2
352	11	0	0	600	0	11	-1	0	2
353	11	0	0	600	0	11	-1	0	2
354	11	0	0	600	0	11	-1	0	2
355	11	0	0	600	0	11	-1	0	2
356	11	0	0	600	0	11	-1	0	2
357	11	0	0	600	0	11	-1	0	2
358	11	0	0	600	0	11	-1	0	2
359	11	0	0	600	0	11	-1	0	2
360	11	0	0	600	0	11	-1	0	2
361	11	0	0	600	0	11	-1	0	2
362	11	0	0	600	0	11	-1	0	2
363	11	0	0	600	0	11	-1	0	2
364	11	0	0	600	0	11	-1	0	2
365	11	0	0	600	0	11	-1	0	2
366	11	0	0	600	0	11	-1	0	2
367	11	0	0	600	0	11	-1	0	2
368	11	0	0	600	0	11	-1	0	2
369	11	0	0	600	0	11	-1	0	2
370	11	0	0	600	0	11	-1	0	2
371	11	0	0	600	0	11	-1	0	2
372	11	0	0	600	0	11	-1	0	2
373	11	0	0	600	0	11	-1	0	2
374	11	0	0	600	0	11	-1	0	2
375	11	0	0	600	0	11	-1	0	2
376	11	0	0	600	0	11	-1	0	2
377	11	0	0	600	0	11	-1	0	2
378	11	0	0	600	0	11	-1	0	2
379	11	0	0	600	0	11	-1	0	2
380	11	0	0	600	0	11	-1	0	2
381	11	0	0	600	0	11	-1	0	2
382	11	0	0	600	0	11	-1	0	2
383	11	0	0	600	0	11	-1	0	2
384	11	0	0	600	0	11	-1	0	2
385	11	0	0	600	0	11	-1	0	2
386	11	0	0	600	0	11	-1	0	2
387	11	0	0	600	0	11	-1	0	2
388	11	0	0	600	0	11	-1	0	2
389	11	0	0	600	0	11	-1	0	2
390	11	0	0	600	0	11	-1	0	2
391	11	0	0	600	0	11	-1	0	2
392	11	0	0	600	0	11	-1	0	2
393	11	0	0	600	0	11	-1	0	2
394	11	0	0	600	0	11	-1	0	2
395	11	0	0	600	0	11	-1	0	2
396	11	0	0	600	0	11	-1	0	2
397	11	0	0	600	0	11	-1	0	2
398	11	0	0	600	0	11	-1	0	2
399	11	0	0	600	0	11	-1	0	2
400	11	0	0	600	0	11	-1	0	2
401	11	0	0	600	0	11	-1	0	2
402	11	0	0	600	0	11	-1	0	2
403	11	0	0	600	0	11	-1	0	2
404	11	0	0	600	0	11	-1	0	2
405	11	0	0	600	0	11	-1	0	2
406	11	0	0	600	0	11	-1	0	2
407	11	0	0	600	0	11	-1	0	2
408	11	0	0	600	0	11	-1	0	2
409	11	0	0	600	0	11	-1	0	2
410	11	0	0	600	0	11	-1	0	2
411	11	0	0	600	0	11	-1	0	2
412	11	0	0	600	0	11	-1	0	2
413	11	0	0	600	0	11	-1	0	2
414	11	0	0	600	0	11	-1	0	2
415	11	0	0	600	0	11	-1	0	2
416	11	0	0	600	0	11	-1	0	2
417	11	0	0	600	0	11	-1	0	2
418	11	0	0	600	0	11	-1	0	2
419	11	0	0	600	0	11	-1	0	2
420	11	0	0	600	0	11	-1	0	2
421	11	0	0	600	0	11	-1	0	2
422	11	0	0	600	0	11	-1	0	2
423	11	0	0	600	0	11	-1	0	2
424	11	0	0	600	0	11	-1	0	2
425	11	0	0	600	0	11	-1	0	2
426	11	0	0	600	0	11	-1	0	2
427	11	0	0	600	0	11	-1	0	2
428	11	0	0	600	0	11	-1	0	2
429	11	0	0	600	0	11	-1	0	2
430	11	0	0	600	0	11	-1	0	2
431	11	0	0	600	0	11	-1	0	2
432	11	0	0	600	0	11	-1	0	2
433	11	0	0	600	0	11	-1	0	2
434	11	0	0	600	0	11	-1	0	2
435	11	0	0	600	0	11	-1	0	2
436	11	0	0	600	0	11	-1	0	2
437	11	0	0	600	0	11	-1	0	2
438	11	0	0	600	0	11	-1	0	2
439	11	0	0	600	0	11	-1	0	2
440	11	0	0	600	0	11	-1	0	2
441	11	0	0	600	0	11	-1	0	2
442	11	0	0	600	0	11	-1	0	2
443	11	0	0	600	0	11	-1	0	2
444	11	0	0	600	0	11	-1	0	2
445	11	0	0	600	0	11	-1	0	2
446	11	0	0	600	0	11	-1	0	2
447	11	0	0	600	0	11	-1	0	2
448	11	0	0	600	0	11	-1	0	2
449	11	0	0	600	0	11	-1	0	2
450	11	0	0	600	0	11	-1	0	2
451	11	0	0	600	0	11	-1	0	2
452	11	0	0	600	0	11	-1	0	2
453	11	0	0	600	0	11	-1	0	2
454	11	0	0	600	0	11	-1	0	2
455	11	0	0	600	0	11	-1	0	2
456	11	0	0	600	0	11	-1	0	2
457	11	0	0	600	0	11	-1	0	2
458	11	0	0	600	0	11	-1	0	2
459	11	0	0	600	0	11	-1	0	2
460	11	0	0	600	0	11	-1	0	2
461	11	0	0	600	0	11	-1	0	2
462	11	0	0	600	0	11	-1	0	2
463	11	0	0	600	0	11	-1	0	2
464	11	0	0	600	0	11	-1	0	2
465	11	0	0	600	0	11	-1	0	2
466	11	0	0	600	0	11	-1	0	2
467	11	0	0	600	0	11	-1	0	2
468	11	0	0	600	0	11	-1	0	2
469	11	0	0	600	0	11	-1	0	2
470	11	0	0	600	0	11	-1	0	2
471	11	0	0	600	0	11	-1	0	2
472	11	0	0	600	0	11	-1	0	2
473	11	0	0	600	0	11	-1	0	2
474	11	0	0	600	0	11	-1	0	2
475	11	0	0	600	0	11	-1	0	2
476	11	0	0	600	0	11	-1	0	2
477	11	0	0	600	0	11	-1	0	2
478	11	0	0	600	0	11	-1	0	2
479	11	0	0	600	0	11	-1	0	2
480	11	0	0	600	0	11	-1	0	2
481	11	0	0	600	0	11	-1	0	2
482	11	0	0	600	0	11	-1	0	2
483	11	0	0	600	0	11	-1	0	2
484	11	0	0	600	0	11	-1	0	2
485	11	0	0	600	0	11	-1	0	2
486	11	0	0	600	0	11	-1	0	2
487	11	0	0	600	0	11	-1	0	2
488	11	0	0	600	0	11	-1	0	2
489	11	0	0	600	0	11	-1	0	2
490	11	0	0	600	0	11	-1	0	2
491	11	0	0	600	0	11	-1	0	2
492	11	0	0	600	0	11	-1	0	2
493	11	0	0	600	0	11	-1	0	2
494	11	0	0	600	0	11	-1	0	2
495	11	0	0	600	0	11	-1	0	2
496	11	0	0	600	0	11	-1	0	2
497	11	0	0	600	0	11	-1	0	2
498	11	0	0	600	0	11	-1	0	2
499	11	0	0	600	0	11	-1	0	2
500	11	0	0	600	0	11	-1	0	2
501	11	0	0	600	0	11	-1	0	2
502	11	0	0	600	0	11	-1	0	2
503	11	0	0	600	0	11	-1	0	2
504	11	0	0	600	0	11	-1	0	2
505	11	0	0	600	0	11	-1	0	2
506	11	0	0	600	0	11	-1	0	2
507	11	0	0	600	0	11	-1	0	2
508	11	0	0	600	0	11	-1	0	2
509	11	0	0	600	0	11	-1	0	2
510	11	0	0	600	0	11	-1	0	2
511	11	0	0	600	0	11	-1	0	2
512	11	0	0	600	0	11	-1	0	2
513	11	0	0	600	0	11	-1	0	2
514	11	0	0	600	0	11	-1	0	2
515	11	0	0	600	0	11	-1	0	2
516	11	0	0	600	0	11	-1	0	2
517	11	0	0	600	0	11	-1	0	2
518	11	0	0	600	0	11	-1	0	2
519	11	0	0	600	0	11	-1	0	2
520	11	0	0	600	0	11	-1	0	2
521	11	0	0	600	0	11	-1	0	2
522	11	0	0	600	0	11	-1	0	2
523	11	0	0	600	0	11	-1	0	2
524	11	0	0	600	0	11	-1	0	2
525	11	0	0	600	0	11	-1	0	2
526	11	0	0	600	0	11	-1	0	2
527	11	0	0	600	0	11	-1	0	2
528	11	0	0	600	0	11	-1	0	2
529	11	0	0	600	0	11	-1	0	2
530	11	0	0	600	0	11	-1	0	2
531	11	0	0	600	0	11	-1	0	2
532	11	0	0	600	0	11	-1	0	2
533	11	0	0	600	0	11	-1	0	2
534	11	0	0	600	0	11	-1	0	2
535	11	0	0	600	0	11	-1	0	2
536	11	0	0	600	0	11	-1	0	2
537	11	0	0	600	0	11	-1	0	2
538	11	0	0	600	0	11	-1	0	2
539	11	0	0	600	0	11	-1	0	2
540	11	0	0	600	0	11	-1	0	2
541	11	0	0	600	0	11	-1	0	2
542	11	0	0	600	0	11	-1	0	2
543	11	0	0	600	0	11	-1	0	2
544	11	0	0	600	0	11	-1	0	2
545	11	0	0	600	0	11	-1	0	2
546	11	0	0	600	0	11	-1	0	2
547	11	0	0	600	0	11	-1	0	2
548	11	0	0	600	0	11	-1	0	2
549	11	0	0	600	0	11	-1	0	2
550	11	0	0	600	0	11	-1	0	2
551	11	0	0	600	0	11	-1	0	2
552	11	0	0	600	0	11	-1	0	2
553	11	0	0	600	0	11	-1	0	2
554	11	0	0	600	0	11	-1	0	2
555	11	0	0	600	0	11	-1	0	2
556	11	0	0	600	0	11	-1	0	2
557	11	0	0	600	0	11	-1	0	2
558	11	0	0	600	0	11	-1	0	2
559	11	0	0	600	0	11	-1	0	2
560	11	0	0	600	0	11	-1	0	2
561	11	0	0	600	0	11	-1	0	2
562	11	0	0	600	0	11	-1	0	2
563	11	0	0	600	0	11	-1	0	2
564	11	0	0	600	0	11	-1	0	2
565	11	0	0	600	0	11	-1	0	2
566	11	0	0	600	0	11	-1	0	2
567	11	0	0	600	0	11	-1	0	2
568	11	0	0	600	0	11	-1	0	2
569	11	0	0	600	0	11	-1	0	2
570	11	0	0	600	0	11	-1	0	2
571	11	0	0	600	0	11	-1	0	2
572	11	0	0	600	0	11	-1	0	2
573	11	0	0	600	0	11	-1	0	2
574	11	0	0	600	0	11	-1	0	2
575	11	0	0	600	0	11	-1	0	2
576	11	0	0	600	0	11	-1	0	2
577	11	0	0	600	0	11	-1	0	2
578	11	0	0	600	0	11	-1	0	2
579	11	0	0	600	0	11	-1	0	2
580	11	0	0	600	0	11	-1	0	2
581	11	0	0	600	0	11	-1	0	2
582	11	0	0	600	0	11	-1	0	2
583	11	0	0	600	0	11	-1	0	2
584	11	0	0	600	0	11	-1	0	2
585	11	0	0	600	0	11	-1	0	2
586	11	0	0	600	0	11	-1	0	2
587	11	0	0	600	0	11	-1	0	2
588	11	0	0	600	0	11	-1	0	2
589	11	0	0	600	0	11	-1	0	2
590	11	0	0	600	0	11	-1	0	2
591	11	0	0	600	0	11	-1	0	2
592	11	0	0	600	0	11	-1	0	2
593	11	0	0	600	0	11	-1	0	2
594	11	0	0	600	0	11	-1	0	2
595	11	0	0	600	0	11	-1	0	2
596	11	0	0	600	0	11	-1	0	2
597	11	0	0	600	0	11	-1	0	2
598	11	0	0	600	0	11	-1	0	2
599	11	0	0	600	0	11	-1	0	2
600	11	0	0	600	0	11	-1	0	2
601	11	0	0	600	0	11	-1	0	2
602	11	0	0	600	0	11	-1	0	2
603	11	0	0	600	0	11	-1	0	2
604	11	0	0	600	0	11	-1	0	2
605	11	0	0	600	0	11	-1	0	2
606	11	0	0	600	0	11	-1	0	2
607	11	0	0	600	0	11	-1	0	2
608	11	0	0	600	0	11	-1	0	2
609	11	0	0	600	0	11	-1	0	2
610	11	0	0	600	0	11	-1	0	2
611	11	0	0	600	0	11	-1	0	2
612	11	0	0	600	0	11	-1	0	2
613	11	0	0	600	0	11	-1	0	2
614	11	0	0	600	0	11	-1	0	2
615	11	0	0	600	0	11	-1	0	2
616	11	0	0	600	0	11	-1	0	2
617	11	1	1	600	617	11	11	0	2
618	11	1	1	600	617	11	11	0	2
619	11	1	1	600	617	11	11	0	2
620	11	1	1	600	617	11	11	0	2
621	11	1	1	600	617	11	11	0	2
622	11	1	1	600	617	11	11	0	2
623	11	1	1	600	617	11	11	0	2
624	11	1	1	600	617	11	11	0	2
625	11	1	1	600	617	11	11	0	2
626	11	1	1	600	617	11	11	0	2
627	11	1	1	600	617	11	11	0	2
628	11	1	1	600	617	11	11	0	2
629	11	1	1	600	617	11	11	0	2
630	11	1	1	600	617	11	11	0	2
631	11	1	1	600	617	11	11	0	2
632	11	1	1	600	617	11	11	0	2
633	11	1	1	600	617	11	11	0	2
634	11	1	1	600	617	11	11	0	2
635	11	1	1	600	617	11	11	0	2
636	11	1	1	600	617	11	11	0	2
637	11	1	1	600	617	11	11	0	2
638	11	1	1	600	617	11	11	0	2
639	11	1	1	600	617	11	11	0	2
640	11	1	1	600	617	11	11	0	2
641	11	1	1	600	617	11	11	0	2
642	11	1	1	600	617	11	11	0	2
643	11	1	1	600	617	11	11	0	2
644	11	1	1	600	617	11	11	0	2
645	11	1	1	600	617	11	11	0	2
646	11	1	1	600	617	11	11	0	2
647	11	1	1	600	617	11	11	0	2
648	11	1	1	600	617	11	11	0	2
649	11	1	1	600	617	11	11	0	2
650	11	1	1	600	617	11	11	0	2
651	11	1	1	600	617	11	11	0	2
652	11	1	1	600	617	11	11	0	2
653	11	1	1	600	617	11	11	0	2
654	11	1	1	600	617	11	11	0	2
655	11	1	1	600	617	11	11	0	2
656	11	1	1	600	617	11	11	0	2
657	11	1	1	600	617	11	11	0	2
658	11	1	1	600	617	11	11	0	2
659	11	1	1	600	617	11	11	0	2
660	11	1	1	600	617	11	11	0	2
661	11	1	1	600	617	11	11	0	2
662	11	1	1	600	617	11	11	0	2
663	11	1	1	600	617	11	11	0	2
664	11	1	1	600	617	11	11	0	2
665	11	1	1	600	617	11	11	0	2
666	11	1	1	600	617	11	11	0	2
667	11	1	1	600	617	11	11	0	2
668	11	1	1	600	617	11	11	0	2
669	11	1	1	600	617	11	11	0	2
670	11	1	1	600	617	11	11	0	2
671	11	1	1	600	617	11	11	0	2
672	11	1	1	600	617	11	11	0	2
673	11	1	1	600	617	11	11	0	2
674	11	1	1	600	617	11	11	0	2
675	11	1	1	600	617	11	11	0	2
676	11	1	1	600	617	11	11	0	2
677	11	1	1	600	617	11	11	0	2
678	11	1	1	600	617	11	11	0	2
679	11	1	1	600	617	11	11	0	2
680	11	1	1	600	617	11	11	0	2
681	11	1	1	600	617	11	11	0	2
682	11	1	1	600	617	11	11	0	2
