1	7	0	0	600	0	7	-1	0	-5
2	7	0	0	600	0	7	-1	0	-5
3	7	0	0	600	0	7	-1	0	-5
4	7	0	0	600	0	7	-1	0	-5
5	7	0	0	600	0	7	-1	0	-5
6	7	0	0	600	0	7	-1	0	-5
7	7	0	0	600	0	7	-1	0	-5
8	7	0	0	600	0	7	-1	0	-5
9	7	0	0	600	0	7	-1	0	-5
10	7	0	0	600	0	7	-1	0	-5
11	7	0	0	600	0	7	-1	0	-5
12	7	0	0	600	0	7	-1	0	-5
13	7	0	0	600	0	7	-1	0	-5
14	7	0	0	600	0	7	-1	0	-5
15	7	0	0	600	0	7	-1	0	-5
16	7	0	0	600	0	7	-1	0	-5
17	7	0	0	600	0	7	-1	0	-5
18	7	0	0	600	0	7	-1	0	-5
19	7	0	0	600	0	7	-1	0	-5
20	7	0	0	600	0	7	-1	0	-5
21	7	0	0	600	0	7	-1	0	-5
22	7	0	0	600	0	7	-1	0	-5
23	7	0	0	600	0	7	-1	0	-5
24	7	0	0	600	0	7	-1	0	-5
25	7	0	0	600	0	7	-1	0	-5
26	7	0	0	600	0	7	-1	0	-5
27	7	0	0	600	0	7	-1	0	-5
28	7	0	0	600	0	7	-1	0	-5
29	7	0	0	600	0	7	-1	0	-5
30	7	0	0	600	0	7	-1	0	-5
31	7	0	0	600	0	7	-1	0	-5
32	7	0	0	600	0	7	-1	0	-5
33	7	0	0	600	0	7	-1	0	-5
34	7	0	0	600	0	7	-1	0	-5
35	7	0	0	600	0	7	-1	0	-5
36	7	0	0	600	0	7	-1	0	-5
37	7	0	0	600	0	7	-1	0	-5
38	7	0	0	600	0	7	-1	0	-5
39	7	0	0	600	0	7	-1	0	-5
40	7	0	0	600	0	7	-1	0	-5
41	7	0	0	600	0	7	-1	0	-5
42	7	0	0	600	0	7	-1	0	-5
43	7	0	0	600	0	7	-1	0	-5
44	7	0	0	600	0	7	-1	0	-5
45	7	0	0	600	0	7	-1	0	-5
46	7	0	0	600	0	7	-1	0	-5
47	7	0	0	600	0	7	-1	0	-5
48	7	0	0	600	0	7	-1	0	-5
49	7	0	0	600	0	7	-1	0	-5
50	7	0	0	600	0	7	-1	0	-5
51	7	0	0	600	0	7	-1	0	-5
52	7	0	0	600	0	7	-1	0	-5
53	7	0	0	600	0	7	-1	0	-5
54	7	0	0	600	0	7	-1	0	-5
55	7	0	0	600	0	7	-1	0	-5
56	7	0	0	600	0	7	-1	0	-5
57	7	0	0	600	0	7	-1	0	-5
58	7	0	0	600	0	7	-1	0	-5
59	7	0	0	600	0	7	-1	0	-5
60	7	0	0	600	0	7	-1	0	-5
61	7	0	0	600	0	7	-1	0	-5
62	7	0	0	600	0	7	-1	0	-5
63	7	0	0	600	0	7	-1	0	-5
64	7	0	0	600	0	7	-1	0	-5
65	7	0	0	600	0	7	-1	0	-5
66	7	0	0	600	0	7	-1	0	-5
67	7	0	0	600	0	7	-1	0	-5
68	7	0	0	600	0	7	-1	0	-5
69	7	0	0	600	0	7	-1	0	-5
70	7	0	0	600	0	7	-1	0	-5
71	7	0	0	600	0	7	-1	0	-5
72	7	0	0	600	0	7	-1	0	-5
73	7	0	0	600	0	7	-1	0	-5
74	7	0	0	600	0	7	-1	0	-5
75	7	0	0	600	0	7	-1	0	-5
76	7	0	0	600	0	7	-1	0	-5
77	7	0	0	600	0	7	-1	0	-5
78	7	0	0	600	0	7	-1	0	-5
79	7	0	0	600	0	7	-1	0	-5
80	7	0	0	600	0	7	-1	0	-5
81	7	0	0	600	0	7	-1	0	-5
82	7	0	0	600	0	7	-1	0	-5
83	7	0	0	600	0	7	-1	0	-5
84	7	0	0	600	0	7	-1	0	-5
85	7	0	0	600	0	7	-1	0	-5
86	7	0	0	600	0	7	-1	0	-5
87	7	0	0	600	0	7	-1	0	-5
88	7	0	0	600	0	7	-1	0	-5
89	7	0	0	600	0	7	-1	0	-5
90	7	0	0	600	0	7	-1	0	-5
91	7	0	0	600	0	7	-1	0	-5
92	7	0	0	600	0	7	-1	0	-5
93	7	0	0	600	0	7	-1	0	-5
94	7	0	0	600	0	7	-1	0	-5
95	7	0	0	600	0	7	-1	0	-5
96	7	0	0	600	0	7	-1	0	-5
97	7	0	0	600	0	7	-1	0	-5
98	7	0	0	600	0	7	-1	0	-5
99	7	0	0	600	0	7	-1	0	-5
100	7	0	0	600	0	7	-1	0	-5
101	7	0	0	600	0	7	-1	0	-5
102	7	0	0	600	0	7	-1	0	-5
103	7	0	0	600	0	7	-1	0	-5
104	7	0	0	600	0	7	-1	0	-5
105	7	0	0	600	0	7	-1	0	-5
106	7	0	0	600	0	7	-1	0	-5
107	7	0	0	600	0	7	-1	0	-5
108	7	0	0	600	0	7	-1	0	-5
109	7	0	0	600	0	7	-1	0	-5
110	7	0	0	600	0	7	-1	0	-5
111	7	0	0	600	0	7	-1	0	-5
112	7	0	0	600	0	7	-1	0	-5
113	7	0	0	600	0	7	-1	0	-5
114	7	0	0	600	0	7	-1	0	-5
115	7	0	0	600	0	7	-1	0	-5
116	7	0	0	600	0	7	-1	0	-5
117	7	0	0	600	0	7	-1	0	-5
118	7	0	0	600	0	7	-1	0	-5
119	7	0	0	600	0	7	-1	0	-5
120	7	0	0	600	0	7	-1	0	-5
121	7	0	0	600	0	7	-1	0	-5
122	7	0	0	600	0	7	-1	0	-5
123	7	0	0	600	0	7	-1	0	-5
124	7	0	0	600	0	7	-1	0	-5
125	7	0	0	600	0	7	-1	0	-5
126	7	0	0	600	0	7	-1	0	-5
127	7	0	0	600	0	7	-1	0	-5
128	7	0	0	600	0	7	-1	0	-5
129	7	0	0	600	0	7	-1	0	-5
130	7	0	0	600	0	7	-1	0	-5
131	7	0	0	600	0	7	-1	0	-5
132	7	0	0	600	0	7	-1	0	-5
133	7	0	0	600	0	7	-1	0	-5
134	7	0	0	600	0	7	-1	0	-5
135	7	0	0	600	0	7	-1	0	-5
136	7	0	0	600	0	7	-1	0	-5
137	7	0	0	600	0	7	-1	0	-5
138	7	0	0	600	0	7	-1	0	-5
139	7	0	0	600	0	7	-1	0	-5
140	7	0	0	600	0	7	-1	0	-5
141	7	0	0	600	0	7	-1	0	-5
142	7	0	0	600	0	7	-1	0	-5
143	7	0	0	600	0	7	-1	0	-5
144	7	0	0	600	0	7	-1	0	-5
145	7	0	0	600	0	7	-1	0	-5
146	7	0	0	600	0	7	-1	0	-5
147	7	0	0	600	0	7	-1	0	-5
148	7	0	0	600	0	7	-1	0	-5
149	7	0	0	600	0	7	-1	0	-5
150	7	0	0	600	0	7	-1	0	-5
151	7	0	0	600	0	7	-1	0	-5
152	7	0	0	600	0	7	-1	0	-5
153	7	0	0	600	0	7	-1	0	-5
154	7	0	0	600	0	7	-1	0	-5
155	7	0	0	600	0	7	-1	0	-5
156	7	0	0	600	0	7	-1	0	-5
157	7	0	0	600	0	7	-1	0	-5
158	7	0	0	600	0	7	-1	0	-5
159	7	0	0	600	0	7	-1	0	-5
160	7	0	0	600	0	7	-1	0	-5
161	7	0	0	600	0	7	-1	0	-5
162	7	0	0	600	0	7	-1	0	-5
163	7	0	0	600	0	7	-1	0	-5
164	7	0	0	600	0	7	-1	0	-5
165	7	0	0	600	0	7	-1	0	-5
166	7	0	0	600	0	7	-1	0	-5
167	7	0	0	600	0	7	-1	0	-5
168	7	0	0	600	0	7	-1	0	-5
169	7	0	0	600	0	7	-1	0	-5
170	7	0	0	600	0	7	-1	0	-5
171	7	0	0	600	0	7	-1	0	-5
172	7	0	0	600	0	7	-1	0	-5
173	7	0	0	600	0	7	-1	0	-5
174	7	0	0	600	0	7	-1	0	-5
175	7	0	0	600	0	7	-1	0	-5
176	7	0	0	600	0	7	-1	0	-5
177	7	0	0	600	0	7	-1	0	-5
178	7	0	0	600	0	7	-1	0	-5
179	7	0	0	600	0	7	-1	0	-5
180	7	0	0	600	0	7	-1	0	-5
181	7	0	0	600	0	7	-1	0	-5
182	7	0	0	600	0	7	-1	0	-5
183	7	0	0	600	0	7	-1	0	-5
184	7	0	0	600	0	7	-1	0	-5
185	7	0	0	600	0	7	-1	0	-5
186	7	0	0	600	0	7	-1	0	-5
187	7	0	0	600	0	7	-1	0	-5
188	7	0	0	600	0	7	-1	0	-5
189	7	0	0	600	0	7	-1	0	-5
190	7	0	0	600	0	7	-1	0	-5
191	7	0	0	600	0	7	-1	0	-5
192	7	0	0	600	0	7	-1	0	-5
193	7	0	0	600	0	7	-1	0	-5
194	7	0	0	600	0	7	-1	0	-5
195	7	0	0	600	0	7	-1	0	-5
196	7	0	0	600	0	7	-1	0	-5
197	7	0	0	600	0	7	-1	0	-5
198	7	0	0	600	0	7	-1	0	-5
199	7	0	0	600	0	7	-1	0	-5
200	7	0	0	600	0	7	-1	0	-5
201	7	0	0	600	0	7	-1	0	-5
202	7	0	0	600	0	7	-1	0	-5
203	7	0	0	600	0	7	-1	0	-5
204	7	0	0	600	0	7	-1	0	-5
205	7	0	0	600	0	7	-1	0	-5
206	7	0	0	600	0	7	-1	0	-5
207	7	0	0	600	0	7	-1	0	-5
208	7	0	0	600	0	7	-1	0	-5
209	7	0	0	600	0	7	-1	0	-5
210	7	0	0	600	0	7	-1	0	-5
211	7	0	0	600	0	7	-1	0	-5
212	7	0	0	600	0	7	-1	0	-5
213	7	0	0	600	0	7	-1	0	-5
214	7	0	0	600	0	7	-1	0	-5
215	7	0	0	600	0	7	-1	0	-5
216	7	0	0	600	0	7	-1	0	-5
217	7	0	0	600	0	7	-1	0	-5
218	7	0	0	600	0	7	-1	0	-5
219	7	0	0	600	0	7	-1	0	-5
220	7	0	0	600	0	7	-1	0	-5
221	7	0	0	600	0	7	-1	0	-5
222	7	0	0	600	0	7	-1	0	-5
223	7	0	0	600	0	7	-1	0	-5
224	7	0	0	600	0	7	-1	0	-5
225	7	0	0	600	0	7	-1	0	-5
226	7	0	0	600	0	7	-1	0	-5
227	7	0	0	600	0	7	-1	0	-5
228	7	0	0	600	0	7	-1	0	-5
229	7	0	0	600	0	7	-1	0	-5
230	7	0	0	600	0	7	-1	0	-5
231	7	0	0	600	0	7	-1	0	-5
232	7	0	0	600	0	7	-1	0	-5
233	7	0	0	600	0	7	-1	0	-5
234	7	0	0	600	0	7	-1	0	-5
235	7	0	0	600	0	7	-1	0	-5
236	7	0	0	600	0	7	-1	0	-5
237	7	0	0	600	0	7	-1	0	-5
238	7	0	0	600	0	7	-1	0	-5
239	7	0	0	600	0	7	-1	0	-5
240	7	0	0	600	0	7	-1	0	-5
241	7	0	0	600	0	7	-1	0	-5
242	7	0	0	600	0	7	-1	0	-5
243	7	0	0	600	0	7	-1	0	-5
244	7	0	0	600	0	7	-1	0	-5
245	7	0	0	600	0	7	-1	0	-5
246	7	0	0	600	0	7	-1	0	-5
247	7	0	0	600	0	7	-1	0	-5
248	7	0	0	600	0	7	-1	0	-5
249	7	0	0	600	0	7	-1	0	-5
250	7	0	0	600	0	7	-1	0	-5
251	7	0	0	600	0	7	-1	0	-5
252	7	0	0	600	0	7	-1	0	-5
253	7	0	0	600	0	7	-1	0	-5
254	7	0	0	600	0	7	-1	0	-5
255	7	0	0	600	0	7	-1	0	-5
256	7	0	0	600	0	7	-1	0	-5
257	7	0	0	600	0	7	-1	0	-5
258	7	0	0	600	0	7	-1	0	-5
259	7	0	0	600	0	7	-1	0	-5
260	7	0	0	600	0	7	-1	0	-5
261	7	0	0	600	0	7	-1	0	-5
262	7	0	0	600	0	7	-1	0	-5
263	7	0	0	600	0	7	-1	0	-5
264	7	0	0	600	0	7	-1	0	-5
265	7	0	0	600	0	7	-1	0	-5
266	7	0	0	600	0	7	-1	0	-5
267	7	0	0	600	0	7	-1	0	-5
268	7	0	0	600	0	7	-1	0	-5
269	7	0	0	600	0	7	-1	0	-5
270	7	0	0	600	0	7	-1	0	-5
271	7	0	0	600	0	7	-1	0	-5
272	7	0	0	600	0	7	-1	0	-5
273	7	0	0	600	0	7	-1	0	-5
274	7	0	0	600	0	7	-1	0	-5
275	7	0	0	600	0	7	-1	0	-5
276	7	0	0	600	0	7	-1	0	-5
277	7	0	0	600	0	7	-1	0	-5
278	7	0	0	600	0	7	-1	0	-5
279	7	0	0	600	0	7	-1	0	-5
280	7	0	0	600	0	7	-1	0	-5
281	7	0	0	600	0	7	-1	0	-5
282	7	0	0	600	0	7	-1	0	-5
283	7	0	0	600	0	7	-1	0	-5
284	7	0	0	600	0	7	-1	0	-5
285	7	0	0	600	0	7	-1	0	-5
286	7	0	0	600	0	7	-1	0	-5
287	7	0	0	600	0	7	-1	0	-5
288	7	0	0	600	0	7	-1	0	-5
289	7	0	0	600	0	7	-1	0	-5
290	7	0	0	600	0	7	-1	0	-5
291	7	0	0	600	0	7	-1	0	-5
292	7	0	0	600	0	7	-1	0	-5
293	7	0	0	600	0	7	-1	0	-5
294	7	0	0	600	0	7	-1	0	-5
295	7	0	0	600	0	7	-1	0	-5
296	7	0	0	600	0	7	-1	0	-5
297	7	0	0	600	0	7	-1	0	-5
298	7	0	0	600	0	7	-1	0	-5
299	7	0	0	600	0	7	-1	0	-5
300	7	0	0	600	0	7	-1	0	-5
301	7	0	0	600	0	7	-1	0	-5
302	7	0	0	600	0	7	-1	0	-5
303	7	0	0	600	0	7	-1	0	-5
304	7	0	0	600	0	7	-1	0	-5
305	7	0	0	600	0	7	-1	0	-5
306	7	0	0	600	0	7	-1	0	-5
307	7	0	0	600	0	7	-1	0	-5
308	7	0	0	600	0	7	-1	0	-5
309	7	0	0	600	0	7	-1	0	-5
310	7	0	0	600	0	7	-1	0	-5
311	7	0	0	600	0	7	-1	0	-5
312	7	0	0	600	0	7	-1	0	-5
313	7	0	0	600	0	7	-1	0	-5
314	7	0	0	600	0	7	-1	0	-5
315	7	0	0	600	0	7	-1	0	-5
316	7	0	0	600	0	7	-1	0	-5
317	7	0	0	600	0	7	-1	0	-5
318	7	0	0	600	0	7	-1	0	-5
319	7	0	0	600	0	7	-1	0	-5
320	7	0	0	600	0	7	-1	0	-5
321	7	0	0	600	0	7	-1	0	-5
322	7	0	0	600	0	7	-1	0	-5
323	7	0	0	600	0	7	-1	0	-5
324	7	0	0	600	0	7	-1	0	-5
325	7	0	0	600	0	7	-1	0	-5
326	7	0	0	600	0	7	-1	0	-5
327	7	0	0	600	0	7	-1	0	-5
328	7	0	0	600	0	7	-1	0	-5
329	7	0	0	600	0	7	-1	0	-5
330	7	0	0	600	0	7	-1	0	-5
331	7	0	0	600	0	7	-1	0	-5
332	7	0	0	600	0	7	-1	0	-5
333	7	0	0	600	0	7	-1	0	-5
334	7	0	0	600	0	7	-1	0	-5
335	7	0	0	600	0	7	-1	0	-5
336	7	0	0	600	0	7	-1	0	-5
337	7	0	0	600	0	7	-1	0	-5
338	7	0	0	600	0	7	-1	0	-5
339	7	0	0	600	0	7	-1	0	-5
340	7	0	0	600	0	7	-1	0	-5
341	7	0	0	600	0	7	-1	0	-5
342	7	0	0	600	0	7	-1	0	-5
343	7	0	0	600	0	7	-1	0	-5
344	7	0	0	600	0	7	-1	0	-5
345	7	0	0	600	0	7	-1	0	-5
346	7	0	0	600	0	7	-1	0	-5
347	7	0	0	600	0	7	-1	0	-5
348	7	0	0	600	0	7	-1	0	-5
349	7	0	0	600	0	7	-1	0	-5
350	7	0	0	600	0	7	-1	0	-5
351	7	0	0	600	0	7	-1	0	-5
352	7	0	0	600	0	7	-1	0	-5
353	7	0	0	600	0	7	-1	0	-5
354	7	0	0	600	0	7	-1	0	-5
355	7	0	0	600	0	7	-1	0	-5
356	7	0	0	600	0	7	-1	0	-5
357	7	0	0	600	0	7	-1	0	-5
358	7	0	0	600	0	7	-1	0	-5
359	7	0	0	600	0	7	-1	0	-5
360	7	0	0	600	0	7	-1	0	-5
361	7	0	0	600	0	7	-1	0	-5
362	7	0	0	600	0	7	-1	0	-5
363	7	0	0	600	0	7	-1	0	-5
364	7	0	0	600	0	7	-1	0	-5
365	7	0	0	600	0	7	-1	0	-5
366	7	0	0	600	0	7	-1	0	-5
367	7	0	0	600	0	7	-1	0	-5
368	7	0	0	600	0	7	-1	0	-5
369	7	0	0	600	0	7	-1	0	-5
370	7	0	0	600	0	7	-1	0	-5
371	7	0	0	600	0	7	-1	0	-5
372	7	0	0	600	0	7	-1	0	-5
373	7	0	0	600	0	7	-1	0	-5
374	7	0	0	600	0	7	-1	0	-5
375	7	0	0	600	0	7	-1	0	-5
376	7	0	0	600	0	7	-1	0	-5
377	7	0	0	600	0	7	-1	0	-5
378	7	0	0	600	0	7	-1	0	-5
379	7	0	0	600	0	7	-1	0	-5
380	7	0	0	600	0	7	-1	0	-5
381	7	0	0	600	0	7	-1	0	-5
382	7	0	0	600	0	7	-1	0	-5
383	7	0	0	600	0	7	-1	0	-5
384	7	0	0	600	0	7	-1	0	-5
385	7	0	0	600	0	7	-1	0	-5
386	7	0	0	600	0	7	-1	0	-5
387	7	0	0	600	0	7	-1	0	-5
388	7	0	0	600	0	7	-1	0	-5
389	7	0	0	600	0	7	-1	0	-5
390	7	0	0	600	0	7	-1	0	-5
391	7	0	0	600	0	7	-1	0	-5
392	7	0	0	600	0	7	-1	0	-5
393	7	0	0	600	0	7	-1	0	-5
394	7	0	0	600	0	7	-1	0	-5
395	7	0	0	600	0	7	-1	0	-5
396	7	0	0	600	0	7	-1	0	-5
397	7	0	0	600	0	7	-1	0	-5
398	7	0	0	600	0	7	-1	0	-5
399	7	0	0	600	0	7	-1	0	-5
400	7	0	0	600	0	7	-1	0	-5
401	7	0	0	600	0	7	-1	0	-5
402	7	0	0	600	0	7	-1	0	-5
403	7	0	0	600	0	7	-1	0	-5
404	7	0	0	600	0	7	-1	0	-5
405	7	0	0	600	0	7	-1	0	-5
406	7	0	0	600	0	7	-1	0	-5
407	7	0	0	600	0	7	-1	0	-5
408	7	0	0	600	0	7	-1	0	-5
409	7	0	0	600	0	7	-1	0	-5
410	7	0	0	600	0	7	-1	0	-5
411	7	0	0	600	0	7	-1	0	-5
412	7	0	0	600	0	7	-1	0	-5
413	7	0	0	600	0	7	-1	0	-5
414	7	0	0	600	0	7	-1	0	-5
415	7	0	0	600	0	7	-1	0	-5
416	7	0	0	600	0	7	-1	0	-5
417	7	0	0	600	0	7	-1	0	-5
418	7	0	0	600	0	7	-1	0	-5
419	7	0	0	600	0	7	-1	0	-5
420	7	0	0	600	0	7	-1	0	-5
421	7	0	0	600	0	7	-1	0	-5
422	7	0	0	600	0	7	-1	0	-5
423	7	0	0	600	0	7	-1	0	-5
424	7	0	0	600	0	7	-1	0	-5
425	7	0	0	600	0	7	-1	0	-5
426	7	0	0	600	0	7	-1	0	-5
427	7	0	0	600	0	7	-1	0	-5
428	7	0	0	600	0	7	-1	0	-5
429	7	0	0	600	0	7	-1	0	-5
430	7	0	0	600	0	7	-1	0	-5
431	7	0	0	600	0	7	-1	0	-5
432	7	0	0	600	0	7	-1	0	-5
433	7	0	0	600	0	7	-1	0	-5
434	7	0	0	600	0	7	-1	0	-5
435	7	0	0	600	0	7	-1	0	-5
436	7	0	0	600	0	7	-1	0	-5
437	7	0	0	600	0	7	-1	0	-5
438	7	0	0	600	0	7	-1	0	-5
439	7	0	0	600	0	7	-1	0	-5
440	7	0	0	600	0	7	-1	0	-5
441	7	0	0	600	0	7	-1	0	-5
442	7	0	0	600	0	7	-1	0	-5
443	7	0	0	600	0	7	-1	0	-5
444	7	0	0	600	0	7	-1	0	-5
445	7	0	0	600	0	7	-1	0	-5
446	7	0	0	600	0	7	-1	0	-5
447	7	0	0	600	0	7	-1	0	-5
448	7	0	0	600	0	7	-1	0	-5
449	7	0	0	600	0	7	-1	0	-5
450	7	0	0	600	0	7	-1	0	-5
451	7	0	0	600	0	7	-1	0	-5
452	7	0	0	600	0	7	-1	0	-5
453	7	0	0	600	0	7	-1	0	-5
454	7	0	0	600	0	7	-1	0	-5
455	7	0	0	600	0	7	-1	0	-5
456	7	0	0	600	0	7	-1	0	-5
457	7	0	0	600	0	7	-1	0	-5
458	7	0	0	600	0	7	-1	0	-5
459	7	0	0	600	0	7	-1	0	-5
460	7	0	0	600	0	7	-1	0	-5
461	7	0	0	600	0	7	-1	0	-5
462	7	0	0	600	0	7	-1	0	-5
463	7	0	0	600	0	7	-1	0	-5
464	7	0	0	600	0	7	-1	0	-5
465	7	0	0	600	0	7	-1	0	-5
466	7	0	0	600	0	7	-1	0	-5
467	7	0	0	600	0	7	-1	0	-5
468	7	0	0	600	0	7	-1	0	-5
469	7	0	0	600	0	7	-1	0	-5
470	7	0	0	600	0	7	-1	0	-5
471	7	0	0	600	0	7	-1	0	-5
472	7	0	0	600	0	7	-1	0	-5
473	7	0	0	600	0	7	-1	0	-5
474	7	0	0	600	0	7	-1	0	-5
475	7	0	0	600	0	7	-1	0	-5
476	7	0	0	600	0	7	-1	0	-5
477	7	0	0	600	0	7	-1	0	-5
478	7	0	0	600	0	7	-1	0	-5
479	7	0	0	600	0	7	-1	0	-5
480	7	0	0	600	0	7	-1	0	-5
481	7	0	0	600	0	7	-1	0	-5
482	7	0	0	600	0	7	-1	0	-5
483	7	0	0	600	0	7	-1	0	-5
484	7	0	0	600	0	7	-1	0	-5
485	7	0	0	600	0	7	-1	0	-5
486	7	0	0	600	0	7	-1	0	-5
487	7	0	0	600	0	7	-1	0	-5
488	7	0	0	600	0	7	-1	0	-5
489	7	0	0	600	0	7	-1	0	-5
490	7	0	0	600	0	7	-1	0	-5
491	7	0	0	600	0	7	-1	0	-5
492	7	0	0	600	0	7	-1	0	-5
493	7	0	0	600	0	7	-1	0	-5
494	7	0	0	600	0	7	-1	0	-5
495	7	0	0	600	0	7	-1	0	-5
496	7	0	0	600	0	7	-1	0	-5
497	7	0	0	600	0	7	-1	0	-5
498	7	0	0	600	0	7	-1	0	-5
499	7	0	0	600	0	7	-1	0	-5
500	7	0	0	600	0	7	-1	0	-5
501	7	0	0	600	0	7	-1	0	-5
502	7	0	0	600	0	7	-1	0	-5
503	7	0	0	600	0	7	-1	0	-5
504	7	0	0	600	0	7	-1	0	-5
505	7	0	0	600	0	7	-1	0	-5
506	7	0	0	600	0	7	-1	0	-5
507	7	0	0	600	0	7	-1	0	-5
508	7	0	0	600	0	7	-1	0	-5
509	7	0	0	600	0	7	-1	0	-5
510	7	0	0	600	0	7	-1	0	-5
511	7	0	0	600	0	7	-1	0	-5
512	7	0	0	600	0	7	-1	0	-5
513	7	0	0	600	0	7	-1	0	-5
514	7	0	0	600	0	7	-1	0	-5
515	7	0	0	600	0	7	-1	0	-5
516	7	0	0	600	0	7	-1	0	-5
517	7	0	0	600	0	7	-1	0	-5
518	7	0	0	600	0	7	-1	0	-5
519	7	0	0	600	0	7	-1	0	-5
520	7	0	0	600	0	7	-1	0	-5
521	7	0	0	600	0	7	-1	0	-5
522	7	0	0	600	0	7	-1	0	-5
523	7	0	0	600	0	7	-1	0	-5
524	7	0	0	600	0	7	-1	0	-5
525	7	0	0	600	0	7	-1	0	-5
526	7	0	0	600	0	7	-1	0	-5
527	7	0	0	600	0	7	-1	0	-5
528	7	0	0	600	0	7	-1	0	-5
529	7	0	0	600	0	7	-1	0	-5
530	7	0	0	600	0	7	-1	0	-5
531	7	0	0	600	0	7	-1	0	-5
532	7	0	0	600	0	7	-1	0	-5
533	7	0	0	600	0	7	-1	0	-5
534	7	0	0	600	0	7	-1	0	-5
535	7	0	0	600	0	7	-1	0	-5
536	7	0	0	600	0	7	-1	0	-5
537	7	0	0	600	0	7	-1	0	-5
538	7	0	0	600	0	7	-1	0	-5
539	7	0	0	600	0	7	-1	0	-5
540	7	0	0	600	0	7	-1	0	-5
541	7	0	0	600	0	7	-1	0	-5
542	7	0	0	600	0	7	-1	0	-5
543	7	0	0	600	0	7	-1	0	-5
544	7	0	0	600	0	7	-1	0	-5
545	7	0	0	600	0	7	-1	0	-5
546	7	0	0	600	0	7	-1	0	-5
547	7	0	0	600	0	7	-1	0	-5
548	7	0	0	600	0	7	-1	0	-5
549	7	0	0	600	0	7	-1	0	-5
550	7	0	0	600	0	7	-1	0	-5
551	7	0	0	600	0	7	-1	0	-5
552	7	0	0	600	0	7	-1	0	-5
553	7	0	0	600	0	7	-1	0	-5
554	7	0	0	600	0	7	-1	0	-5
555	7	0	0	600	0	7	-1	0	-5
556	7	0	0	600	0	7	-1	0	-5
557	7	0	0	600	0	7	-1	0	-5
558	7	0	0	600	0	7	-1	0	-5
559	7	0	0	600	0	7	-1	0	-5
560	7	0	0	600	0	7	-1	0	-5
561	7	0	0	600	0	7	-1	0	-5
562	7	0	0	600	0	7	-1	0	-5
563	7	0	0	600	0	7	-1	0	-5
564	7	0	0	600	0	7	-1	0	-5
565	7	0	0	600	0	7	-1	0	-5
566	7	0	0	600	0	7	-1	0	-5
567	7	0	0	600	0	7	-1	0	-5
568	7	0	0	600	0	7	-1	0	-5
569	7	0	0	600	0	7	-1	0	-5
570	7	0	0	600	0	7	-1	0	-5
571	7	0	0	600	0	7	-1	0	-5
572	7	0	0	600	0	7	-1	0	-5
573	7	0	0	600	0	7	-1	0	-5
574	7	0	0	600	0	7	-1	0	-5
575	7	0	0	600	0	7	-1	0	-5
576	7	0	0	600	0	7	-1	0	-5
577	7	0	0	600	0	7	-1	0	-5
578	7	0	0	600	0	7	-1	0	-5
579	7	0	0	600	0	7	-1	0	-5
580	7	0	0	600	0	7	-1	0	-5
581	7	0	0	600	0	7	-1	0	-5
582	7	0	0	600	0	7	-1	0	-5
583	7	0	0	600	0	7	-1	0	-5
584	7	0	0	600	0	7	-1	0	-5
585	7	0	0	600	0	7	-1	0	-5
586	7	0	0	600	0	7	-1	0	-5
587	7	0	0	600	0	7	-1	0	-5
588	7	0	0	600	0	7	-1	0	-5
589	7	0	0	600	0	7	-1	0	-5
590	7	0	0	600	0	7	-1	0	-5
591	7	0	0	600	0	7	-1	0	-5
592	7	0	0	600	0	7	-1	0	-5
593	7	0	0	600	0	7	-1	0	-5
594	7	0	0	600	0	7	-1	0	-5
595	7	0	0	600	0	7	-1	0	-5
596	7	0	0	600	0	7	-1	0	-5
597	7	0	0	600	0	7	-1	0	-5
598	7	0	0	600	0	7	-1	0	-5
599	7	0	0	600	0	7	-1	0	-5
600	7	0	0	600	0	7	-1	0	-5
601	7	0	0	600	0	7	-1	0	-5
602	7	0	0	600	0	7	-1	0	-5
603	7	0	0	600	0	7	-1	0	-5
604	7	0	0	600	0	7	-1	0	-5
605	7	0	0	600	0	7	-1	0	-5
606	7	0	0	600	0	7	-1	0	-5
607	7	0	0	600	0	7	-1	0	-5
608	7	0	0	600	0	7	-1	0	-5
609	7	0	0	600	0	7	-1	0	-5
610	7	0	0	600	0	7	-1	0	-5
611	7	0	0	600	0	7	-1	0	-5
612	7	0	0	600	0	7	-1	0	-5
613	7	0	0	600	0	7	-1	0	-5
614	7	0	0	600	0	7	-1	0	-5
615	7	0	0	600	0	7	-1	0	-5
616	7	1	1	600	616	7	7	0	-5
617	7	1	1	600	616	7	7	0	-5
618	7	1	1	600	616	7	7	0	-5
619	7	1	1	600	616	7	7	0	-5
620	7	1	1	600	616	7	7	0	-5
621	7	1	1	600	616	7	7	0	-5
622	7	1	1	600	616	7	7	0	-5
623	7	1	1	600	616	7	7	0	-5
624	7	1	1	600	616	7	7	0	-5
625	7	1	1	600	616	7	7	0	-5
626	7	1	1	600	616	7	7	0	-5
627	7	1	1	600	616	7	7	0	-5
628	7	1	1	600	616	7	7	0	-5
629	7	1	1	600	616	7	7	0	-5
630	7	1	1	600	616	7	7	0	-5
631	7	1	1	600	616	7	7	0	-5
632	7	1	1	600	616	7	7	0	-5
633	7	1	1	600	616	7	7	0	-5
634	7	1	1	600	616	7	7	0	-5
635	7	1	1	600	616	7	7	0	-5
636	7	1	1	600	616	7	7	0	-5
637	7	1	1	600	616	7	7	0	-5
638	7	1	1	600	616	7	7	0	-5
639	7	1	1	600	616	7	7	0	-5
640	7	1	1	600	616	7	7	0	-5
641	7	1	1	600	616	7	7	0	-5
642	7	1	1	600	616	7	7	0	-5
643	7	1	1	600	616	7	7	0	-5
644	7	1	1	600	616	7	7	0	-5
645	7	1	1	600	616	7	7	0	-5
