1	2	0	0	600	0	2	-1	-5	3
2	2	0	0	600	0	2	-1	-5	3
3	2	0	0	600	0	2	-1	-5	3
4	2	0	0	600	0	2	-1	-5	3
5	2	0	0	600	0	2	-1	-5	3
6	2	0	0	600	0	2	-1	-5	3
7	2	0	0	600	0	2	-1	-5	3
8	2	0	0	600	0	2	-1	-5	3
9	2	0	0	600	0	2	-1	-5	3
10	2	0	0	600	0	2	-1	-5	3
11	2	0	0	600	0	2	-1	-5	3
12	2	0	0	600	0	2	-1	-5	3
13	2	0	0	600	0	2	-1	-5	3
14	2	0	0	600	0	2	-1	-5	3
15	2	0	0	600	0	2	-1	-5	3
16	2	0	0	600	0	2	-1	-5	3
17	2	0	0	600	0	2	-1	-5	3
18	2	0	0	600	0	2	-1	-5	3
19	2	0	0	600	0	2	-1	-5	3
20	2	0	0	600	0	2	-1	-5	3
21	2	0	0	600	0	2	-1	-5	3
22	2	0	0	600	0	2	-1	-5	3
23	2	0	0	600	0	2	-1	-5	3
24	2	0	0	600	0	2	-1	-5	3
25	2	0	0	600	0	2	-1	-5	3
26	2	0	0	600	0	2	-1	-5	3
27	2	0	0	600	0	2	-1	-5	3
28	2	0	0	600	0	2	-1	-5	3
29	2	0	0	600	0	2	-1	-5	3
30	2	0	0	600	0	2	-1	-5	3
31	2	0	0	600	0	2	-1	-5	3
32	2	0	0	600	0	2	-1	-5	3
33	2	0	0	600	0	2	-1	-5	3
34	2	0	0	600	0	2	-1	-5	3
35	2	0	0	600	0	2	-1	-5	3
36	2	0	0	600	0	2	-1	-5	3
37	2	0	0	600	0	2	-1	-5	3
38	2	0	0	600	0	2	-1	-5	3
39	2	0	0	600	0	2	-1	-5	3
40	2	0	0	600	0	2	-1	-5	3
41	2	0	0	600	0	2	-1	-5	3
42	2	0	0	600	0	2	-1	-5	3
43	2	0	0	600	0	2	-1	-5	3
44	2	0	0	600	0	2	-1	-5	3
45	2	0	0	600	0	2	-1	-5	3
46	2	0	0	600	0	2	-1	-5	3
47	2	0	0	600	0	2	-1	-5	3
48	2	0	0	600	0	2	-1	-5	3
49	2	0	0	600	0	2	-1	-5	3
50	2	0	0	600	0	2	-1	-5	3
51	2	0	0	600	0	2	-1	-5	3
52	2	0	0	600	0	2	-1	-5	3
53	2	0	0	600	0	2	-1	-5	3
54	2	0	0	600	0	2	-1	-5	3
55	2	0	0	600	0	2	-1	-5	3
56	2	0	0	600	0	2	-1	-5	3
57	2	0	0	600	0	2	-1	-5	3
58	2	0	0	600	0	2	-1	-5	3
59	2	0	0	600	0	2	-1	-5	3
60	2	0	0	600	0	2	-1	-5	3
61	2	0	0	600	0	2	-1	-5	3
62	2	0	0	600	0	2	-1	-5	3
63	2	0	0	600	0	2	-1	-5	3
64	2	0	0	600	0	2	-1	-5	3
65	2	0	0	600	0	2	-1	-5	3
66	2	0	0	600	0	2	-1	-5	3
67	2	0	0	600	0	2	-1	-5	3
68	2	0	0	600	0	2	-1	-5	3
69	2	0	0	600	0	2	-1	-5	3
70	2	0	0	600	0	2	-1	-5	3
71	2	0	0	600	0	2	-1	-5	3
72	2	0	0	600	0	2	-1	-5	3
73	2	0	0	600	0	2	-1	-5	3
74	2	0	0	600	0	2	-1	-5	3
75	2	0	0	600	0	2	-1	-5	3
76	2	0	0	600	0	2	-1	-5	3
77	2	0	0	600	0	2	-1	-5	3
78	2	0	0	600	0	2	-1	-5	3
79	2	0	0	600	0	2	-1	-5	3
80	2	0	0	600	0	2	-1	-5	3
81	2	0	0	600	0	2	-1	-5	3
82	2	0	0	600	0	2	-1	-5	3
83	2	0	0	600	0	2	-1	-5	3
84	2	0	0	600	0	2	-1	-5	3
85	2	0	0	600	0	2	-1	-5	3
86	2	0	0	600	0	2	-1	-5	3
87	2	0	0	600	0	2	-1	-5	3
88	2	0	0	600	0	2	-1	-5	3
89	2	0	0	600	0	2	-1	-5	3
90	2	0	0	600	0	2	-1	-5	3
91	2	0	0	600	0	2	-1	-5	3
92	2	0	0	600	0	2	-1	-5	3
93	2	0	0	600	0	2	-1	-5	3
94	2	0	0	600	0	2	-1	-5	3
95	2	0	0	600	0	2	-1	-5	3
96	2	0	0	600	0	2	-1	-5	3
97	2	0	0	600	0	2	-1	-5	3
98	2	0	0	600	0	2	-1	-5	3
99	2	0	0	600	0	2	-1	-5	3
100	2	0	0	600	0	2	-1	-5	3
101	2	0	0	600	0	2	-1	-5	3
102	2	0	0	600	0	2	-1	-5	3
103	2	0	0	600	0	2	-1	-5	3
104	2	0	0	600	0	2	-1	-5	3
105	2	0	0	600	0	2	-1	-5	3
106	2	0	0	600	0	2	-1	-5	3
107	2	0	0	600	0	2	-1	-5	3
108	2	0	0	600	0	2	-1	-5	3
109	2	0	0	600	0	2	-1	-5	3
110	2	0	0	600	0	2	-1	-5	3
111	2	0	0	600	0	2	-1	-5	3
112	2	0	0	600	0	2	-1	-5	3
113	2	0	0	600	0	2	-1	-5	3
114	2	0	0	600	0	2	-1	-5	3
115	2	0	0	600	0	2	-1	-5	3
116	2	0	0	600	0	2	-1	-5	3
117	2	0	0	600	0	2	-1	-5	3
118	2	0	0	600	0	2	-1	-5	3
119	2	0	0	600	0	2	-1	-5	3
120	2	0	0	600	0	2	-1	-5	3
121	2	0	0	600	0	2	-1	-5	3
122	2	0	0	600	0	2	-1	-5	3
123	2	0	0	600	0	2	-1	-5	3
124	2	0	0	600	0	2	-1	-5	3
125	2	0	0	600	0	2	-1	-5	3
126	2	0	0	600	0	2	-1	-5	3
127	2	0	0	600	0	2	-1	-5	3
128	2	0	0	600	0	2	-1	-5	3
129	2	0	0	600	0	2	-1	-5	3
130	2	0	0	600	0	2	-1	-5	3
131	2	0	0	600	0	2	-1	-5	3
132	2	0	0	600	0	2	-1	-5	3
133	2	0	0	600	0	2	-1	-5	3
134	2	0	0	600	0	2	-1	-5	3
135	2	0	0	600	0	2	-1	-5	3
136	2	0	0	600	0	2	-1	-5	3
137	2	0	0	600	0	2	-1	-5	3
138	2	0	0	600	0	2	-1	-5	3
139	2	0	0	600	0	2	-1	-5	3
140	2	0	0	600	0	2	-1	-5	3
141	2	0	0	600	0	2	-1	-5	3
142	2	0	0	600	0	2	-1	-5	3
143	2	0	0	600	0	2	-1	-5	3
144	2	0	0	600	0	2	-1	-5	3
145	2	0	0	600	0	2	-1	-5	3
146	2	0	0	600	0	2	-1	-5	3
147	2	0	0	600	0	2	-1	-5	3
148	2	0	0	600	0	2	-1	-5	3
149	2	0	0	600	0	2	-1	-5	3
150	2	0	0	600	0	2	-1	-5	3
151	2	0	0	600	0	2	-1	-5	3
152	2	0	0	600	0	2	-1	-5	3
153	2	0	0	600	0	2	-1	-5	3
154	2	0	0	600	0	2	-1	-5	3
155	2	0	0	600	0	2	-1	-5	3
156	2	0	0	600	0	2	-1	-5	3
157	2	0	0	600	0	2	-1	-5	3
158	2	0	0	600	0	2	-1	-5	3
159	2	0	0	600	0	2	-1	-5	3
160	2	0	0	600	0	2	-1	-5	3
161	2	0	0	600	0	2	-1	-5	3
162	2	0	0	600	0	2	-1	-5	3
163	2	0	0	600	0	2	-1	-5	3
164	2	0	0	600	0	2	-1	-5	3
165	2	0	0	600	0	2	-1	-5	3
166	2	0	0	600	0	2	-1	-5	3
167	2	0	0	600	0	2	-1	-5	3
168	2	0	0	600	0	2	-1	-5	3
169	2	0	0	600	0	2	-1	-5	3
170	2	0	0	600	0	2	-1	-5	3
171	2	0	0	600	0	2	-1	-5	3
172	2	0	0	600	0	2	-1	-5	3
173	2	0	0	600	0	2	-1	-5	3
174	2	0	0	600	0	2	-1	-5	3
175	2	0	0	600	0	2	-1	-5	3
176	2	0	0	600	0	2	-1	-5	3
177	2	0	0	600	0	2	-1	-5	3
178	2	0	0	600	0	2	-1	-5	3
179	2	0	0	600	0	2	-1	-5	3
180	2	0	0	600	0	2	-1	-5	3
181	2	0	0	600	0	2	-1	-5	3
182	2	0	0	600	0	2	-1	-5	3
183	2	0	0	600	0	2	-1	-5	3
184	2	0	0	600	0	2	-1	-5	3
185	2	0	0	600	0	2	-1	-5	3
186	2	0	0	600	0	2	-1	-5	3
187	2	0	0	600	0	2	-1	-5	3
188	2	0	0	600	0	2	-1	-5	3
189	2	0	0	600	0	2	-1	-5	3
190	2	0	0	600	0	2	-1	-5	3
191	2	0	0	600	0	2	-1	-5	3
192	2	0	0	600	0	2	-1	-5	3
193	2	0	0	600	0	2	-1	-5	3
194	2	0	0	600	0	2	-1	-5	3
195	2	0	0	600	0	2	-1	-5	3
196	2	0	0	600	0	2	-1	-5	3
197	2	0	0	600	0	2	-1	-5	3
198	2	0	0	600	0	2	-1	-5	3
199	2	0	0	600	0	2	-1	-5	3
200	2	0	0	600	0	2	-1	-5	3
201	2	0	0	600	0	2	-1	-5	3
202	2	0	0	600	0	2	-1	-5	3
203	2	0	0	600	0	2	-1	-5	3
204	2	0	0	600	0	2	-1	-5	3
205	2	0	0	600	0	2	-1	-5	3
206	2	0	0	600	0	2	-1	-5	3
207	2	0	0	600	0	2	-1	-5	3
208	2	0	0	600	0	2	-1	-5	3
209	2	0	0	600	0	2	-1	-5	3
210	2	0	0	600	0	2	-1	-5	3
211	2	0	0	600	0	2	-1	-5	3
212	2	0	0	600	0	2	-1	-5	3
213	2	0	0	600	0	2	-1	-5	3
214	2	0	0	600	0	2	-1	-5	3
215	2	0	0	600	0	2	-1	-5	3
216	2	0	0	600	0	2	-1	-5	3
217	2	0	0	600	0	2	-1	-5	3
218	2	0	0	600	0	2	-1	-5	3
219	2	0	0	600	0	2	-1	-5	3
220	2	0	0	600	0	2	-1	-5	3
221	2	0	0	600	0	2	-1	-5	3
222	2	0	0	600	0	2	-1	-5	3
223	2	0	0	600	0	2	-1	-5	3
224	2	0	0	600	0	2	-1	-5	3
225	2	0	0	600	0	2	-1	-5	3
226	2	0	0	600	0	2	-1	-5	3
227	2	0	0	600	0	2	-1	-5	3
228	2	0	0	600	0	2	-1	-5	3
229	2	0	0	600	0	2	-1	-5	3
230	2	0	0	600	0	2	-1	-5	3
231	2	0	0	600	0	2	-1	-5	3
232	2	0	0	600	0	2	-1	-5	3
233	2	0	0	600	0	2	-1	-5	3
234	2	0	0	600	0	2	-1	-5	3
235	2	0	0	600	0	2	-1	-5	3
236	2	0	0	600	0	2	-1	-5	3
237	2	0	0	600	0	2	-1	-5	3
238	2	0	0	600	0	2	-1	-5	3
239	2	0	0	600	0	2	-1	-5	3
240	2	0	0	600	0	2	-1	-5	3
241	2	0	0	600	0	2	-1	-5	3
242	2	0	0	600	0	2	-1	-5	3
243	2	0	0	600	0	2	-1	-5	3
244	2	0	0	600	0	2	-1	-5	3
245	2	0	0	600	0	2	-1	-5	3
246	2	0	0	600	0	2	-1	-5	3
247	2	0	0	600	0	2	-1	-5	3
248	2	0	0	600	0	2	-1	-5	3
249	2	0	0	600	0	2	-1	-5	3
250	2	0	0	600	0	2	-1	-5	3
251	2	0	0	600	0	2	-1	-5	3
252	2	0	0	600	0	2	-1	-5	3
253	2	0	0	600	0	2	-1	-5	3
254	2	0	0	600	0	2	-1	-5	3
255	2	0	0	600	0	2	-1	-5	3
256	2	0	0	600	0	2	-1	-5	3
257	2	0	0	600	0	2	-1	-5	3
258	2	0	0	600	0	2	-1	-5	3
259	2	0	0	600	0	2	-1	-5	3
260	2	0	0	600	0	2	-1	-5	3
261	2	0	0	600	0	2	-1	-5	3
262	2	0	0	600	0	2	-1	-5	3
263	2	0	0	600	0	2	-1	-5	3
264	2	0	0	600	0	2	-1	-5	3
265	2	0	0	600	0	2	-1	-5	3
266	2	0	0	600	0	2	-1	-5	3
267	2	0	0	600	0	2	-1	-5	3
268	2	0	0	600	0	2	-1	-5	3
269	2	0	0	600	0	2	-1	-5	3
270	2	0	0	600	0	2	-1	-5	3
271	2	0	0	600	0	2	-1	-5	3
272	2	0	0	600	0	2	-1	-5	3
273	2	0	0	600	0	2	-1	-5	3
274	2	0	0	600	0	2	-1	-5	3
275	2	0	0	600	0	2	-1	-5	3
276	2	0	0	600	0	2	-1	-5	3
277	2	0	0	600	0	2	-1	-5	3
278	2	0	0	600	0	2	-1	-5	3
279	2	0	0	600	0	2	-1	-5	3
280	2	0	0	600	0	2	-1	-5	3
281	2	0	0	600	0	2	-1	-5	3
282	2	0	0	600	0	2	-1	-5	3
283	2	0	0	600	0	2	-1	-5	3
284	2	0	0	600	0	2	-1	-5	3
285	2	0	0	600	0	2	-1	-5	3
286	2	0	0	600	0	2	-1	-5	3
287	2	0	0	600	0	2	-1	-5	3
288	2	0	0	600	0	2	-1	-5	3
289	2	0	0	600	0	2	-1	-5	3
290	2	0	0	600	0	2	-1	-5	3
291	2	0	0	600	0	2	-1	-5	3
292	2	0	0	600	0	2	-1	-5	3
293	2	0	0	600	0	2	-1	-5	3
294	2	0	0	600	0	2	-1	-5	3
295	2	0	0	600	0	2	-1	-5	3
296	2	0	0	600	0	2	-1	-5	3
297	2	0	0	600	0	2	-1	-5	3
298	2	0	0	600	0	2	-1	-5	3
299	2	0	0	600	0	2	-1	-5	3
300	2	0	0	600	0	2	-1	-5	3
301	2	0	0	600	0	2	-1	-5	3
302	2	0	0	600	0	2	-1	-5	3
303	2	0	0	600	0	2	-1	-5	3
304	2	0	0	600	0	2	-1	-5	3
305	2	0	0	600	0	2	-1	-5	3
306	2	0	0	600	0	2	-1	-5	3
307	2	0	0	600	0	2	-1	-5	3
308	2	0	0	600	0	2	-1	-5	3
309	2	0	0	600	0	2	-1	-5	3
310	2	0	0	600	0	2	-1	-5	3
311	2	0	0	600	0	2	-1	-5	3
312	2	0	0	600	0	2	-1	-5	3
313	2	0	0	600	0	2	-1	-5	3
314	2	0	0	600	0	2	-1	-5	3
315	2	0	0	600	0	2	-1	-5	3
316	2	0	0	600	0	2	-1	-5	3
317	2	0	0	600	0	2	-1	-5	3
318	2	0	0	600	0	2	-1	-5	3
319	2	0	0	600	0	2	-1	-5	3
320	2	0	0	600	0	2	-1	-5	3
321	2	0	0	600	0	2	-1	-5	3
322	2	0	0	600	0	2	-1	-5	3
323	2	0	0	600	0	2	-1	-5	3
324	2	0	0	600	0	2	-1	-5	3
325	2	0	0	600	0	2	-1	-5	3
326	2	0	0	600	0	2	-1	-5	3
327	2	0	0	600	0	2	-1	-5	3
328	2	0	0	600	0	2	-1	-5	3
329	2	0	0	600	0	2	-1	-5	3
330	2	0	0	600	0	2	-1	-5	3
331	2	0	0	600	0	2	-1	-5	3
332	2	0	0	600	0	2	-1	-5	3
333	2	0	0	600	0	2	-1	-5	3
334	2	0	0	600	0	2	-1	-5	3
335	2	0	0	600	0	2	-1	-5	3
336	2	0	0	600	0	2	-1	-5	3
337	2	0	0	600	0	2	-1	-5	3
338	2	0	0	600	0	2	-1	-5	3
339	2	0	0	600	0	2	-1	-5	3
340	2	0	0	600	0	2	-1	-5	3
341	2	0	0	600	0	2	-1	-5	3
342	2	0	0	600	0	2	-1	-5	3
343	2	0	0	600	0	2	-1	-5	3
344	2	0	0	600	0	2	-1	-5	3
345	2	0	0	600	0	2	-1	-5	3
346	2	0	0	600	0	2	-1	-5	3
347	2	0	0	600	0	2	-1	-5	3
348	2	0	0	600	0	2	-1	-5	3
349	2	0	0	600	0	2	-1	-5	3
350	2	0	0	600	0	2	-1	-5	3
351	2	0	0	600	0	2	-1	-5	3
352	2	0	0	600	0	2	-1	-5	3
353	2	0	0	600	0	2	-1	-5	3
354	2	0	0	600	0	2	-1	-5	3
355	2	0	0	600	0	2	-1	-5	3
356	2	0	0	600	0	2	-1	-5	3
357	2	0	0	600	0	2	-1	-5	3
358	2	0	0	600	0	2	-1	-5	3
359	2	0	0	600	0	2	-1	-5	3
360	2	0	0	600	0	2	-1	-5	3
361	2	0	0	600	0	2	-1	-5	3
362	2	0	0	600	0	2	-1	-5	3
363	2	0	0	600	0	2	-1	-5	3
364	2	0	0	600	0	2	-1	-5	3
365	2	0	0	600	0	2	-1	-5	3
366	2	0	0	600	0	2	-1	-5	3
367	2	0	0	600	0	2	-1	-5	3
368	2	0	0	600	0	2	-1	-5	3
369	2	0	0	600	0	2	-1	-5	3
370	2	0	0	600	0	2	-1	-5	3
371	2	0	0	600	0	2	-1	-5	3
372	2	0	0	600	0	2	-1	-5	3
373	2	0	0	600	0	2	-1	-5	3
374	2	0	0	600	0	2	-1	-5	3
375	2	0	0	600	0	2	-1	-5	3
376	2	0	0	600	0	2	-1	-5	3
377	2	0	0	600	0	2	-1	-5	3
378	2	0	0	600	0	2	-1	-5	3
379	2	0	0	600	0	2	-1	-5	3
380	2	0	0	600	0	2	-1	-5	3
381	2	0	0	600	0	2	-1	-5	3
382	2	0	0	600	0	2	-1	-5	3
383	2	0	0	600	0	2	-1	-5	3
384	2	0	0	600	0	2	-1	-5	3
385	2	0	0	600	0	2	-1	-5	3
386	2	0	0	600	0	2	-1	-5	3
387	2	0	0	600	0	2	-1	-5	3
388	2	0	0	600	0	2	-1	-5	3
389	2	0	0	600	0	2	-1	-5	3
390	2	0	0	600	0	2	-1	-5	3
391	2	0	0	600	0	2	-1	-5	3
392	2	0	0	600	0	2	-1	-5	3
393	2	0	0	600	0	2	-1	-5	3
394	2	0	0	600	0	2	-1	-5	3
395	2	0	0	600	0	2	-1	-5	3
396	2	0	0	600	0	2	-1	-5	3
397	2	0	0	600	0	2	-1	-5	3
398	2	0	0	600	0	2	-1	-5	3
399	2	0	0	600	0	2	-1	-5	3
400	2	0	0	600	0	2	-1	-5	3
401	2	0	0	600	0	2	-1	-5	3
402	2	0	0	600	0	2	-1	-5	3
403	2	0	0	600	0	2	-1	-5	3
404	2	0	0	600	0	2	-1	-5	3
405	2	0	0	600	0	2	-1	-5	3
406	2	0	0	600	0	2	-1	-5	3
407	2	0	0	600	0	2	-1	-5	3
408	2	0	0	600	0	2	-1	-5	3
409	2	0	0	600	0	2	-1	-5	3
410	2	0	0	600	0	2	-1	-5	3
411	2	0	0	600	0	2	-1	-5	3
412	2	0	0	600	0	2	-1	-5	3
413	2	0	0	600	0	2	-1	-5	3
414	2	0	0	600	0	2	-1	-5	3
415	2	0	0	600	0	2	-1	-5	3
416	2	0	0	600	0	2	-1	-5	3
417	2	0	0	600	0	2	-1	-5	3
418	2	0	0	600	0	2	-1	-5	3
419	2	0	0	600	0	2	-1	-5	3
420	2	0	0	600	0	2	-1	-5	3
421	2	0	0	600	0	2	-1	-5	3
422	2	0	0	600	0	2	-1	-5	3
423	2	0	0	600	0	2	-1	-5	3
424	2	0	0	600	0	2	-1	-5	3
425	2	0	0	600	0	2	-1	-5	3
426	2	0	0	600	0	2	-1	-5	3
427	2	0	0	600	0	2	-1	-5	3
428	2	0	0	600	0	2	-1	-5	3
429	2	0	0	600	0	2	-1	-5	3
430	2	0	0	600	0	2	-1	-5	3
431	2	0	0	600	0	2	-1	-5	3
432	2	0	0	600	0	2	-1	-5	3
433	2	0	0	600	0	2	-1	-5	3
434	2	0	0	600	0	2	-1	-5	3
435	2	0	0	600	0	2	-1	-5	3
436	2	0	0	600	0	2	-1	-5	3
437	2	0	0	600	0	2	-1	-5	3
438	2	0	0	600	0	2	-1	-5	3
439	2	0	0	600	0	2	-1	-5	3
440	2	0	0	600	0	2	-1	-5	3
441	2	0	0	600	0	2	-1	-5	3
442	2	0	0	600	0	2	-1	-5	3
443	2	0	0	600	0	2	-1	-5	3
444	2	0	0	600	0	2	-1	-5	3
445	2	0	0	600	0	2	-1	-5	3
446	2	0	0	600	0	2	-1	-5	3
447	2	0	0	600	0	2	-1	-5	3
448	2	0	0	600	0	2	-1	-5	3
449	2	0	0	600	0	2	-1	-5	3
450	2	0	0	600	0	2	-1	-5	3
451	2	0	0	600	0	2	-1	-5	3
452	2	0	0	600	0	2	-1	-5	3
453	2	0	0	600	0	2	-1	-5	3
454	2	0	0	600	0	2	-1	-5	3
455	2	0	0	600	0	2	-1	-5	3
456	2	0	0	600	0	2	-1	-5	3
457	2	0	0	600	0	2	-1	-5	3
458	2	0	0	600	0	2	-1	-5	3
459	2	0	0	600	0	2	-1	-5	3
460	2	0	0	600	0	2	-1	-5	3
461	2	0	0	600	0	2	-1	-5	3
462	2	0	0	600	0	2	-1	-5	3
463	2	0	0	600	0	2	-1	-5	3
464	2	0	0	600	0	2	-1	-5	3
465	2	0	0	600	0	2	-1	-5	3
466	2	0	0	600	0	2	-1	-5	3
467	2	0	0	600	0	2	-1	-5	3
468	2	0	0	600	0	2	-1	-5	3
469	2	0	0	600	0	2	-1	-5	3
470	2	0	0	600	0	2	-1	-5	3
471	2	0	0	600	0	2	-1	-5	3
472	2	0	0	600	0	2	-1	-5	3
473	2	0	0	600	0	2	-1	-5	3
474	2	0	0	600	0	2	-1	-5	3
475	2	0	0	600	0	2	-1	-5	3
476	2	0	0	600	0	2	-1	-5	3
477	2	0	0	600	0	2	-1	-5	3
478	2	0	0	600	0	2	-1	-5	3
479	2	0	0	600	0	2	-1	-5	3
480	2	0	0	600	0	2	-1	-5	3
481	2	0	0	600	0	2	-1	-5	3
482	2	0	0	600	0	2	-1	-5	3
483	2	0	0	600	0	2	-1	-5	3
484	2	0	0	600	0	2	-1	-5	3
485	2	0	0	600	0	2	-1	-5	3
486	2	0	0	600	0	2	-1	-5	3
487	2	0	0	600	0	2	-1	-5	3
488	2	0	0	600	0	2	-1	-5	3
489	2	0	0	600	0	2	-1	-5	3
490	2	0	0	600	0	2	-1	-5	3
491	2	0	0	600	0	2	-1	-5	3
492	2	0	0	600	0	2	-1	-5	3
493	2	0	0	600	0	2	-1	-5	3
494	2	0	0	600	0	2	-1	-5	3
495	2	0	0	600	0	2	-1	-5	3
496	2	0	0	600	0	2	-1	-5	3
497	2	0	0	600	0	2	-1	-5	3
498	2	0	0	600	0	2	-1	-5	3
499	2	0	0	600	0	2	-1	-5	3
500	2	0	0	600	0	2	-1	-5	3
501	2	0	0	600	0	2	-1	-5	3
502	2	0	0	600	0	2	-1	-5	3
503	2	0	0	600	0	2	-1	-5	3
504	2	0	0	600	0	2	-1	-5	3
505	2	0	0	600	0	2	-1	-5	3
506	2	0	0	600	0	2	-1	-5	3
507	2	0	0	600	0	2	-1	-5	3
508	2	0	0	600	0	2	-1	-5	3
509	2	0	0	600	0	2	-1	-5	3
510	2	0	0	600	0	2	-1	-5	3
511	2	0	0	600	0	2	-1	-5	3
512	2	0	0	600	0	2	-1	-5	3
513	2	0	0	600	0	2	-1	-5	3
514	2	0	0	600	0	2	-1	-5	3
515	2	0	0	600	0	2	-1	-5	3
516	2	0	0	600	0	2	-1	-5	3
517	2	0	0	600	0	2	-1	-5	3
518	2	0	0	600	0	2	-1	-5	3
519	2	0	0	600	0	2	-1	-5	3
520	2	0	0	600	0	2	-1	-5	3
521	2	0	0	600	0	2	-1	-5	3
522	2	0	0	600	0	2	-1	-5	3
523	2	0	0	600	0	2	-1	-5	3
524	2	0	0	600	0	2	-1	-5	3
525	2	0	0	600	0	2	-1	-5	3
526	2	0	0	600	0	2	-1	-5	3
527	2	0	0	600	0	2	-1	-5	3
528	2	0	0	600	0	2	-1	-5	3
529	2	0	0	600	0	2	-1	-5	3
530	2	0	0	600	0	2	-1	-5	3
531	2	0	0	600	0	2	-1	-5	3
532	2	0	0	600	0	2	-1	-5	3
533	2	0	0	600	0	2	-1	-5	3
534	2	0	0	600	0	2	-1	-5	3
535	2	0	0	600	0	2	-1	-5	3
536	2	0	0	600	0	2	-1	-5	3
537	2	0	0	600	0	2	-1	-5	3
538	2	0	0	600	0	2	-1	-5	3
539	2	0	0	600	0	2	-1	-5	3
540	2	0	0	600	0	2	-1	-5	3
541	2	0	0	600	0	2	-1	-5	3
542	2	0	0	600	0	2	-1	-5	3
543	2	0	0	600	0	2	-1	-5	3
544	2	0	0	600	0	2	-1	-5	3
545	2	0	0	600	0	2	-1	-5	3
546	2	0	0	600	0	2	-1	-5	3
547	2	0	0	600	0	2	-1	-5	3
548	2	0	0	600	0	2	-1	-5	3
549	2	0	0	600	0	2	-1	-5	3
550	2	0	0	600	0	2	-1	-5	3
551	2	0	0	600	0	2	-1	-5	3
552	2	0	0	600	0	2	-1	-5	3
553	2	0	0	600	0	2	-1	-5	3
554	2	0	0	600	0	2	-1	-5	3
555	2	0	0	600	0	2	-1	-5	3
556	2	0	0	600	0	2	-1	-5	3
557	2	0	0	600	0	2	-1	-5	3
558	2	0	0	600	0	2	-1	-5	3
559	2	0	0	600	0	2	-1	-5	3
560	2	0	0	600	0	2	-1	-5	3
561	2	0	0	600	0	2	-1	-5	3
562	2	0	0	600	0	2	-1	-5	3
563	2	0	0	600	0	2	-1	-5	3
564	2	0	0	600	0	2	-1	-5	3
565	2	0	0	600	0	2	-1	-5	3
566	2	0	0	600	0	2	-1	-5	3
567	2	0	0	600	0	2	-1	-5	3
568	2	0	0	600	0	2	-1	-5	3
569	2	0	0	600	0	2	-1	-5	3
570	2	0	0	600	0	2	-1	-5	3
571	2	0	0	600	0	2	-1	-5	3
572	2	0	0	600	0	2	-1	-5	3
573	2	0	0	600	0	2	-1	-5	3
574	2	0	0	600	0	2	-1	-5	3
575	2	0	0	600	0	2	-1	-5	3
576	2	0	0	600	0	2	-1	-5	3
577	2	0	0	600	0	2	-1	-5	3
578	2	0	0	600	0	2	-1	-5	3
579	2	0	0	600	0	2	-1	-5	3
580	2	0	0	600	0	2	-1	-5	3
581	2	0	0	600	0	2	-1	-5	3
582	2	0	0	600	0	2	-1	-5	3
583	2	0	0	600	0	2	-1	-5	3
584	2	0	0	600	0	2	-1	-5	3
585	2	0	0	600	0	2	-1	-5	3
586	2	0	0	600	0	2	-1	-5	3
587	2	0	0	600	0	2	-1	-5	3
588	2	0	0	600	0	2	-1	-5	3
589	2	0	0	600	0	2	-1	-5	3
590	2	0	0	600	0	2	-1	-5	3
591	2	0	0	600	0	2	-1	-5	3
592	2	0	0	600	0	2	-1	-5	3
593	2	0	0	600	0	2	-1	-5	3
594	2	0	0	600	0	2	-1	-5	3
595	2	0	0	600	0	2	-1	-5	3
596	2	0	0	600	0	2	-1	-5	3
597	2	0	0	600	0	2	-1	-5	3
598	2	0	0	600	0	2	-1	-5	3
599	2	0	0	600	0	2	-1	-5	3
600	2	0	0	600	0	2	-1	-5	3
601	2	0	0	600	0	2	-1	-5	3
602	2	0	0	600	0	2	-1	-5	3
603	2	0	0	600	0	2	-1	-5	3
604	2	0	0	600	0	2	-1	-5	3
605	2	0	0	600	0	2	-1	-5	3
606	2	0	0	600	0	2	-1	-5	3
607	2	0	0	600	0	2	-1	-5	3
608	2	0	0	600	0	2	-1	-5	3
609	2	1	1	600	609	2	2	-5	3
610	2	1	1	600	609	2	2	-5	3
611	2	1	1	600	609	2	2	-5	3
612	2	1	1	600	609	2	2	-5	3
613	2	1	1	600	609	2	2	-5	3
614	2	1	1	600	609	2	2	-5	3
615	2	1	1	600	609	2	2	-5	3
616	2	1	1	600	609	2	2	-5	3
617	2	1	1	600	609	2	2	-5	3
618	2	1	1	600	609	2	2	-5	3
619	2	1	1	600	609	2	2	-5	3
620	2	1	1	600	609	2	2	-5	3
621	2	1	1	600	609	2	2	-5	3
622	2	1	1	600	609	2	2	-5	3
623	2	1	1	600	609	2	2	-5	3
624	2	1	1	600	609	2	2	-5	3
625	2	1	1	600	609	2	2	-5	3
626	2	1	1	600	609	2	2	-5	3
627	2	1	1	600	609	2	2	-5	3
628	2	1	1	600	609	2	2	-5	3
629	2	1	1	600	609	2	2	-5	3
630	2	1	1	600	609	2	2	-5	3
631	2	1	1	600	609	2	2	-5	3
632	2	1	1	600	609	2	2	-5	3
633	2	1	1	600	609	2	2	-5	3
634	2	1	1	600	609	2	2	-5	3
635	2	1	1	600	609	2	2	-5	3
636	2	1	1	600	609	2	2	-5	3
637	2	1	1	600	609	2	2	-5	3
638	2	1	1	600	609	2	2	-5	3
639	2	1	1	600	609	2	2	-5	3
640	2	1	1	600	609	2	2	-5	3
641	2	1	1	600	609	2	2	-5	3
642	2	1	1	600	609	2	2	-5	3
643	2	1	1	600	609	2	2	-5	3
644	2	1	1	600	609	2	2	-5	3
645	2	1	1	600	609	2	2	-5	3
646	2	1	1	600	609	2	2	-5	3
647	2	1	1	600	609	2	2	-5	3
648	2	1	1	600	609	2	2	-5	3
649	2	1	1	600	609	2	2	-5	3
650	2	1	1	600	609	2	2	-5	3
651	2	1	1	600	609	2	2	-5	3
652	2	1	1	600	609	2	2	-5	3
653	2	1	1	600	609	2	2	-5	3
654	2	1	1	600	609	2	2	-5	3
655	2	1	1	600	609	2	2	-5	3
656	2	1	1	600	609	2	2	-5	3
657	2	1	1	600	609	2	2	-5	3
658	2	1	1	600	609	2	2	-5	3
659	2	1	1	600	609	2	2	-5	3
660	2	1	1	600	609	2	2	-5	3
661	2	1	1	600	609	2	2	-5	3
662	2	1	1	600	609	2	2	-5	3
663	2	1	1	600	609	2	2	-5	3
664	2	1	1	600	609	2	2	-5	3
665	2	1	1	600	609	2	2	-5	3
666	2	1	1	600	609	2	2	-5	3
667	2	1	1	600	609	2	2	-5	3
668	2	1	1	600	609	2	2	-5	3
