1	5	0	0	600	0	5	-1	2	5
2	5	0	0	600	0	5	-1	2	5
3	5	0	0	600	0	5	-1	2	5
4	5	0	0	600	0	5	-1	2	5
5	5	0	0	600	0	5	-1	2	5
6	5	0	0	600	0	5	-1	2	5
7	5	0	0	600	0	5	-1	2	5
8	5	0	0	600	0	5	-1	2	5
9	5	0	0	600	0	5	-1	2	5
10	5	0	0	600	0	5	-1	2	5
11	5	0	0	600	0	5	-1	2	5
12	5	0	0	600	0	5	-1	2	5
13	5	0	0	600	0	5	-1	2	5
14	5	0	0	600	0	5	-1	2	5
15	5	0	0	600	0	5	-1	2	5
16	5	0	0	600	0	5	-1	2	5
17	5	0	0	600	0	5	-1	2	5
18	5	0	0	600	0	5	-1	2	5
19	5	0	0	600	0	5	-1	2	5
20	5	0	0	600	0	5	-1	2	5
21	5	0	0	600	0	5	-1	2	5
22	5	0	0	600	0	5	-1	2	5
23	5	0	0	600	0	5	-1	2	5
24	5	0	0	600	0	5	-1	2	5
25	5	0	0	600	0	5	-1	2	5
26	5	0	0	600	0	5	-1	2	5
27	5	0	0	600	0	5	-1	2	5
28	5	0	0	600	0	5	-1	2	5
29	5	0	0	600	0	5	-1	2	5
30	5	0	0	600	0	5	-1	2	5
31	5	0	0	600	0	5	-1	2	5
32	5	0	0	600	0	5	-1	2	5
33	5	0	0	600	0	5	-1	2	5
34	5	0	0	600	0	5	-1	2	5
35	5	0	0	600	0	5	-1	2	5
36	5	0	0	600	0	5	-1	2	5
37	5	0	0	600	0	5	-1	2	5
38	5	0	0	600	0	5	-1	2	5
39	5	0	0	600	0	5	-1	2	5
40	5	0	0	600	0	5	-1	2	5
41	5	0	0	600	0	5	-1	2	5
42	5	0	0	600	0	5	-1	2	5
43	5	0	0	600	0	5	-1	2	5
44	5	0	0	600	0	5	-1	2	5
45	5	0	0	600	0	5	-1	2	5
46	5	0	0	600	0	5	-1	2	5
47	5	0	0	600	0	5	-1	2	5
48	5	0	0	600	0	5	-1	2	5
49	5	0	0	600	0	5	-1	2	5
50	5	0	0	600	0	5	-1	2	5
51	5	0	0	600	0	5	-1	2	5
52	5	0	0	600	0	5	-1	2	5
53	5	0	0	600	0	5	-1	2	5
54	5	0	0	600	0	5	-1	2	5
55	5	0	0	600	0	5	-1	2	5
56	5	0	0	600	0	5	-1	2	5
57	5	0	0	600	0	5	-1	2	5
58	5	0	0	600	0	5	-1	2	5
59	5	0	0	600	0	5	-1	2	5
60	5	0	0	600	0	5	-1	2	5
61	5	0	0	600	0	5	-1	2	5
62	5	0	0	600	0	5	-1	2	5
63	5	0	0	600	0	5	-1	2	5
64	5	0	0	600	0	5	-1	2	5
65	5	0	0	600	0	5	-1	2	5
66	5	0	0	600	0	5	-1	2	5
67	5	0	0	600	0	5	-1	2	5
68	5	0	0	600	0	5	-1	2	5
69	5	0	0	600	0	5	-1	2	5
70	5	0	0	600	0	5	-1	2	5
71	5	0	0	600	0	5	-1	2	5
72	5	0	0	600	0	5	-1	2	5
73	5	0	0	600	0	5	-1	2	5
74	5	0	0	600	0	5	-1	2	5
75	5	0	0	600	0	5	-1	2	5
76	5	0	0	600	0	5	-1	2	5
77	5	0	0	600	0	5	-1	2	5
78	5	0	0	600	0	5	-1	2	5
79	5	0	0	600	0	5	-1	2	5
80	5	0	0	600	0	5	-1	2	5
81	5	0	0	600	0	5	-1	2	5
82	5	0	0	600	0	5	-1	2	5
83	5	0	0	600	0	5	-1	2	5
84	5	0	0	600	0	5	-1	2	5
85	5	0	0	600	0	5	-1	2	5
86	5	0	0	600	0	5	-1	2	5
87	5	0	0	600	0	5	-1	2	5
88	5	0	0	600	0	5	-1	2	5
89	5	0	0	600	0	5	-1	2	5
90	5	0	0	600	0	5	-1	2	5
91	5	0	0	600	0	5	-1	2	5
92	5	0	0	600	0	5	-1	2	5
93	5	0	0	600	0	5	-1	2	5
94	5	0	0	600	0	5	-1	2	5
95	5	0	0	600	0	5	-1	2	5
96	5	0	0	600	0	5	-1	2	5
97	5	0	0	600	0	5	-1	2	5
98	5	0	0	600	0	5	-1	2	5
99	5	0	0	600	0	5	-1	2	5
100	5	0	0	600	0	5	-1	2	5
101	5	0	0	600	0	5	-1	2	5
102	5	0	0	600	0	5	-1	2	5
103	5	0	0	600	0	5	-1	2	5
104	5	0	0	600	0	5	-1	2	5
105	5	0	0	600	0	5	-1	2	5
106	5	0	0	600	0	5	-1	2	5
107	5	0	0	600	0	5	-1	2	5
108	5	0	0	600	0	5	-1	2	5
109	5	0	0	600	0	5	-1	2	5
110	5	0	0	600	0	5	-1	2	5
111	5	0	0	600	0	5	-1	2	5
112	5	0	0	600	0	5	-1	2	5
113	5	0	0	600	0	5	-1	2	5
114	5	0	0	600	0	5	-1	2	5
115	5	0	0	600	0	5	-1	2	5
116	5	0	0	600	0	5	-1	2	5
117	5	0	0	600	0	5	-1	2	5
118	5	0	0	600	0	5	-1	2	5
119	5	0	0	600	0	5	-1	2	5
120	5	0	0	600	0	5	-1	2	5
121	5	0	0	600	0	5	-1	2	5
122	5	0	0	600	0	5	-1	2	5
123	5	0	0	600	0	5	-1	2	5
124	5	0	0	600	0	5	-1	2	5
125	5	0	0	600	0	5	-1	2	5
126	5	0	0	600	0	5	-1	2	5
127	5	0	0	600	0	5	-1	2	5
128	5	0	0	600	0	5	-1	2	5
129	5	0	0	600	0	5	-1	2	5
130	5	0	0	600	0	5	-1	2	5
131	5	0	0	600	0	5	-1	2	5
132	5	0	0	600	0	5	-1	2	5
133	5	0	0	600	0	5	-1	2	5
134	5	0	0	600	0	5	-1	2	5
135	5	0	0	600	0	5	-1	2	5
136	5	0	0	600	0	5	-1	2	5
137	5	0	0	600	0	5	-1	2	5
138	5	0	0	600	0	5	-1	2	5
139	5	0	0	600	0	5	-1	2	5
140	5	0	0	600	0	5	-1	2	5
141	5	0	0	600	0	5	-1	2	5
142	5	0	0	600	0	5	-1	2	5
143	5	0	0	600	0	5	-1	2	5
144	5	0	0	600	0	5	-1	2	5
145	5	0	0	600	0	5	-1	2	5
146	5	0	0	600	0	5	-1	2	5
147	5	0	0	600	0	5	-1	2	5
148	5	0	0	600	0	5	-1	2	5
149	5	0	0	600	0	5	-1	2	5
150	5	0	0	600	0	5	-1	2	5
151	5	0	0	600	0	5	-1	2	5
152	5	0	0	600	0	5	-1	2	5
153	5	0	0	600	0	5	-1	2	5
154	5	0	0	600	0	5	-1	2	5
155	5	0	0	600	0	5	-1	2	5
156	5	0	0	600	0	5	-1	2	5
157	5	0	0	600	0	5	-1	2	5
158	5	0	0	600	0	5	-1	2	5
159	5	0	0	600	0	5	-1	2	5
160	5	0	0	600	0	5	-1	2	5
161	5	0	0	600	0	5	-1	2	5
162	5	0	0	600	0	5	-1	2	5
163	5	0	0	600	0	5	-1	2	5
164	5	0	0	600	0	5	-1	2	5
165	5	0	0	600	0	5	-1	2	5
166	5	0	0	600	0	5	-1	2	5
167	5	0	0	600	0	5	-1	2	5
168	5	0	0	600	0	5	-1	2	5
169	5	0	0	600	0	5	-1	2	5
170	5	0	0	600	0	5	-1	2	5
171	5	0	0	600	0	5	-1	2	5
172	5	0	0	600	0	5	-1	2	5
173	5	0	0	600	0	5	-1	2	5
174	5	0	0	600	0	5	-1	2	5
175	5	0	0	600	0	5	-1	2	5
176	5	0	0	600	0	5	-1	2	5
177	5	0	0	600	0	5	-1	2	5
178	5	0	0	600	0	5	-1	2	5
179	5	0	0	600	0	5	-1	2	5
180	5	0	0	600	0	5	-1	2	5
181	5	0	0	600	0	5	-1	2	5
182	5	0	0	600	0	5	-1	2	5
183	5	0	0	600	0	5	-1	2	5
184	5	0	0	600	0	5	-1	2	5
185	5	0	0	600	0	5	-1	2	5
186	5	0	0	600	0	5	-1	2	5
187	5	0	0	600	0	5	-1	2	5
188	5	0	0	600	0	5	-1	2	5
189	5	0	0	600	0	5	-1	2	5
190	5	0	0	600	0	5	-1	2	5
191	5	0	0	600	0	5	-1	2	5
192	5	0	0	600	0	5	-1	2	5
193	5	0	0	600	0	5	-1	2	5
194	5	0	0	600	0	5	-1	2	5
195	5	0	0	600	0	5	-1	2	5
196	5	0	0	600	0	5	-1	2	5
197	5	0	0	600	0	5	-1	2	5
198	5	0	0	600	0	5	-1	2	5
199	5	0	0	600	0	5	-1	2	5
200	5	0	0	600	0	5	-1	2	5
201	5	0	0	600	0	5	-1	2	5
202	5	0	0	600	0	5	-1	2	5
203	5	0	0	600	0	5	-1	2	5
204	5	0	0	600	0	5	-1	2	5
205	5	0	0	600	0	5	-1	2	5
206	5	0	0	600	0	5	-1	2	5
207	5	0	0	600	0	5	-1	2	5
208	5	0	0	600	0	5	-1	2	5
209	5	0	0	600	0	5	-1	2	5
210	5	0	0	600	0	5	-1	2	5
211	5	0	0	600	0	5	-1	2	5
212	5	0	0	600	0	5	-1	2	5
213	5	0	0	600	0	5	-1	2	5
214	5	0	0	600	0	5	-1	2	5
215	5	0	0	600	0	5	-1	2	5
216	5	0	0	600	0	5	-1	2	5
217	5	0	0	600	0	5	-1	2	5
218	5	0	0	600	0	5	-1	2	5
219	5	0	0	600	0	5	-1	2	5
220	5	0	0	600	0	5	-1	2	5
221	5	0	0	600	0	5	-1	2	5
222	5	0	0	600	0	5	-1	2	5
223	5	0	0	600	0	5	-1	2	5
224	5	0	0	600	0	5	-1	2	5
225	5	0	0	600	0	5	-1	2	5
226	5	0	0	600	0	5	-1	2	5
227	5	0	0	600	0	5	-1	2	5
228	5	0	0	600	0	5	-1	2	5
229	5	0	0	600	0	5	-1	2	5
230	5	0	0	600	0	5	-1	2	5
231	5	0	0	600	0	5	-1	2	5
232	5	0	0	600	0	5	-1	2	5
233	5	0	0	600	0	5	-1	2	5
234	5	0	0	600	0	5	-1	2	5
235	5	0	0	600	0	5	-1	2	5
236	5	0	0	600	0	5	-1	2	5
237	5	0	0	600	0	5	-1	2	5
238	5	0	0	600	0	5	-1	2	5
239	5	0	0	600	0	5	-1	2	5
240	5	0	0	600	0	5	-1	2	5
241	5	0	0	600	0	5	-1	2	5
242	5	0	0	600	0	5	-1	2	5
243	5	0	0	600	0	5	-1	2	5
244	5	0	0	600	0	5	-1	2	5
245	5	0	0	600	0	5	-1	2	5
246	5	0	0	600	0	5	-1	2	5
247	5	0	0	600	0	5	-1	2	5
248	5	0	0	600	0	5	-1	2	5
249	5	0	0	600	0	5	-1	2	5
250	5	0	0	600	0	5	-1	2	5
251	5	0	0	600	0	5	-1	2	5
252	5	0	0	600	0	5	-1	2	5
253	5	0	0	600	0	5	-1	2	5
254	5	0	0	600	0	5	-1	2	5
255	5	0	0	600	0	5	-1	2	5
256	5	0	0	600	0	5	-1	2	5
257	5	0	0	600	0	5	-1	2	5
258	5	0	0	600	0	5	-1	2	5
259	5	0	0	600	0	5	-1	2	5
260	5	0	0	600	0	5	-1	2	5
261	5	0	0	600	0	5	-1	2	5
262	5	0	0	600	0	5	-1	2	5
263	5	0	0	600	0	5	-1	2	5
264	5	0	0	600	0	5	-1	2	5
265	5	0	0	600	0	5	-1	2	5
266	5	0	0	600	0	5	-1	2	5
267	5	0	0	600	0	5	-1	2	5
268	5	0	0	600	0	5	-1	2	5
269	5	0	0	600	0	5	-1	2	5
270	5	0	0	600	0	5	-1	2	5
271	5	0	0	600	0	5	-1	2	5
272	5	0	0	600	0	5	-1	2	5
273	5	0	0	600	0	5	-1	2	5
274	5	0	0	600	0	5	-1	2	5
275	5	0	0	600	0	5	-1	2	5
276	5	0	0	600	0	5	-1	2	5
277	5	0	0	600	0	5	-1	2	5
278	5	0	0	600	0	5	-1	2	5
279	5	0	0	600	0	5	-1	2	5
280	5	0	0	600	0	5	-1	2	5
281	5	0	0	600	0	5	-1	2	5
282	5	0	0	600	0	5	-1	2	5
283	5	0	0	600	0	5	-1	2	5
284	5	0	0	600	0	5	-1	2	5
285	5	0	0	600	0	5	-1	2	5
286	5	0	0	600	0	5	-1	2	5
287	5	0	0	600	0	5	-1	2	5
288	5	0	0	600	0	5	-1	2	5
289	5	0	0	600	0	5	-1	2	5
290	5	0	0	600	0	5	-1	2	5
291	5	0	0	600	0	5	-1	2	5
292	5	0	0	600	0	5	-1	2	5
293	5	0	0	600	0	5	-1	2	5
294	5	0	0	600	0	5	-1	2	5
295	5	0	0	600	0	5	-1	2	5
296	5	0	0	600	0	5	-1	2	5
297	5	0	0	600	0	5	-1	2	5
298	5	0	0	600	0	5	-1	2	5
299	5	0	0	600	0	5	-1	2	5
300	5	0	0	600	0	5	-1	2	5
301	5	0	0	600	0	5	-1	2	5
302	5	0	0	600	0	5	-1	2	5
303	5	0	0	600	0	5	-1	2	5
304	5	0	0	600	0	5	-1	2	5
305	5	0	0	600	0	5	-1	2	5
306	5	0	0	600	0	5	-1	2	5
307	5	0	0	600	0	5	-1	2	5
308	5	0	0	600	0	5	-1	2	5
309	5	0	0	600	0	5	-1	2	5
310	5	0	0	600	0	5	-1	2	5
311	5	0	0	600	0	5	-1	2	5
312	5	0	0	600	0	5	-1	2	5
313	5	0	0	600	0	5	-1	2	5
314	5	0	0	600	0	5	-1	2	5
315	5	0	0	600	0	5	-1	2	5
316	5	0	0	600	0	5	-1	2	5
317	5	0	0	600	0	5	-1	2	5
318	5	0	0	600	0	5	-1	2	5
319	5	0	0	600	0	5	-1	2	5
320	5	0	0	600	0	5	-1	2	5
321	5	0	0	600	0	5	-1	2	5
322	5	0	0	600	0	5	-1	2	5
323	5	0	0	600	0	5	-1	2	5
324	5	0	0	600	0	5	-1	2	5
325	5	0	0	600	0	5	-1	2	5
326	5	0	0	600	0	5	-1	2	5
327	5	0	0	600	0	5	-1	2	5
328	5	0	0	600	0	5	-1	2	5
329	5	0	0	600	0	5	-1	2	5
330	5	0	0	600	0	5	-1	2	5
331	5	0	0	600	0	5	-1	2	5
332	5	0	0	600	0	5	-1	2	5
333	5	0	0	600	0	5	-1	2	5
334	5	0	0	600	0	5	-1	2	5
335	5	0	0	600	0	5	-1	2	5
336	5	0	0	600	0	5	-1	2	5
337	5	0	0	600	0	5	-1	2	5
338	5	0	0	600	0	5	-1	2	5
339	5	0	0	600	0	5	-1	2	5
340	5	0	0	600	0	5	-1	2	5
341	5	0	0	600	0	5	-1	2	5
342	5	0	0	600	0	5	-1	2	5
343	5	0	0	600	0	5	-1	2	5
344	5	0	0	600	0	5	-1	2	5
345	5	0	0	600	0	5	-1	2	5
346	5	0	0	600	0	5	-1	2	5
347	5	0	0	600	0	5	-1	2	5
348	5	0	0	600	0	5	-1	2	5
349	5	0	0	600	0	5	-1	2	5
350	5	0	0	600	0	5	-1	2	5
351	5	0	0	600	0	5	-1	2	5
352	5	0	0	600	0	5	-1	2	5
353	5	0	0	600	0	5	-1	2	5
354	5	0	0	600	0	5	-1	2	5
355	5	0	0	600	0	5	-1	2	5
356	5	0	0	600	0	5	-1	2	5
357	5	0	0	600	0	5	-1	2	5
358	5	0	0	600	0	5	-1	2	5
359	5	0	0	600	0	5	-1	2	5
360	5	0	0	600	0	5	-1	2	5
361	5	0	0	600	0	5	-1	2	5
362	5	0	0	600	0	5	-1	2	5
363	5	0	0	600	0	5	-1	2	5
364	5	0	0	600	0	5	-1	2	5
365	5	0	0	600	0	5	-1	2	5
366	5	0	0	600	0	5	-1	2	5
367	5	0	0	600	0	5	-1	2	5
368	5	0	0	600	0	5	-1	2	5
369	5	0	0	600	0	5	-1	2	5
370	5	0	0	600	0	5	-1	2	5
371	5	0	0	600	0	5	-1	2	5
372	5	0	0	600	0	5	-1	2	5
373	5	0	0	600	0	5	-1	2	5
374	5	0	0	600	0	5	-1	2	5
375	5	0	0	600	0	5	-1	2	5
376	5	0	0	600	0	5	-1	2	5
377	5	0	0	600	0	5	-1	2	5
378	5	0	0	600	0	5	-1	2	5
379	5	0	0	600	0	5	-1	2	5
380	5	0	0	600	0	5	-1	2	5
381	5	0	0	600	0	5	-1	2	5
382	5	0	0	600	0	5	-1	2	5
383	5	0	0	600	0	5	-1	2	5
384	5	0	0	600	0	5	-1	2	5
385	5	0	0	600	0	5	-1	2	5
386	5	0	0	600	0	5	-1	2	5
387	5	0	0	600	0	5	-1	2	5
388	5	0	0	600	0	5	-1	2	5
389	5	0	0	600	0	5	-1	2	5
390	5	0	0	600	0	5	-1	2	5
391	5	0	0	600	0	5	-1	2	5
392	5	0	0	600	0	5	-1	2	5
393	5	0	0	600	0	5	-1	2	5
394	5	0	0	600	0	5	-1	2	5
395	5	0	0	600	0	5	-1	2	5
396	5	0	0	600	0	5	-1	2	5
397	5	0	0	600	0	5	-1	2	5
398	5	0	0	600	0	5	-1	2	5
399	5	0	0	600	0	5	-1	2	5
400	5	0	0	600	0	5	-1	2	5
401	5	0	0	600	0	5	-1	2	5
402	5	0	0	600	0	5	-1	2	5
403	5	0	0	600	0	5	-1	2	5
404	5	0	0	600	0	5	-1	2	5
405	5	0	0	600	0	5	-1	2	5
406	5	0	0	600	0	5	-1	2	5
407	5	0	0	600	0	5	-1	2	5
408	5	0	0	600	0	5	-1	2	5
409	5	0	0	600	0	5	-1	2	5
410	5	0	0	600	0	5	-1	2	5
411	5	0	0	600	0	5	-1	2	5
412	5	0	0	600	0	5	-1	2	5
413	5	0	0	600	0	5	-1	2	5
414	5	0	0	600	0	5	-1	2	5
415	5	0	0	600	0	5	-1	2	5
416	5	0	0	600	0	5	-1	2	5
417	5	0	0	600	0	5	-1	2	5
418	5	0	0	600	0	5	-1	2	5
419	5	0	0	600	0	5	-1	2	5
420	5	0	0	600	0	5	-1	2	5
421	5	0	0	600	0	5	-1	2	5
422	5	0	0	600	0	5	-1	2	5
423	5	0	0	600	0	5	-1	2	5
424	5	0	0	600	0	5	-1	2	5
425	5	0	0	600	0	5	-1	2	5
426	5	0	0	600	0	5	-1	2	5
427	5	0	0	600	0	5	-1	2	5
428	5	0	0	600	0	5	-1	2	5
429	5	0	0	600	0	5	-1	2	5
430	5	0	0	600	0	5	-1	2	5
431	5	0	0	600	0	5	-1	2	5
432	5	0	0	600	0	5	-1	2	5
433	5	0	0	600	0	5	-1	2	5
434	5	0	0	600	0	5	-1	2	5
435	5	0	0	600	0	5	-1	2	5
436	5	0	0	600	0	5	-1	2	5
437	5	0	0	600	0	5	-1	2	5
438	5	0	0	600	0	5	-1	2	5
439	5	0	0	600	0	5	-1	2	5
440	5	0	0	600	0	5	-1	2	5
441	5	0	0	600	0	5	-1	2	5
442	5	0	0	600	0	5	-1	2	5
443	5	0	0	600	0	5	-1	2	5
444	5	0	0	600	0	5	-1	2	5
445	5	0	0	600	0	5	-1	2	5
446	5	0	0	600	0	5	-1	2	5
447	5	0	0	600	0	5	-1	2	5
448	5	0	0	600	0	5	-1	2	5
449	5	0	0	600	0	5	-1	2	5
450	5	0	0	600	0	5	-1	2	5
451	5	0	0	600	0	5	-1	2	5
452	5	0	0	600	0	5	-1	2	5
453	5	0	0	600	0	5	-1	2	5
454	5	0	0	600	0	5	-1	2	5
455	5	0	0	600	0	5	-1	2	5
456	5	0	0	600	0	5	-1	2	5
457	5	0	0	600	0	5	-1	2	5
458	5	0	0	600	0	5	-1	2	5
459	5	0	0	600	0	5	-1	2	5
460	5	0	0	600	0	5	-1	2	5
461	5	0	0	600	0	5	-1	2	5
462	5	0	0	600	0	5	-1	2	5
463	5	0	0	600	0	5	-1	2	5
464	5	0	0	600	0	5	-1	2	5
465	5	0	0	600	0	5	-1	2	5
466	5	0	0	600	0	5	-1	2	5
467	5	0	0	600	0	5	-1	2	5
468	5	0	0	600	0	5	-1	2	5
469	5	0	0	600	0	5	-1	2	5
470	5	0	0	600	0	5	-1	2	5
471	5	0	0	600	0	5	-1	2	5
472	5	0	0	600	0	5	-1	2	5
473	5	0	0	600	0	5	-1	2	5
474	5	0	0	600	0	5	-1	2	5
475	5	0	0	600	0	5	-1	2	5
476	5	0	0	600	0	5	-1	2	5
477	5	0	0	600	0	5	-1	2	5
478	5	0	0	600	0	5	-1	2	5
479	5	0	0	600	0	5	-1	2	5
480	5	0	0	600	0	5	-1	2	5
481	5	0	0	600	0	5	-1	2	5
482	5	0	0	600	0	5	-1	2	5
483	5	0	0	600	0	5	-1	2	5
484	5	0	0	600	0	5	-1	2	5
485	5	0	0	600	0	5	-1	2	5
486	5	0	0	600	0	5	-1	2	5
487	5	0	0	600	0	5	-1	2	5
488	5	0	0	600	0	5	-1	2	5
489	5	0	0	600	0	5	-1	2	5
490	5	0	0	600	0	5	-1	2	5
491	5	0	0	600	0	5	-1	2	5
492	5	0	0	600	0	5	-1	2	5
493	5	0	0	600	0	5	-1	2	5
494	5	0	0	600	0	5	-1	2	5
495	5	0	0	600	0	5	-1	2	5
496	5	0	0	600	0	5	-1	2	5
497	5	0	0	600	0	5	-1	2	5
498	5	0	0	600	0	5	-1	2	5
499	5	0	0	600	0	5	-1	2	5
500	5	0	0	600	0	5	-1	2	5
501	5	0	0	600	0	5	-1	2	5
502	5	0	0	600	0	5	-1	2	5
503	5	0	0	600	0	5	-1	2	5
504	5	0	0	600	0	5	-1	2	5
505	5	0	0	600	0	5	-1	2	5
506	5	0	0	600	0	5	-1	2	5
507	5	0	0	600	0	5	-1	2	5
508	5	0	0	600	0	5	-1	2	5
509	5	0	0	600	0	5	-1	2	5
510	5	0	0	600	0	5	-1	2	5
511	5	0	0	600	0	5	-1	2	5
512	5	0	0	600	0	5	-1	2	5
513	5	0	0	600	0	5	-1	2	5
514	5	0	0	600	0	5	-1	2	5
515	5	0	0	600	0	5	-1	2	5
516	5	0	0	600	0	5	-1	2	5
517	5	0	0	600	0	5	-1	2	5
518	5	0	0	600	0	5	-1	2	5
519	5	0	0	600	0	5	-1	2	5
520	5	0	0	600	0	5	-1	2	5
521	5	0	0	600	0	5	-1	2	5
522	5	0	0	600	0	5	-1	2	5
523	5	0	0	600	0	5	-1	2	5
524	5	0	0	600	0	5	-1	2	5
525	5	0	0	600	0	5	-1	2	5
526	5	0	0	600	0	5	-1	2	5
527	5	0	0	600	0	5	-1	2	5
528	5	0	0	600	0	5	-1	2	5
529	5	0	0	600	0	5	-1	2	5
530	5	0	0	600	0	5	-1	2	5
531	5	0	0	600	0	5	-1	2	5
532	5	0	0	600	0	5	-1	2	5
533	5	0	0	600	0	5	-1	2	5
534	5	0	0	600	0	5	-1	2	5
535	5	0	0	600	0	5	-1	2	5
536	5	0	0	600	0	5	-1	2	5
537	5	0	0	600	0	5	-1	2	5
538	5	0	0	600	0	5	-1	2	5
539	5	0	0	600	0	5	-1	2	5
540	5	0	0	600	0	5	-1	2	5
541	5	0	0	600	0	5	-1	2	5
542	5	0	0	600	0	5	-1	2	5
543	5	0	0	600	0	5	-1	2	5
544	5	0	0	600	0	5	-1	2	5
545	5	0	0	600	0	5	-1	2	5
546	5	0	0	600	0	5	-1	2	5
547	5	0	0	600	0	5	-1	2	5
548	5	0	0	600	0	5	-1	2	5
549	5	0	0	600	0	5	-1	2	5
550	5	0	0	600	0	5	-1	2	5
551	5	0	0	600	0	5	-1	2	5
552	5	0	0	600	0	5	-1	2	5
553	5	0	0	600	0	5	-1	2	5
554	5	0	0	600	0	5	-1	2	5
555	5	0	0	600	0	5	-1	2	5
556	5	0	0	600	0	5	-1	2	5
557	5	0	0	600	0	5	-1	2	5
558	5	0	0	600	0	5	-1	2	5
559	5	0	0	600	0	5	-1	2	5
560	5	0	0	600	0	5	-1	2	5
561	5	0	0	600	0	5	-1	2	5
562	5	0	0	600	0	5	-1	2	5
563	5	0	0	600	0	5	-1	2	5
564	5	0	0	600	0	5	-1	2	5
565	5	0	0	600	0	5	-1	2	5
566	5	0	0	600	0	5	-1	2	5
567	5	0	0	600	0	5	-1	2	5
568	5	0	0	600	0	5	-1	2	5
569	5	0	0	600	0	5	-1	2	5
570	5	0	0	600	0	5	-1	2	5
571	5	0	0	600	0	5	-1	2	5
572	5	0	0	600	0	5	-1	2	5
573	5	0	0	600	0	5	-1	2	5
574	5	0	0	600	0	5	-1	2	5
575	5	0	0	600	0	5	-1	2	5
576	5	0	0	600	0	5	-1	2	5
577	5	0	0	600	0	5	-1	2	5
578	5	0	0	600	0	5	-1	2	5
579	5	0	0	600	0	5	-1	2	5
580	5	0	0	600	0	5	-1	2	5
581	5	0	0	600	0	5	-1	2	5
582	5	0	0	600	0	5	-1	2	5
583	5	0	0	600	0	5	-1	2	5
584	5	0	0	600	0	5	-1	2	5
585	5	0	0	600	0	5	-1	2	5
586	5	0	0	600	0	5	-1	2	5
587	5	0	0	600	0	5	-1	2	5
588	5	0	0	600	0	5	-1	2	5
589	5	0	0	600	0	5	-1	2	5
590	5	0	0	600	0	5	-1	2	5
591	5	0	0	600	0	5	-1	2	5
592	5	0	0	600	0	5	-1	2	5
593	5	0	0	600	0	5	-1	2	5
594	5	0	0	600	0	5	-1	2	5
595	5	0	0	600	0	5	-1	2	5
596	5	0	0	600	0	5	-1	2	5
597	5	0	0	600	0	5	-1	2	5
598	5	0	0	600	0	5	-1	2	5
599	5	0	0	600	0	5	-1	2	5
600	5	0	0	600	0	5	-1	2	5
601	5	0	0	600	0	5	-1	2	5
602	5	0	0	600	0	5	-1	2	5
603	5	0	0	600	0	5	-1	2	5
604	5	0	0	600	0	5	-1	2	5
605	5	0	0	600	0	5	-1	2	5
606	5	0	0	600	0	5	-1	2	5
607	5	0	0	600	0	5	-1	2	5
608	5	0	0	600	0	5	-1	2	5
609	5	0	0	600	0	5	-1	2	5
610	5	0	0	600	0	5	-1	2	5
611	5	0	0	600	0	5	-1	2	5
612	5	0	0	600	0	5	-1	2	5
613	5	0	0	600	0	5	-1	2	5
614	5	0	0	600	0	5	-1	2	5
615	5	0	0	600	0	5	-1	2	5
616	5	0	0	600	0	5	-1	2	5
617	5	0	0	600	0	5	-1	2	5
618	5	0	0	600	0	5	-1	2	5
619	5	0	0	600	0	5	-1	2	5
620	5	0	0	600	0	5	-1	2	5
621	5	0	0	600	0	5	-1	2	5
622	5	1	1	600	622	5	5	2	5
623	5	1	1	600	622	5	5	2	5
624	5	1	1	600	622	5	5	2	5
625	5	1	1	600	622	5	5	2	5
626	5	1	1	600	622	5	5	2	5
627	5	1	1	600	622	5	5	2	5
628	5	1	1	600	622	5	5	2	5
629	5	1	1	600	622	5	5	2	5
630	5	1	1	600	622	5	5	2	5
631	5	1	1	600	622	5	5	2	5
632	5	1	1	600	622	5	5	2	5
633	5	1	1	600	622	5	5	2	5
634	5	1	1	600	622	5	5	2	5
635	5	1	1	600	622	5	5	2	5
636	5	1	1	600	622	5	5	2	5
637	5	1	1	600	622	5	5	2	5
638	5	1	1	600	622	5	5	2	5
639	5	1	1	600	622	5	5	2	5
640	5	1	1	600	622	5	5	2	5
641	5	1	1	600	622	5	5	2	5
642	5	1	1	600	622	5	5	2	5
643	5	1	1	600	622	5	5	2	5
644	5	1	1	600	622	5	5	2	5
645	5	1	1	600	622	5	5	2	5
646	5	1	1	600	622	5	5	2	5
647	5	1	1	600	622	5	5	2	5
648	5	1	1	600	622	5	5	2	5
649	5	1	1	600	622	5	5	2	5
650	5	1	1	600	622	5	5	2	5
651	5	1	1	600	622	5	5	2	5
652	5	1	1	600	622	5	5	2	5
653	5	1	1	600	622	5	5	2	5
654	5	1	1	600	622	5	5	2	5
655	5	1	1	600	622	5	5	2	5
656	5	1	1	600	622	5	5	2	5
657	5	1	1	600	622	5	5	2	5
658	5	1	1	600	622	5	5	2	5
659	5	1	1	600	622	5	5	2	5
660	5	1	1	600	622	5	5	2	5
661	5	1	1	600	622	5	5	2	5
662	5	1	1	600	622	5	5	2	5
663	5	1	1	600	622	5	5	2	5
664	5	1	1	600	622	5	5	2	5
665	5	1	1	600	622	5	5	2	5
666	5	1	1	600	622	5	5	2	5
667	5	1	1	600	622	5	5	2	5
668	5	1	1	600	622	5	5	2	5
