1	10	0	0	600	0	10	-1	2	-5
2	10	0	0	600	0	10	-1	2	-5
3	10	0	0	600	0	10	-1	2	-5
4	10	0	0	600	0	10	-1	2	-5
5	10	0	0	600	0	10	-1	2	-5
6	10	0	0	600	0	10	-1	2	-5
7	10	0	0	600	0	10	-1	2	-5
8	10	0	0	600	0	10	-1	2	-5
9	10	0	0	600	0	10	-1	2	-5
10	10	0	0	600	0	10	-1	2	-5
11	10	0	0	600	0	10	-1	2	-5
12	10	0	0	600	0	10	-1	2	-5
13	10	0	0	600	0	10	-1	2	-5
14	10	0	0	600	0	10	-1	2	-5
15	10	0	0	600	0	10	-1	2	-5
16	10	0	0	600	0	10	-1	2	-5
17	10	0	0	600	0	10	-1	2	-5
18	10	0	0	600	0	10	-1	2	-5
19	10	0	0	600	0	10	-1	2	-5
20	10	0	0	600	0	10	-1	2	-5
21	10	0	0	600	0	10	-1	2	-5
22	10	0	0	600	0	10	-1	2	-5
23	10	0	0	600	0	10	-1	2	-5
24	10	0	0	600	0	10	-1	2	-5
25	10	0	0	600	0	10	-1	2	-5
26	10	0	0	600	0	10	-1	2	-5
27	10	0	0	600	0	10	-1	2	-5
28	10	0	0	600	0	10	-1	2	-5
29	10	0	0	600	0	10	-1	2	-5
30	10	0	0	600	0	10	-1	2	-5
31	10	0	0	600	0	10	-1	2	-5
32	10	0	0	600	0	10	-1	2	-5
33	10	0	0	600	0	10	-1	2	-5
34	10	0	0	600	0	10	-1	2	-5
35	10	0	0	600	0	10	-1	2	-5
36	10	0	0	600	0	10	-1	2	-5
37	10	0	0	600	0	10	-1	2	-5
38	10	0	0	600	0	10	-1	2	-5
39	10	0	0	600	0	10	-1	2	-5
40	10	0	0	600	0	10	-1	2	-5
41	10	0	0	600	0	10	-1	2	-5
42	10	0	0	600	0	10	-1	2	-5
43	10	0	0	600	0	10	-1	2	-5
44	10	0	0	600	0	10	-1	2	-5
45	10	0	0	600	0	10	-1	2	-5
46	10	0	0	600	0	10	-1	2	-5
47	10	0	0	600	0	10	-1	2	-5
48	10	0	0	600	0	10	-1	2	-5
49	10	0	0	600	0	10	-1	2	-5
50	10	0	0	600	0	10	-1	2	-5
51	10	0	0	600	0	10	-1	2	-5
52	10	0	0	600	0	10	-1	2	-5
53	10	0	0	600	0	10	-1	2	-5
54	10	0	0	600	0	10	-1	2	-5
55	10	0	0	600	0	10	-1	2	-5
56	10	0	0	600	0	10	-1	2	-5
57	10	0	0	600	0	10	-1	2	-5
58	10	0	0	600	0	10	-1	2	-5
59	10	0	0	600	0	10	-1	2	-5
60	10	0	0	600	0	10	-1	2	-5
61	10	0	0	600	0	10	-1	2	-5
62	10	0	0	600	0	10	-1	2	-5
63	10	0	0	600	0	10	-1	2	-5
64	10	0	0	600	0	10	-1	2	-5
65	10	0	0	600	0	10	-1	2	-5
66	10	0	0	600	0	10	-1	2	-5
67	10	0	0	600	0	10	-1	2	-5
68	10	0	0	600	0	10	-1	2	-5
69	10	0	0	600	0	10	-1	2	-5
70	10	0	0	600	0	10	-1	2	-5
71	10	0	0	600	0	10	-1	2	-5
72	10	0	0	600	0	10	-1	2	-5
73	10	0	0	600	0	10	-1	2	-5
74	10	0	0	600	0	10	-1	2	-5
75	10	0	0	600	0	10	-1	2	-5
76	10	0	0	600	0	10	-1	2	-5
77	10	0	0	600	0	10	-1	2	-5
78	10	0	0	600	0	10	-1	2	-5
79	10	0	0	600	0	10	-1	2	-5
80	10	0	0	600	0	10	-1	2	-5
81	10	0	0	600	0	10	-1	2	-5
82	10	0	0	600	0	10	-1	2	-5
83	10	0	0	600	0	10	-1	2	-5
84	10	0	0	600	0	10	-1	2	-5
85	10	0	0	600	0	10	-1	2	-5
86	10	0	0	600	0	10	-1	2	-5
87	10	0	0	600	0	10	-1	2	-5
88	10	0	0	600	0	10	-1	2	-5
89	10	0	0	600	0	10	-1	2	-5
90	10	0	0	600	0	10	-1	2	-5
91	10	0	0	600	0	10	-1	2	-5
92	10	0	0	600	0	10	-1	2	-5
93	10	0	0	600	0	10	-1	2	-5
94	10	0	0	600	0	10	-1	2	-5
95	10	0	0	600	0	10	-1	2	-5
96	10	0	0	600	0	10	-1	2	-5
97	10	0	0	600	0	10	-1	2	-5
98	10	0	0	600	0	10	-1	2	-5
99	10	0	0	600	0	10	-1	2	-5
100	10	0	0	600	0	10	-1	2	-5
101	10	0	0	600	0	10	-1	2	-5
102	10	0	0	600	0	10	-1	2	-5
103	10	0	0	600	0	10	-1	2	-5
104	10	0	0	600	0	10	-1	2	-5
105	10	0	0	600	0	10	-1	2	-5
106	10	0	0	600	0	10	-1	2	-5
107	10	0	0	600	0	10	-1	2	-5
108	10	0	0	600	0	10	-1	2	-5
109	10	0	0	600	0	10	-1	2	-5
110	10	0	0	600	0	10	-1	2	-5
111	10	0	0	600	0	10	-1	2	-5
112	10	0	0	600	0	10	-1	2	-5
113	10	0	0	600	0	10	-1	2	-5
114	10	0	0	600	0	10	-1	2	-5
115	10	0	0	600	0	10	-1	2	-5
116	10	0	0	600	0	10	-1	2	-5
117	10	0	0	600	0	10	-1	2	-5
118	10	0	0	600	0	10	-1	2	-5
119	10	0	0	600	0	10	-1	2	-5
120	10	0	0	600	0	10	-1	2	-5
121	10	0	0	600	0	10	-1	2	-5
122	10	0	0	600	0	10	-1	2	-5
123	10	0	0	600	0	10	-1	2	-5
124	10	0	0	600	0	10	-1	2	-5
125	10	0	0	600	0	10	-1	2	-5
126	10	0	0	600	0	10	-1	2	-5
127	10	0	0	600	0	10	-1	2	-5
128	10	0	0	600	0	10	-1	2	-5
129	10	0	0	600	0	10	-1	2	-5
130	10	0	0	600	0	10	-1	2	-5
131	10	0	0	600	0	10	-1	2	-5
132	10	0	0	600	0	10	-1	2	-5
133	10	0	0	600	0	10	-1	2	-5
134	10	0	0	600	0	10	-1	2	-5
135	10	0	0	600	0	10	-1	2	-5
136	10	0	0	600	0	10	-1	2	-5
137	10	0	0	600	0	10	-1	2	-5
138	10	0	0	600	0	10	-1	2	-5
139	10	0	0	600	0	10	-1	2	-5
140	10	0	0	600	0	10	-1	2	-5
141	10	0	0	600	0	10	-1	2	-5
142	10	0	0	600	0	10	-1	2	-5
143	10	0	0	600	0	10	-1	2	-5
144	10	0	0	600	0	10	-1	2	-5
145	10	0	0	600	0	10	-1	2	-5
146	10	0	0	600	0	10	-1	2	-5
147	10	0	0	600	0	10	-1	2	-5
148	10	0	0	600	0	10	-1	2	-5
149	10	0	0	600	0	10	-1	2	-5
150	10	0	0	600	0	10	-1	2	-5
151	10	0	0	600	0	10	-1	2	-5
152	10	0	0	600	0	10	-1	2	-5
153	10	0	0	600	0	10	-1	2	-5
154	10	0	0	600	0	10	-1	2	-5
155	10	0	0	600	0	10	-1	2	-5
156	10	0	0	600	0	10	-1	2	-5
157	10	0	0	600	0	10	-1	2	-5
158	10	0	0	600	0	10	-1	2	-5
159	10	0	0	600	0	10	-1	2	-5
160	10	0	0	600	0	10	-1	2	-5
161	10	0	0	600	0	10	-1	2	-5
162	10	0	0	600	0	10	-1	2	-5
163	10	0	0	600	0	10	-1	2	-5
164	10	0	0	600	0	10	-1	2	-5
165	10	0	0	600	0	10	-1	2	-5
166	10	0	0	600	0	10	-1	2	-5
167	10	0	0	600	0	10	-1	2	-5
168	10	0	0	600	0	10	-1	2	-5
169	10	0	0	600	0	10	-1	2	-5
170	10	0	0	600	0	10	-1	2	-5
171	10	0	0	600	0	10	-1	2	-5
172	10	0	0	600	0	10	-1	2	-5
173	10	0	0	600	0	10	-1	2	-5
174	10	0	0	600	0	10	-1	2	-5
175	10	0	0	600	0	10	-1	2	-5
176	10	0	0	600	0	10	-1	2	-5
177	10	0	0	600	0	10	-1	2	-5
178	10	0	0	600	0	10	-1	2	-5
179	10	0	0	600	0	10	-1	2	-5
180	10	0	0	600	0	10	-1	2	-5
181	10	0	0	600	0	10	-1	2	-5
182	10	0	0	600	0	10	-1	2	-5
183	10	0	0	600	0	10	-1	2	-5
184	10	0	0	600	0	10	-1	2	-5
185	10	0	0	600	0	10	-1	2	-5
186	10	0	0	600	0	10	-1	2	-5
187	10	0	0	600	0	10	-1	2	-5
188	10	0	0	600	0	10	-1	2	-5
189	10	0	0	600	0	10	-1	2	-5
190	10	0	0	600	0	10	-1	2	-5
191	10	0	0	600	0	10	-1	2	-5
192	10	0	0	600	0	10	-1	2	-5
193	10	0	0	600	0	10	-1	2	-5
194	10	0	0	600	0	10	-1	2	-5
195	10	0	0	600	0	10	-1	2	-5
196	10	0	0	600	0	10	-1	2	-5
197	10	0	0	600	0	10	-1	2	-5
198	10	0	0	600	0	10	-1	2	-5
199	10	0	0	600	0	10	-1	2	-5
200	10	0	0	600	0	10	-1	2	-5
201	10	0	0	600	0	10	-1	2	-5
202	10	0	0	600	0	10	-1	2	-5
203	10	0	0	600	0	10	-1	2	-5
204	10	0	0	600	0	10	-1	2	-5
205	10	0	0	600	0	10	-1	2	-5
206	10	0	0	600	0	10	-1	2	-5
207	10	0	0	600	0	10	-1	2	-5
208	10	0	0	600	0	10	-1	2	-5
209	10	0	0	600	0	10	-1	2	-5
210	10	0	0	600	0	10	-1	2	-5
211	10	0	0	600	0	10	-1	2	-5
212	10	0	0	600	0	10	-1	2	-5
213	10	0	0	600	0	10	-1	2	-5
214	10	0	0	600	0	10	-1	2	-5
215	10	0	0	600	0	10	-1	2	-5
216	10	0	0	600	0	10	-1	2	-5
217	10	0	0	600	0	10	-1	2	-5
218	10	0	0	600	0	10	-1	2	-5
219	10	0	0	600	0	10	-1	2	-5
220	10	0	0	600	0	10	-1	2	-5
221	10	0	0	600	0	10	-1	2	-5
222	10	0	0	600	0	10	-1	2	-5
223	10	0	0	600	0	10	-1	2	-5
224	10	0	0	600	0	10	-1	2	-5
225	10	0	0	600	0	10	-1	2	-5
226	10	0	0	600	0	10	-1	2	-5
227	10	0	0	600	0	10	-1	2	-5
228	10	0	0	600	0	10	-1	2	-5
229	10	0	0	600	0	10	-1	2	-5
230	10	0	0	600	0	10	-1	2	-5
231	10	0	0	600	0	10	-1	2	-5
232	10	0	0	600	0	10	-1	2	-5
233	10	0	0	600	0	10	-1	2	-5
234	10	0	0	600	0	10	-1	2	-5
235	10	0	0	600	0	10	-1	2	-5
236	10	0	0	600	0	10	-1	2	-5
237	10	0	0	600	0	10	-1	2	-5
238	10	0	0	600	0	10	-1	2	-5
239	10	0	0	600	0	10	-1	2	-5
240	10	0	0	600	0	10	-1	2	-5
241	10	0	0	600	0	10	-1	2	-5
242	10	0	0	600	0	10	-1	2	-5
243	10	0	0	600	0	10	-1	2	-5
244	10	0	0	600	0	10	-1	2	-5
245	10	0	0	600	0	10	-1	2	-5
246	10	0	0	600	0	10	-1	2	-5
247	10	0	0	600	0	10	-1	2	-5
248	10	0	0	600	0	10	-1	2	-5
249	10	0	0	600	0	10	-1	2	-5
250	10	0	0	600	0	10	-1	2	-5
251	10	0	0	600	0	10	-1	2	-5
252	10	0	0	600	0	10	-1	2	-5
253	10	0	0	600	0	10	-1	2	-5
254	10	0	0	600	0	10	-1	2	-5
255	10	0	0	600	0	10	-1	2	-5
256	10	0	0	600	0	10	-1	2	-5
257	10	0	0	600	0	10	-1	2	-5
258	10	0	0	600	0	10	-1	2	-5
259	10	0	0	600	0	10	-1	2	-5
260	10	0	0	600	0	10	-1	2	-5
261	10	0	0	600	0	10	-1	2	-5
262	10	0	0	600	0	10	-1	2	-5
263	10	0	0	600	0	10	-1	2	-5
264	10	0	0	600	0	10	-1	2	-5
265	10	0	0	600	0	10	-1	2	-5
266	10	0	0	600	0	10	-1	2	-5
267	10	0	0	600	0	10	-1	2	-5
268	10	0	0	600	0	10	-1	2	-5
269	10	0	0	600	0	10	-1	2	-5
270	10	0	0	600	0	10	-1	2	-5
271	10	0	0	600	0	10	-1	2	-5
272	10	0	0	600	0	10	-1	2	-5
273	10	0	0	600	0	10	-1	2	-5
274	10	0	0	600	0	10	-1	2	-5
275	10	0	0	600	0	10	-1	2	-5
276	10	0	0	600	0	10	-1	2	-5
277	10	0	0	600	0	10	-1	2	-5
278	10	0	0	600	0	10	-1	2	-5
279	10	0	0	600	0	10	-1	2	-5
280	10	0	0	600	0	10	-1	2	-5
281	10	0	0	600	0	10	-1	2	-5
282	10	0	0	600	0	10	-1	2	-5
283	10	0	0	600	0	10	-1	2	-5
284	10	0	0	600	0	10	-1	2	-5
285	10	0	0	600	0	10	-1	2	-5
286	10	0	0	600	0	10	-1	2	-5
287	10	0	0	600	0	10	-1	2	-5
288	10	0	0	600	0	10	-1	2	-5
289	10	0	0	600	0	10	-1	2	-5
290	10	0	0	600	0	10	-1	2	-5
291	10	0	0	600	0	10	-1	2	-5
292	10	0	0	600	0	10	-1	2	-5
293	10	0	0	600	0	10	-1	2	-5
294	10	0	0	600	0	10	-1	2	-5
295	10	0	0	600	0	10	-1	2	-5
296	10	0	0	600	0	10	-1	2	-5
297	10	0	0	600	0	10	-1	2	-5
298	10	0	0	600	0	10	-1	2	-5
299	10	0	0	600	0	10	-1	2	-5
300	10	0	0	600	0	10	-1	2	-5
301	10	0	0	600	0	10	-1	2	-5
302	10	0	0	600	0	10	-1	2	-5
303	10	0	0	600	0	10	-1	2	-5
304	10	0	0	600	0	10	-1	2	-5
305	10	0	0	600	0	10	-1	2	-5
306	10	0	0	600	0	10	-1	2	-5
307	10	0	0	600	0	10	-1	2	-5
308	10	0	0	600	0	10	-1	2	-5
309	10	0	0	600	0	10	-1	2	-5
310	10	0	0	600	0	10	-1	2	-5
311	10	0	0	600	0	10	-1	2	-5
312	10	0	0	600	0	10	-1	2	-5
313	10	0	0	600	0	10	-1	2	-5
314	10	0	0	600	0	10	-1	2	-5
315	10	0	0	600	0	10	-1	2	-5
316	10	0	0	600	0	10	-1	2	-5
317	10	0	0	600	0	10	-1	2	-5
318	10	0	0	600	0	10	-1	2	-5
319	10	0	0	600	0	10	-1	2	-5
320	10	0	0	600	0	10	-1	2	-5
321	10	0	0	600	0	10	-1	2	-5
322	10	0	0	600	0	10	-1	2	-5
323	10	0	0	600	0	10	-1	2	-5
324	10	0	0	600	0	10	-1	2	-5
325	10	0	0	600	0	10	-1	2	-5
326	10	0	0	600	0	10	-1	2	-5
327	10	0	0	600	0	10	-1	2	-5
328	10	0	0	600	0	10	-1	2	-5
329	10	0	0	600	0	10	-1	2	-5
330	10	0	0	600	0	10	-1	2	-5
331	10	0	0	600	0	10	-1	2	-5
332	10	0	0	600	0	10	-1	2	-5
333	10	0	0	600	0	10	-1	2	-5
334	10	0	0	600	0	10	-1	2	-5
335	10	0	0	600	0	10	-1	2	-5
336	10	0	0	600	0	10	-1	2	-5
337	10	0	0	600	0	10	-1	2	-5
338	10	0	0	600	0	10	-1	2	-5
339	10	0	0	600	0	10	-1	2	-5
340	10	0	0	600	0	10	-1	2	-5
341	10	0	0	600	0	10	-1	2	-5
342	10	0	0	600	0	10	-1	2	-5
343	10	0	0	600	0	10	-1	2	-5
344	10	0	0	600	0	10	-1	2	-5
345	10	0	0	600	0	10	-1	2	-5
346	10	0	0	600	0	10	-1	2	-5
347	10	0	0	600	0	10	-1	2	-5
348	10	0	0	600	0	10	-1	2	-5
349	10	0	0	600	0	10	-1	2	-5
350	10	0	0	600	0	10	-1	2	-5
351	10	0	0	600	0	10	-1	2	-5
352	10	0	0	600	0	10	-1	2	-5
353	10	0	0	600	0	10	-1	2	-5
354	10	0	0	600	0	10	-1	2	-5
355	10	0	0	600	0	10	-1	2	-5
356	10	0	0	600	0	10	-1	2	-5
357	10	0	0	600	0	10	-1	2	-5
358	10	0	0	600	0	10	-1	2	-5
359	10	0	0	600	0	10	-1	2	-5
360	10	0	0	600	0	10	-1	2	-5
361	10	0	0	600	0	10	-1	2	-5
362	10	0	0	600	0	10	-1	2	-5
363	10	0	0	600	0	10	-1	2	-5
364	10	0	0	600	0	10	-1	2	-5
365	10	0	0	600	0	10	-1	2	-5
366	10	0	0	600	0	10	-1	2	-5
367	10	0	0	600	0	10	-1	2	-5
368	10	0	0	600	0	10	-1	2	-5
369	10	0	0	600	0	10	-1	2	-5
370	10	0	0	600	0	10	-1	2	-5
371	10	0	0	600	0	10	-1	2	-5
372	10	0	0	600	0	10	-1	2	-5
373	10	0	0	600	0	10	-1	2	-5
374	10	0	0	600	0	10	-1	2	-5
375	10	0	0	600	0	10	-1	2	-5
376	10	0	0	600	0	10	-1	2	-5
377	10	0	0	600	0	10	-1	2	-5
378	10	0	0	600	0	10	-1	2	-5
379	10	0	0	600	0	10	-1	2	-5
380	10	0	0	600	0	10	-1	2	-5
381	10	0	0	600	0	10	-1	2	-5
382	10	0	0	600	0	10	-1	2	-5
383	10	0	0	600	0	10	-1	2	-5
384	10	0	0	600	0	10	-1	2	-5
385	10	0	0	600	0	10	-1	2	-5
386	10	0	0	600	0	10	-1	2	-5
387	10	0	0	600	0	10	-1	2	-5
388	10	0	0	600	0	10	-1	2	-5
389	10	0	0	600	0	10	-1	2	-5
390	10	0	0	600	0	10	-1	2	-5
391	10	0	0	600	0	10	-1	2	-5
392	10	0	0	600	0	10	-1	2	-5
393	10	0	0	600	0	10	-1	2	-5
394	10	0	0	600	0	10	-1	2	-5
395	10	0	0	600	0	10	-1	2	-5
396	10	0	0	600	0	10	-1	2	-5
397	10	0	0	600	0	10	-1	2	-5
398	10	0	0	600	0	10	-1	2	-5
399	10	0	0	600	0	10	-1	2	-5
400	10	0	0	600	0	10	-1	2	-5
401	10	0	0	600	0	10	-1	2	-5
402	10	0	0	600	0	10	-1	2	-5
403	10	0	0	600	0	10	-1	2	-5
404	10	0	0	600	0	10	-1	2	-5
405	10	0	0	600	0	10	-1	2	-5
406	10	0	0	600	0	10	-1	2	-5
407	10	0	0	600	0	10	-1	2	-5
408	10	0	0	600	0	10	-1	2	-5
409	10	0	0	600	0	10	-1	2	-5
410	10	0	0	600	0	10	-1	2	-5
411	10	0	0	600	0	10	-1	2	-5
412	10	0	0	600	0	10	-1	2	-5
413	10	0	0	600	0	10	-1	2	-5
414	10	0	0	600	0	10	-1	2	-5
415	10	0	0	600	0	10	-1	2	-5
416	10	0	0	600	0	10	-1	2	-5
417	10	0	0	600	0	10	-1	2	-5
418	10	0	0	600	0	10	-1	2	-5
419	10	0	0	600	0	10	-1	2	-5
420	10	0	0	600	0	10	-1	2	-5
421	10	0	0	600	0	10	-1	2	-5
422	10	0	0	600	0	10	-1	2	-5
423	10	0	0	600	0	10	-1	2	-5
424	10	0	0	600	0	10	-1	2	-5
425	10	0	0	600	0	10	-1	2	-5
426	10	0	0	600	0	10	-1	2	-5
427	10	0	0	600	0	10	-1	2	-5
428	10	0	0	600	0	10	-1	2	-5
429	10	0	0	600	0	10	-1	2	-5
430	10	0	0	600	0	10	-1	2	-5
431	10	0	0	600	0	10	-1	2	-5
432	10	0	0	600	0	10	-1	2	-5
433	10	0	0	600	0	10	-1	2	-5
434	10	0	0	600	0	10	-1	2	-5
435	10	0	0	600	0	10	-1	2	-5
436	10	0	0	600	0	10	-1	2	-5
437	10	0	0	600	0	10	-1	2	-5
438	10	0	0	600	0	10	-1	2	-5
439	10	0	0	600	0	10	-1	2	-5
440	10	0	0	600	0	10	-1	2	-5
441	10	0	0	600	0	10	-1	2	-5
442	10	0	0	600	0	10	-1	2	-5
443	10	0	0	600	0	10	-1	2	-5
444	10	0	0	600	0	10	-1	2	-5
445	10	0	0	600	0	10	-1	2	-5
446	10	0	0	600	0	10	-1	2	-5
447	10	0	0	600	0	10	-1	2	-5
448	10	0	0	600	0	10	-1	2	-5
449	10	0	0	600	0	10	-1	2	-5
450	10	0	0	600	0	10	-1	2	-5
451	10	0	0	600	0	10	-1	2	-5
452	10	0	0	600	0	10	-1	2	-5
453	10	0	0	600	0	10	-1	2	-5
454	10	0	0	600	0	10	-1	2	-5
455	10	0	0	600	0	10	-1	2	-5
456	10	0	0	600	0	10	-1	2	-5
457	10	0	0	600	0	10	-1	2	-5
458	10	0	0	600	0	10	-1	2	-5
459	10	0	0	600	0	10	-1	2	-5
460	10	0	0	600	0	10	-1	2	-5
461	10	0	0	600	0	10	-1	2	-5
462	10	0	0	600	0	10	-1	2	-5
463	10	0	0	600	0	10	-1	2	-5
464	10	0	0	600	0	10	-1	2	-5
465	10	0	0	600	0	10	-1	2	-5
466	10	0	0	600	0	10	-1	2	-5
467	10	0	0	600	0	10	-1	2	-5
468	10	0	0	600	0	10	-1	2	-5
469	10	0	0	600	0	10	-1	2	-5
470	10	0	0	600	0	10	-1	2	-5
471	10	0	0	600	0	10	-1	2	-5
472	10	0	0	600	0	10	-1	2	-5
473	10	0	0	600	0	10	-1	2	-5
474	10	0	0	600	0	10	-1	2	-5
475	10	0	0	600	0	10	-1	2	-5
476	10	0	0	600	0	10	-1	2	-5
477	10	0	0	600	0	10	-1	2	-5
478	10	0	0	600	0	10	-1	2	-5
479	10	0	0	600	0	10	-1	2	-5
480	10	0	0	600	0	10	-1	2	-5
481	10	0	0	600	0	10	-1	2	-5
482	10	0	0	600	0	10	-1	2	-5
483	10	0	0	600	0	10	-1	2	-5
484	10	0	0	600	0	10	-1	2	-5
485	10	0	0	600	0	10	-1	2	-5
486	10	0	0	600	0	10	-1	2	-5
487	10	0	0	600	0	10	-1	2	-5
488	10	0	0	600	0	10	-1	2	-5
489	10	0	0	600	0	10	-1	2	-5
490	10	0	0	600	0	10	-1	2	-5
491	10	0	0	600	0	10	-1	2	-5
492	10	0	0	600	0	10	-1	2	-5
493	10	0	0	600	0	10	-1	2	-5
494	10	0	0	600	0	10	-1	2	-5
495	10	0	0	600	0	10	-1	2	-5
496	10	0	0	600	0	10	-1	2	-5
497	10	0	0	600	0	10	-1	2	-5
498	10	0	0	600	0	10	-1	2	-5
499	10	0	0	600	0	10	-1	2	-5
500	10	0	0	600	0	10	-1	2	-5
501	10	0	0	600	0	10	-1	2	-5
502	10	0	0	600	0	10	-1	2	-5
503	10	0	0	600	0	10	-1	2	-5
504	10	0	0	600	0	10	-1	2	-5
505	10	0	0	600	0	10	-1	2	-5
506	10	0	0	600	0	10	-1	2	-5
507	10	0	0	600	0	10	-1	2	-5
508	10	0	0	600	0	10	-1	2	-5
509	10	0	0	600	0	10	-1	2	-5
510	10	0	0	600	0	10	-1	2	-5
511	10	0	0	600	0	10	-1	2	-5
512	10	0	0	600	0	10	-1	2	-5
513	10	0	0	600	0	10	-1	2	-5
514	10	0	0	600	0	10	-1	2	-5
515	10	0	0	600	0	10	-1	2	-5
516	10	0	0	600	0	10	-1	2	-5
517	10	0	0	600	0	10	-1	2	-5
518	10	0	0	600	0	10	-1	2	-5
519	10	0	0	600	0	10	-1	2	-5
520	10	0	0	600	0	10	-1	2	-5
521	10	0	0	600	0	10	-1	2	-5
522	10	0	0	600	0	10	-1	2	-5
523	10	0	0	600	0	10	-1	2	-5
524	10	0	0	600	0	10	-1	2	-5
525	10	0	0	600	0	10	-1	2	-5
526	10	0	0	600	0	10	-1	2	-5
527	10	0	0	600	0	10	-1	2	-5
528	10	0	0	600	0	10	-1	2	-5
529	10	0	0	600	0	10	-1	2	-5
530	10	0	0	600	0	10	-1	2	-5
531	10	0	0	600	0	10	-1	2	-5
532	10	0	0	600	0	10	-1	2	-5
533	10	0	0	600	0	10	-1	2	-5
534	10	0	0	600	0	10	-1	2	-5
535	10	0	0	600	0	10	-1	2	-5
536	10	0	0	600	0	10	-1	2	-5
537	10	0	0	600	0	10	-1	2	-5
538	10	0	0	600	0	10	-1	2	-5
539	10	0	0	600	0	10	-1	2	-5
540	10	0	0	600	0	10	-1	2	-5
541	10	0	0	600	0	10	-1	2	-5
542	10	0	0	600	0	10	-1	2	-5
543	10	0	0	600	0	10	-1	2	-5
544	10	0	0	600	0	10	-1	2	-5
545	10	0	0	600	0	10	-1	2	-5
546	10	0	0	600	0	10	-1	2	-5
547	10	0	0	600	0	10	-1	2	-5
548	10	0	0	600	0	10	-1	2	-5
549	10	0	0	600	0	10	-1	2	-5
550	10	0	0	600	0	10	-1	2	-5
551	10	0	0	600	0	10	-1	2	-5
552	10	0	0	600	0	10	-1	2	-5
553	10	0	0	600	0	10	-1	2	-5
554	10	0	0	600	0	10	-1	2	-5
555	10	0	0	600	0	10	-1	2	-5
556	10	0	0	600	0	10	-1	2	-5
557	10	0	0	600	0	10	-1	2	-5
558	10	0	0	600	0	10	-1	2	-5
559	10	0	0	600	0	10	-1	2	-5
560	10	0	0	600	0	10	-1	2	-5
561	10	0	0	600	0	10	-1	2	-5
562	10	0	0	600	0	10	-1	2	-5
563	10	0	0	600	0	10	-1	2	-5
564	10	0	0	600	0	10	-1	2	-5
565	10	0	0	600	0	10	-1	2	-5
566	10	0	0	600	0	10	-1	2	-5
567	10	0	0	600	0	10	-1	2	-5
568	10	0	0	600	0	10	-1	2	-5
569	10	0	0	600	0	10	-1	2	-5
570	10	0	0	600	0	10	-1	2	-5
571	10	0	0	600	0	10	-1	2	-5
572	10	0	0	600	0	10	-1	2	-5
573	10	0	0	600	0	10	-1	2	-5
574	10	0	0	600	0	10	-1	2	-5
575	10	0	0	600	0	10	-1	2	-5
576	10	0	0	600	0	10	-1	2	-5
577	10	0	0	600	0	10	-1	2	-5
578	10	0	0	600	0	10	-1	2	-5
579	10	0	0	600	0	10	-1	2	-5
580	10	0	0	600	0	10	-1	2	-5
581	10	0	0	600	0	10	-1	2	-5
582	10	0	0	600	0	10	-1	2	-5
583	10	0	0	600	0	10	-1	2	-5
584	10	0	0	600	0	10	-1	2	-5
585	10	0	0	600	0	10	-1	2	-5
586	10	0	0	600	0	10	-1	2	-5
587	10	0	0	600	0	10	-1	2	-5
588	10	0	0	600	0	10	-1	2	-5
589	10	0	0	600	0	10	-1	2	-5
590	10	0	0	600	0	10	-1	2	-5
591	10	0	0	600	0	10	-1	2	-5
592	10	0	0	600	0	10	-1	2	-5
593	10	0	0	600	0	10	-1	2	-5
594	10	0	0	600	0	10	-1	2	-5
595	10	0	0	600	0	10	-1	2	-5
596	10	0	0	600	0	10	-1	2	-5
597	10	0	0	600	0	10	-1	2	-5
598	10	0	0	600	0	10	-1	2	-5
599	10	0	0	600	0	10	-1	2	-5
600	10	0	0	600	0	10	-1	2	-5
601	10	0	0	600	0	10	-1	2	-5
602	10	0	0	600	0	10	-1	2	-5
603	10	0	0	600	0	10	-1	2	-5
604	10	0	0	600	0	10	-1	2	-5
605	10	0	0	600	0	10	-1	2	-5
606	10	0	0	600	0	10	-1	2	-5
607	10	0	0	600	0	10	-1	2	-5
608	10	0	0	600	0	10	-1	2	-5
609	10	0	0	600	0	10	-1	2	-5
610	10	0	0	600	0	10	-1	2	-5
611	10	0	0	600	0	10	-1	2	-5
612	10	0	0	600	0	10	-1	2	-5
613	10	1	1	600	613	10	10	2	-5
614	10	1	1	600	613	10	10	2	-5
615	10	1	1	600	613	10	10	2	-5
616	10	1	1	600	613	10	10	2	-5
617	10	1	1	600	613	10	10	2	-5
618	10	1	1	600	613	10	10	2	-5
619	10	1	1	600	613	10	10	2	-5
620	10	1	1	600	613	10	10	2	-5
621	10	1	1	600	613	10	10	2	-5
622	10	1	1	600	613	10	10	2	-5
623	10	1	1	600	613	10	10	2	-5
624	10	1	1	600	613	10	10	2	-5
625	10	1	1	600	613	10	10	2	-5
626	10	1	1	600	613	10	10	2	-5
627	10	1	1	600	613	10	10	2	-5
628	10	1	1	600	613	10	10	2	-5
629	10	1	1	600	613	10	10	2	-5
630	10	1	1	600	613	10	10	2	-5
631	10	1	1	600	613	10	10	2	-5
632	10	1	1	600	613	10	10	2	-5
633	10	1	1	600	613	10	10	2	-5
634	10	1	1	600	613	10	10	2	-5
635	10	1	1	600	613	10	10	2	-5
636	10	1	1	600	613	10	10	2	-5
637	10	1	1	600	613	10	10	2	-5
638	10	1	1	600	613	10	10	2	-5
639	10	1	1	600	613	10	10	2	-5
640	10	1	1	600	613	10	10	2	-5
641	10	1	1	600	613	10	10	2	-5
642	10	1	1	600	613	10	10	2	-5
643	10	1	1	600	613	10	10	2	-5
644	10	1	1	600	613	10	10	2	-5
645	10	1	1	600	613	10	10	2	-5
646	10	1	1	600	613	10	10	2	-5
647	10	1	1	600	613	10	10	2	-5
648	10	1	1	600	613	10	10	2	-5
649	10	1	1	600	613	10	10	2	-5
650	10	1	1	600	613	10	10	2	-5
651	10	1	1	600	613	10	10	2	-5
652	10	1	1	600	613	10	10	2	-5
653	10	1	1	600	613	10	10	2	-5
