1	19	0	0	900	0	19	-1	3	-4
2	19	0	0	900	0	19	-1	3	-4
3	19	0	0	900	0	19	-1	3	-4
4	19	0	0	900	0	19	-1	3	-4
5	19	0	0	900	0	19	-1	3	-4
6	19	0	0	900	0	19	-1	3	-4
7	19	0	0	900	0	19	-1	3	-4
8	19	0	0	900	0	19	-1	3	-4
9	19	0	0	900	0	19	-1	3	-4
10	19	0	0	900	0	19	-1	3	-4
11	19	0	0	900	0	19	-1	3	-4
12	19	0	0	900	0	19	-1	3	-4
13	19	0	0	900	0	19	-1	3	-4
14	19	0	0	900	0	19	-1	3	-4
15	19	0	0	900	0	19	-1	3	-4
16	19	0	0	900	0	19	-1	3	-4
17	19	0	0	900	0	19	-1	3	-4
18	19	0	0	900	0	19	-1	3	-4
19	19	0	0	900	0	19	-1	3	-4
20	19	0	0	900	0	19	-1	3	-4
21	19	0	0	900	0	19	-1	3	-4
22	19	0	0	900	0	19	-1	3	-4
23	19	0	0	900	0	19	-1	3	-4
24	19	0	0	900	0	19	-1	3	-4
25	19	0	0	900	0	19	-1	3	-4
26	19	0	0	900	0	19	-1	3	-4
27	19	0	0	900	0	19	-1	3	-4
28	19	0	0	900	0	19	-1	3	-4
29	19	0	0	900	0	19	-1	3	-4
30	19	0	0	900	0	19	-1	3	-4
31	19	0	0	900	0	19	-1	3	-4
32	19	0	0	900	0	19	-1	3	-4
33	19	0	0	900	0	19	-1	3	-4
34	19	0	0	900	0	19	-1	3	-4
35	19	0	0	900	0	19	-1	3	-4
36	19	0	0	900	0	19	-1	3	-4
37	19	0	0	900	0	19	-1	3	-4
38	19	0	0	900	0	19	-1	3	-4
39	19	0	0	900	0	19	-1	3	-4
40	19	0	0	900	0	19	-1	3	-4
41	19	0	0	900	0	19	-1	3	-4
42	19	0	0	900	0	19	-1	3	-4
43	19	0	0	900	0	19	-1	3	-4
44	19	0	0	900	0	19	-1	3	-4
45	19	0	0	900	0	19	-1	3	-4
46	19	0	0	900	0	19	-1	3	-4
47	19	0	0	900	0	19	-1	3	-4
48	19	0	0	900	0	19	-1	3	-4
49	19	0	0	900	0	19	-1	3	-4
50	19	0	0	900	0	19	-1	3	-4
51	19	0	0	900	0	19	-1	3	-4
52	19	0	0	900	0	19	-1	3	-4
53	19	0	0	900	0	19	-1	3	-4
54	19	0	0	900	0	19	-1	3	-4
55	19	0	0	900	0	19	-1	3	-4
56	19	0	0	900	0	19	-1	3	-4
57	19	0	0	900	0	19	-1	3	-4
58	19	0	0	900	0	19	-1	3	-4
59	19	0	0	900	0	19	-1	3	-4
60	19	0	0	900	0	19	-1	3	-4
61	19	0	0	900	0	19	-1	3	-4
62	19	0	0	900	0	19	-1	3	-4
63	19	0	0	900	0	19	-1	3	-4
64	19	0	0	900	0	19	-1	3	-4
65	19	0	0	900	0	19	-1	3	-4
66	19	0	0	900	0	19	-1	3	-4
67	19	0	0	900	0	19	-1	3	-4
68	19	0	0	900	0	19	-1	3	-4
69	19	0	0	900	0	19	-1	3	-4
70	19	0	0	900	0	19	-1	3	-4
71	19	0	0	900	0	19	-1	3	-4
72	19	0	0	900	0	19	-1	3	-4
73	19	0	0	900	0	19	-1	3	-4
74	19	0	0	900	0	19	-1	3	-4
75	19	0	0	900	0	19	-1	3	-4
76	19	0	0	900	0	19	-1	3	-4
77	19	0	0	900	0	19	-1	3	-4
78	19	0	0	900	0	19	-1	3	-4
79	19	0	0	900	0	19	-1	3	-4
80	19	0	0	900	0	19	-1	3	-4
81	19	0	0	900	0	19	-1	3	-4
82	19	0	0	900	0	19	-1	3	-4
83	19	0	0	900	0	19	-1	3	-4
84	19	0	0	900	0	19	-1	3	-4
85	19	0	0	900	0	19	-1	3	-4
86	19	0	0	900	0	19	-1	3	-4
87	19	0	0	900	0	19	-1	3	-4
88	19	0	0	900	0	19	-1	3	-4
89	19	0	0	900	0	19	-1	3	-4
90	19	0	0	900	0	19	-1	3	-4
91	19	0	0	900	0	19	-1	3	-4
92	19	0	0	900	0	19	-1	3	-4
93	19	0	0	900	0	19	-1	3	-4
94	19	0	0	900	0	19	-1	3	-4
95	19	0	0	900	0	19	-1	3	-4
96	19	0	0	900	0	19	-1	3	-4
97	19	0	0	900	0	19	-1	3	-4
98	19	0	0	900	0	19	-1	3	-4
99	19	0	0	900	0	19	-1	3	-4
100	19	0	0	900	0	19	-1	3	-4
101	19	0	0	900	0	19	-1	3	-4
102	19	0	0	900	0	19	-1	3	-4
103	19	0	0	900	0	19	-1	3	-4
104	19	0	0	900	0	19	-1	3	-4
105	19	0	0	900	0	19	-1	3	-4
106	19	0	0	900	0	19	-1	3	-4
107	19	0	0	900	0	19	-1	3	-4
108	19	0	0	900	0	19	-1	3	-4
109	19	0	0	900	0	19	-1	3	-4
110	19	0	0	900	0	19	-1	3	-4
111	19	0	0	900	0	19	-1	3	-4
112	19	0	0	900	0	19	-1	3	-4
113	19	0	0	900	0	19	-1	3	-4
114	19	0	0	900	0	19	-1	3	-4
115	19	0	0	900	0	19	-1	3	-4
116	19	0	0	900	0	19	-1	3	-4
117	19	0	0	900	0	19	-1	3	-4
118	19	0	0	900	0	19	-1	3	-4
119	19	0	0	900	0	19	-1	3	-4
120	19	0	0	900	0	19	-1	3	-4
121	19	0	0	900	0	19	-1	3	-4
122	19	0	0	900	0	19	-1	3	-4
123	19	0	0	900	0	19	-1	3	-4
124	19	0	0	900	0	19	-1	3	-4
125	19	0	0	900	0	19	-1	3	-4
126	19	0	0	900	0	19	-1	3	-4
127	19	0	0	900	0	19	-1	3	-4
128	19	0	0	900	0	19	-1	3	-4
129	19	0	0	900	0	19	-1	3	-4
130	19	0	0	900	0	19	-1	3	-4
131	19	0	0	900	0	19	-1	3	-4
132	19	0	0	900	0	19	-1	3	-4
133	19	0	0	900	0	19	-1	3	-4
134	19	0	0	900	0	19	-1	3	-4
135	19	0	0	900	0	19	-1	3	-4
136	19	0	0	900	0	19	-1	3	-4
137	19	0	0	900	0	19	-1	3	-4
138	19	0	0	900	0	19	-1	3	-4
139	19	0	0	900	0	19	-1	3	-4
140	19	0	0	900	0	19	-1	3	-4
141	19	0	0	900	0	19	-1	3	-4
142	19	0	0	900	0	19	-1	3	-4
143	19	0	0	900	0	19	-1	3	-4
144	19	0	0	900	0	19	-1	3	-4
145	19	0	0	900	0	19	-1	3	-4
146	19	0	0	900	0	19	-1	3	-4
147	19	0	0	900	0	19	-1	3	-4
148	19	0	0	900	0	19	-1	3	-4
149	19	0	0	900	0	19	-1	3	-4
150	19	0	0	900	0	19	-1	3	-4
151	19	0	0	900	0	19	-1	3	-4
152	19	0	0	900	0	19	-1	3	-4
153	19	0	0	900	0	19	-1	3	-4
154	19	0	0	900	0	19	-1	3	-4
155	19	0	0	900	0	19	-1	3	-4
156	19	0	0	900	0	19	-1	3	-4
157	19	0	0	900	0	19	-1	3	-4
158	19	0	0	900	0	19	-1	3	-4
159	19	0	0	900	0	19	-1	3	-4
160	19	0	0	900	0	19	-1	3	-4
161	19	0	0	900	0	19	-1	3	-4
162	19	0	0	900	0	19	-1	3	-4
163	19	0	0	900	0	19	-1	3	-4
164	19	0	0	900	0	19	-1	3	-4
165	19	0	0	900	0	19	-1	3	-4
166	19	0	0	900	0	19	-1	3	-4
167	19	0	0	900	0	19	-1	3	-4
168	19	0	0	900	0	19	-1	3	-4
169	19	0	0	900	0	19	-1	3	-4
170	19	0	0	900	0	19	-1	3	-4
171	19	0	0	900	0	19	-1	3	-4
172	19	0	0	900	0	19	-1	3	-4
173	19	0	0	900	0	19	-1	3	-4
174	19	0	0	900	0	19	-1	3	-4
175	19	0	0	900	0	19	-1	3	-4
176	19	0	0	900	0	19	-1	3	-4
177	19	0	0	900	0	19	-1	3	-4
178	19	0	0	900	0	19	-1	3	-4
179	19	0	0	900	0	19	-1	3	-4
180	19	0	0	900	0	19	-1	3	-4
181	19	0	0	900	0	19	-1	3	-4
182	19	0	0	900	0	19	-1	3	-4
183	19	0	0	900	0	19	-1	3	-4
184	19	0	0	900	0	19	-1	3	-4
185	19	0	0	900	0	19	-1	3	-4
186	19	0	0	900	0	19	-1	3	-4
187	19	0	0	900	0	19	-1	3	-4
188	19	0	0	900	0	19	-1	3	-4
189	19	0	0	900	0	19	-1	3	-4
190	19	0	0	900	0	19	-1	3	-4
191	19	0	0	900	0	19	-1	3	-4
192	19	0	0	900	0	19	-1	3	-4
193	19	0	0	900	0	19	-1	3	-4
194	19	0	0	900	0	19	-1	3	-4
195	19	0	0	900	0	19	-1	3	-4
196	19	0	0	900	0	19	-1	3	-4
197	19	0	0	900	0	19	-1	3	-4
198	19	0	0	900	0	19	-1	3	-4
199	19	0	0	900	0	19	-1	3	-4
200	19	0	0	900	0	19	-1	3	-4
201	19	0	0	900	0	19	-1	3	-4
202	19	0	0	900	0	19	-1	3	-4
203	19	0	0	900	0	19	-1	3	-4
204	19	0	0	900	0	19	-1	3	-4
205	19	0	0	900	0	19	-1	3	-4
206	19	0	0	900	0	19	-1	3	-4
207	19	0	0	900	0	19	-1	3	-4
208	19	0	0	900	0	19	-1	3	-4
209	19	0	0	900	0	19	-1	3	-4
210	19	0	0	900	0	19	-1	3	-4
211	19	0	0	900	0	19	-1	3	-4
212	19	0	0	900	0	19	-1	3	-4
213	19	0	0	900	0	19	-1	3	-4
214	19	0	0	900	0	19	-1	3	-4
215	19	0	0	900	0	19	-1	3	-4
216	19	0	0	900	0	19	-1	3	-4
217	19	0	0	900	0	19	-1	3	-4
218	19	0	0	900	0	19	-1	3	-4
219	19	0	0	900	0	19	-1	3	-4
220	19	0	0	900	0	19	-1	3	-4
221	19	0	0	900	0	19	-1	3	-4
222	19	0	0	900	0	19	-1	3	-4
223	19	0	0	900	0	19	-1	3	-4
224	19	0	0	900	0	19	-1	3	-4
225	19	0	0	900	0	19	-1	3	-4
226	19	0	0	900	0	19	-1	3	-4
227	19	0	0	900	0	19	-1	3	-4
228	19	0	0	900	0	19	-1	3	-4
229	19	0	0	900	0	19	-1	3	-4
230	19	0	0	900	0	19	-1	3	-4
231	19	0	0	900	0	19	-1	3	-4
232	19	0	0	900	0	19	-1	3	-4
233	19	0	0	900	0	19	-1	3	-4
234	19	0	0	900	0	19	-1	3	-4
235	19	0	0	900	0	19	-1	3	-4
236	19	0	0	900	0	19	-1	3	-4
237	19	0	0	900	0	19	-1	3	-4
238	19	0	0	900	0	19	-1	3	-4
239	19	0	0	900	0	19	-1	3	-4
240	19	0	0	900	0	19	-1	3	-4
241	19	0	0	900	0	19	-1	3	-4
242	19	0	0	900	0	19	-1	3	-4
243	19	0	0	900	0	19	-1	3	-4
244	19	0	0	900	0	19	-1	3	-4
245	19	0	0	900	0	19	-1	3	-4
246	19	0	0	900	0	19	-1	3	-4
247	19	0	0	900	0	19	-1	3	-4
248	19	0	0	900	0	19	-1	3	-4
249	19	0	0	900	0	19	-1	3	-4
250	19	0	0	900	0	19	-1	3	-4
251	19	0	0	900	0	19	-1	3	-4
252	19	0	0	900	0	19	-1	3	-4
253	19	0	0	900	0	19	-1	3	-4
254	19	0	0	900	0	19	-1	3	-4
255	19	0	0	900	0	19	-1	3	-4
256	19	0	0	900	0	19	-1	3	-4
257	19	0	0	900	0	19	-1	3	-4
258	19	0	0	900	0	19	-1	3	-4
259	19	0	0	900	0	19	-1	3	-4
260	19	0	0	900	0	19	-1	3	-4
261	19	0	0	900	0	19	-1	3	-4
262	19	0	0	900	0	19	-1	3	-4
263	19	0	0	900	0	19	-1	3	-4
264	19	0	0	900	0	19	-1	3	-4
265	19	0	0	900	0	19	-1	3	-4
266	19	0	0	900	0	19	-1	3	-4
267	19	0	0	900	0	19	-1	3	-4
268	19	0	0	900	0	19	-1	3	-4
269	19	0	0	900	0	19	-1	3	-4
270	19	0	0	900	0	19	-1	3	-4
271	19	0	0	900	0	19	-1	3	-4
272	19	0	0	900	0	19	-1	3	-4
273	19	0	0	900	0	19	-1	3	-4
274	19	0	0	900	0	19	-1	3	-4
275	19	0	0	900	0	19	-1	3	-4
276	19	0	0	900	0	19	-1	3	-4
277	19	0	0	900	0	19	-1	3	-4
278	19	0	0	900	0	19	-1	3	-4
279	19	0	0	900	0	19	-1	3	-4
280	19	0	0	900	0	19	-1	3	-4
281	19	0	0	900	0	19	-1	3	-4
282	19	0	0	900	0	19	-1	3	-4
283	19	0	0	900	0	19	-1	3	-4
284	19	0	0	900	0	19	-1	3	-4
285	19	0	0	900	0	19	-1	3	-4
286	19	0	0	900	0	19	-1	3	-4
287	19	0	0	900	0	19	-1	3	-4
288	19	0	0	900	0	19	-1	3	-4
289	19	0	0	900	0	19	-1	3	-4
290	19	0	0	900	0	19	-1	3	-4
291	19	0	0	900	0	19	-1	3	-4
292	19	0	0	900	0	19	-1	3	-4
293	19	0	0	900	0	19	-1	3	-4
294	19	0	0	900	0	19	-1	3	-4
295	19	0	0	900	0	19	-1	3	-4
296	19	0	0	900	0	19	-1	3	-4
297	19	0	0	900	0	19	-1	3	-4
298	19	0	0	900	0	19	-1	3	-4
299	19	0	0	900	0	19	-1	3	-4
300	19	0	0	900	0	19	-1	3	-4
301	19	0	0	900	0	19	-1	3	-4
302	19	0	0	900	0	19	-1	3	-4
303	19	0	0	900	0	19	-1	3	-4
304	19	0	0	900	0	19	-1	3	-4
305	19	0	0	900	0	19	-1	3	-4
306	19	0	0	900	0	19	-1	3	-4
307	19	0	0	900	0	19	-1	3	-4
308	19	0	0	900	0	19	-1	3	-4
309	19	0	0	900	0	19	-1	3	-4
310	19	0	0	900	0	19	-1	3	-4
311	19	0	0	900	0	19	-1	3	-4
312	19	0	0	900	0	19	-1	3	-4
313	19	0	0	900	0	19	-1	3	-4
314	19	0	0	900	0	19	-1	3	-4
315	19	0	0	900	0	19	-1	3	-4
316	19	0	0	900	0	19	-1	3	-4
317	19	0	0	900	0	19	-1	3	-4
318	19	0	0	900	0	19	-1	3	-4
319	19	0	0	900	0	19	-1	3	-4
320	19	0	0	900	0	19	-1	3	-4
321	19	0	0	900	0	19	-1	3	-4
322	19	0	0	900	0	19	-1	3	-4
323	19	0	0	900	0	19	-1	3	-4
324	19	0	0	900	0	19	-1	3	-4
325	19	0	0	900	0	19	-1	3	-4
326	19	0	0	900	0	19	-1	3	-4
327	19	0	0	900	0	19	-1	3	-4
328	19	0	0	900	0	19	-1	3	-4
329	19	0	0	900	0	19	-1	3	-4
330	19	0	0	900	0	19	-1	3	-4
331	19	0	0	900	0	19	-1	3	-4
332	19	0	0	900	0	19	-1	3	-4
333	19	0	0	900	0	19	-1	3	-4
334	19	0	0	900	0	19	-1	3	-4
335	19	0	0	900	0	19	-1	3	-4
336	19	0	0	900	0	19	-1	3	-4
337	19	0	0	900	0	19	-1	3	-4
338	19	0	0	900	0	19	-1	3	-4
339	19	0	0	900	0	19	-1	3	-4
340	19	0	0	900	0	19	-1	3	-4
341	19	0	0	900	0	19	-1	3	-4
342	19	0	0	900	0	19	-1	3	-4
343	19	0	0	900	0	19	-1	3	-4
344	19	0	0	900	0	19	-1	3	-4
345	19	0	0	900	0	19	-1	3	-4
346	19	0	0	900	0	19	-1	3	-4
347	19	0	0	900	0	19	-1	3	-4
348	19	0	0	900	0	19	-1	3	-4
349	19	0	0	900	0	19	-1	3	-4
350	19	0	0	900	0	19	-1	3	-4
351	19	0	0	900	0	19	-1	3	-4
352	19	0	0	900	0	19	-1	3	-4
353	19	0	0	900	0	19	-1	3	-4
354	19	0	0	900	0	19	-1	3	-4
355	19	0	0	900	0	19	-1	3	-4
356	19	0	0	900	0	19	-1	3	-4
357	19	0	0	900	0	19	-1	3	-4
358	19	0	0	900	0	19	-1	3	-4
359	19	0	0	900	0	19	-1	3	-4
360	19	0	0	900	0	19	-1	3	-4
361	19	0	0	900	0	19	-1	3	-4
362	19	0	0	900	0	19	-1	3	-4
363	19	0	0	900	0	19	-1	3	-4
364	19	0	0	900	0	19	-1	3	-4
365	19	0	0	900	0	19	-1	3	-4
366	19	0	0	900	0	19	-1	3	-4
367	19	0	0	900	0	19	-1	3	-4
368	19	0	0	900	0	19	-1	3	-4
369	19	0	0	900	0	19	-1	3	-4
370	19	0	0	900	0	19	-1	3	-4
371	19	0	0	900	0	19	-1	3	-4
372	19	0	0	900	0	19	-1	3	-4
373	19	0	0	900	0	19	-1	3	-4
374	19	0	0	900	0	19	-1	3	-4
375	19	0	0	900	0	19	-1	3	-4
376	19	0	0	900	0	19	-1	3	-4
377	19	0	0	900	0	19	-1	3	-4
378	19	0	0	900	0	19	-1	3	-4
379	19	0	0	900	0	19	-1	3	-4
380	19	0	0	900	0	19	-1	3	-4
381	19	0	0	900	0	19	-1	3	-4
382	19	0	0	900	0	19	-1	3	-4
383	19	0	0	900	0	19	-1	3	-4
384	19	0	0	900	0	19	-1	3	-4
385	19	0	0	900	0	19	-1	3	-4
386	19	0	0	900	0	19	-1	3	-4
387	19	0	0	900	0	19	-1	3	-4
388	19	0	0	900	0	19	-1	3	-4
389	19	0	0	900	0	19	-1	3	-4
390	19	0	0	900	0	19	-1	3	-4
391	19	0	0	900	0	19	-1	3	-4
392	19	0	0	900	0	19	-1	3	-4
393	19	0	0	900	0	19	-1	3	-4
394	19	0	0	900	0	19	-1	3	-4
395	19	0	0	900	0	19	-1	3	-4
396	19	0	0	900	0	19	-1	3	-4
397	19	0	0	900	0	19	-1	3	-4
398	19	0	0	900	0	19	-1	3	-4
399	19	0	0	900	0	19	-1	3	-4
400	19	0	0	900	0	19	-1	3	-4
401	19	0	0	900	0	19	-1	3	-4
402	19	0	0	900	0	19	-1	3	-4
403	19	0	0	900	0	19	-1	3	-4
404	19	0	0	900	0	19	-1	3	-4
405	19	0	0	900	0	19	-1	3	-4
406	19	0	0	900	0	19	-1	3	-4
407	19	0	0	900	0	19	-1	3	-4
408	19	0	0	900	0	19	-1	3	-4
409	19	0	0	900	0	19	-1	3	-4
410	19	0	0	900	0	19	-1	3	-4
411	19	0	0	900	0	19	-1	3	-4
412	19	0	0	900	0	19	-1	3	-4
413	19	0	0	900	0	19	-1	3	-4
414	19	0	0	900	0	19	-1	3	-4
415	19	0	0	900	0	19	-1	3	-4
416	19	0	0	900	0	19	-1	3	-4
417	19	0	0	900	0	19	-1	3	-4
418	19	0	0	900	0	19	-1	3	-4
419	19	0	0	900	0	19	-1	3	-4
420	19	0	0	900	0	19	-1	3	-4
421	19	0	0	900	0	19	-1	3	-4
422	19	0	0	900	0	19	-1	3	-4
423	19	0	0	900	0	19	-1	3	-4
424	19	0	0	900	0	19	-1	3	-4
425	19	0	0	900	0	19	-1	3	-4
426	19	0	0	900	0	19	-1	3	-4
427	19	0	0	900	0	19	-1	3	-4
428	19	0	0	900	0	19	-1	3	-4
429	19	0	0	900	0	19	-1	3	-4
430	19	0	0	900	0	19	-1	3	-4
431	19	0	0	900	0	19	-1	3	-4
432	19	0	0	900	0	19	-1	3	-4
433	19	0	0	900	0	19	-1	3	-4
434	19	0	0	900	0	19	-1	3	-4
435	19	0	0	900	0	19	-1	3	-4
436	19	0	0	900	0	19	-1	3	-4
437	19	0	0	900	0	19	-1	3	-4
438	19	0	0	900	0	19	-1	3	-4
439	19	0	0	900	0	19	-1	3	-4
440	19	0	0	900	0	19	-1	3	-4
441	19	0	0	900	0	19	-1	3	-4
442	19	0	0	900	0	19	-1	3	-4
443	19	0	0	900	0	19	-1	3	-4
444	19	0	0	900	0	19	-1	3	-4
445	19	0	0	900	0	19	-1	3	-4
446	19	0	0	900	0	19	-1	3	-4
447	19	0	0	900	0	19	-1	3	-4
448	19	0	0	900	0	19	-1	3	-4
449	19	0	0	900	0	19	-1	3	-4
450	19	0	0	900	0	19	-1	3	-4
451	19	0	0	900	0	19	-1	3	-4
452	19	0	0	900	0	19	-1	3	-4
453	19	0	0	900	0	19	-1	3	-4
454	19	0	0	900	0	19	-1	3	-4
455	19	0	0	900	0	19	-1	3	-4
456	19	0	0	900	0	19	-1	3	-4
457	19	0	0	900	0	19	-1	3	-4
458	19	0	0	900	0	19	-1	3	-4
459	19	0	0	900	0	19	-1	3	-4
460	19	0	0	900	0	19	-1	3	-4
461	19	0	0	900	0	19	-1	3	-4
462	19	0	0	900	0	19	-1	3	-4
463	19	0	0	900	0	19	-1	3	-4
464	19	0	0	900	0	19	-1	3	-4
465	19	0	0	900	0	19	-1	3	-4
466	19	0	0	900	0	19	-1	3	-4
467	19	0	0	900	0	19	-1	3	-4
468	19	0	0	900	0	19	-1	3	-4
469	19	0	0	900	0	19	-1	3	-4
470	19	0	0	900	0	19	-1	3	-4
471	19	0	0	900	0	19	-1	3	-4
472	19	0	0	900	0	19	-1	3	-4
473	19	0	0	900	0	19	-1	3	-4
474	19	0	0	900	0	19	-1	3	-4
475	19	0	0	900	0	19	-1	3	-4
476	19	0	0	900	0	19	-1	3	-4
477	19	0	0	900	0	19	-1	3	-4
478	19	0	0	900	0	19	-1	3	-4
479	19	0	0	900	0	19	-1	3	-4
480	19	0	0	900	0	19	-1	3	-4
481	19	0	0	900	0	19	-1	3	-4
482	19	0	0	900	0	19	-1	3	-4
483	19	0	0	900	0	19	-1	3	-4
484	19	0	0	900	0	19	-1	3	-4
485	19	0	0	900	0	19	-1	3	-4
486	19	0	0	900	0	19	-1	3	-4
487	19	0	0	900	0	19	-1	3	-4
488	19	0	0	900	0	19	-1	3	-4
489	19	0	0	900	0	19	-1	3	-4
490	19	0	0	900	0	19	-1	3	-4
491	19	0	0	900	0	19	-1	3	-4
492	19	0	0	900	0	19	-1	3	-4
493	19	0	0	900	0	19	-1	3	-4
494	19	0	0	900	0	19	-1	3	-4
495	19	0	0	900	0	19	-1	3	-4
496	19	0	0	900	0	19	-1	3	-4
497	19	0	0	900	0	19	-1	3	-4
498	19	0	0	900	0	19	-1	3	-4
499	19	0	0	900	0	19	-1	3	-4
500	19	0	0	900	0	19	-1	3	-4
501	19	0	0	900	0	19	-1	3	-4
502	19	0	0	900	0	19	-1	3	-4
503	19	0	0	900	0	19	-1	3	-4
504	19	0	0	900	0	19	-1	3	-4
505	19	0	0	900	0	19	-1	3	-4
506	19	0	0	900	0	19	-1	3	-4
507	19	0	0	900	0	19	-1	3	-4
508	19	0	0	900	0	19	-1	3	-4
509	19	0	0	900	0	19	-1	3	-4
510	19	0	0	900	0	19	-1	3	-4
511	19	0	0	900	0	19	-1	3	-4
512	19	0	0	900	0	19	-1	3	-4
513	19	0	0	900	0	19	-1	3	-4
514	19	0	0	900	0	19	-1	3	-4
515	19	0	0	900	0	19	-1	3	-4
516	19	0	0	900	0	19	-1	3	-4
517	19	0	0	900	0	19	-1	3	-4
518	19	0	0	900	0	19	-1	3	-4
519	19	0	0	900	0	19	-1	3	-4
520	19	0	0	900	0	19	-1	3	-4
521	19	0	0	900	0	19	-1	3	-4
522	19	0	0	900	0	19	-1	3	-4
523	19	0	0	900	0	19	-1	3	-4
524	19	0	0	900	0	19	-1	3	-4
525	19	0	0	900	0	19	-1	3	-4
526	19	0	0	900	0	19	-1	3	-4
527	19	0	0	900	0	19	-1	3	-4
528	19	0	0	900	0	19	-1	3	-4
529	19	0	0	900	0	19	-1	3	-4
530	19	0	0	900	0	19	-1	3	-4
531	19	0	0	900	0	19	-1	3	-4
532	19	0	0	900	0	19	-1	3	-4
533	19	0	0	900	0	19	-1	3	-4
534	19	0	0	900	0	19	-1	3	-4
535	19	0	0	900	0	19	-1	3	-4
536	19	0	0	900	0	19	-1	3	-4
537	19	0	0	900	0	19	-1	3	-4
538	19	0	0	900	0	19	-1	3	-4
539	19	0	0	900	0	19	-1	3	-4
540	19	0	0	900	0	19	-1	3	-4
541	19	0	0	900	0	19	-1	3	-4
542	19	0	0	900	0	19	-1	3	-4
543	19	0	0	900	0	19	-1	3	-4
544	19	0	0	900	0	19	-1	3	-4
545	19	0	0	900	0	19	-1	3	-4
546	19	0	0	900	0	19	-1	3	-4
547	19	0	0	900	0	19	-1	3	-4
548	19	0	0	900	0	19	-1	3	-4
549	19	0	0	900	0	19	-1	3	-4
550	19	0	0	900	0	19	-1	3	-4
551	19	0	0	900	0	19	-1	3	-4
552	19	0	0	900	0	19	-1	3	-4
553	19	0	0	900	0	19	-1	3	-4
554	19	0	0	900	0	19	-1	3	-4
555	19	0	0	900	0	19	-1	3	-4
556	19	0	0	900	0	19	-1	3	-4
557	19	0	0	900	0	19	-1	3	-4
558	19	0	0	900	0	19	-1	3	-4
559	19	0	0	900	0	19	-1	3	-4
560	19	0	0	900	0	19	-1	3	-4
561	19	0	0	900	0	19	-1	3	-4
562	19	0	0	900	0	19	-1	3	-4
563	19	0	0	900	0	19	-1	3	-4
564	19	0	0	900	0	19	-1	3	-4
565	19	0	0	900	0	19	-1	3	-4
566	19	0	0	900	0	19	-1	3	-4
567	19	0	0	900	0	19	-1	3	-4
568	19	0	0	900	0	19	-1	3	-4
569	19	0	0	900	0	19	-1	3	-4
570	19	0	0	900	0	19	-1	3	-4
571	19	0	0	900	0	19	-1	3	-4
572	19	0	0	900	0	19	-1	3	-4
573	19	0	0	900	0	19	-1	3	-4
574	19	0	0	900	0	19	-1	3	-4
575	19	0	0	900	0	19	-1	3	-4
576	19	0	0	900	0	19	-1	3	-4
577	19	0	0	900	0	19	-1	3	-4
578	19	0	0	900	0	19	-1	3	-4
579	19	0	0	900	0	19	-1	3	-4
580	19	0	0	900	0	19	-1	3	-4
581	19	0	0	900	0	19	-1	3	-4
582	19	0	0	900	0	19	-1	3	-4
583	19	0	0	900	0	19	-1	3	-4
584	19	0	0	900	0	19	-1	3	-4
585	19	0	0	900	0	19	-1	3	-4
586	19	0	0	900	0	19	-1	3	-4
587	19	0	0	900	0	19	-1	3	-4
588	19	0	0	900	0	19	-1	3	-4
589	19	0	0	900	0	19	-1	3	-4
590	19	0	0	900	0	19	-1	3	-4
591	19	0	0	900	0	19	-1	3	-4
592	19	0	0	900	0	19	-1	3	-4
593	19	0	0	900	0	19	-1	3	-4
594	19	0	0	900	0	19	-1	3	-4
595	19	0	0	900	0	19	-1	3	-4
596	19	0	0	900	0	19	-1	3	-4
597	19	0	0	900	0	19	-1	3	-4
598	19	0	0	900	0	19	-1	3	-4
599	19	0	0	900	0	19	-1	3	-4
600	19	0	0	900	0	19	-1	3	-4
601	19	0	0	900	0	19	-1	3	-4
602	19	0	0	900	0	19	-1	3	-4
603	19	0	0	900	0	19	-1	3	-4
604	19	0	0	900	0	19	-1	3	-4
605	19	0	0	900	0	19	-1	3	-4
606	19	0	0	900	0	19	-1	3	-4
607	19	0	0	900	0	19	-1	3	-4
608	19	0	0	900	0	19	-1	3	-4
609	19	0	0	900	0	19	-1	3	-4
610	19	0	0	900	0	19	-1	3	-4
611	19	0	0	900	0	19	-1	3	-4
612	19	0	0	900	0	19	-1	3	-4
613	19	0	0	900	0	19	-1	3	-4
614	19	0	0	900	0	19	-1	3	-4
615	19	0	0	900	0	19	-1	3	-4
616	19	0	0	900	0	19	-1	3	-4
617	19	0	0	900	0	19	-1	3	-4
618	19	0	0	900	0	19	-1	3	-4
619	19	0	0	900	0	19	-1	3	-4
620	19	0	0	900	0	19	-1	3	-4
621	19	0	0	900	0	19	-1	3	-4
622	19	0	0	900	0	19	-1	3	-4
623	19	0	0	900	0	19	-1	3	-4
624	19	0	0	900	0	19	-1	3	-4
625	19	0	0	900	0	19	-1	3	-4
626	19	0	0	900	0	19	-1	3	-4
627	19	0	0	900	0	19	-1	3	-4
628	19	0	0	900	0	19	-1	3	-4
629	19	0	0	900	0	19	-1	3	-4
630	19	0	0	900	0	19	-1	3	-4
631	19	0	0	900	0	19	-1	3	-4
632	19	0	0	900	0	19	-1	3	-4
633	19	0	0	900	0	19	-1	3	-4
634	19	0	0	900	0	19	-1	3	-4
635	19	0	0	900	0	19	-1	3	-4
636	19	0	0	900	0	19	-1	3	-4
637	19	0	0	900	0	19	-1	3	-4
638	19	0	0	900	0	19	-1	3	-4
639	19	0	0	900	0	19	-1	3	-4
640	19	0	0	900	0	19	-1	3	-4
641	19	0	0	900	0	19	-1	3	-4
642	19	0	0	900	0	19	-1	3	-4
643	19	0	0	900	0	19	-1	3	-4
644	19	0	0	900	0	19	-1	3	-4
645	19	0	0	900	0	19	-1	3	-4
646	19	0	0	900	0	19	-1	3	-4
647	19	0	0	900	0	19	-1	3	-4
648	19	0	0	900	0	19	-1	3	-4
649	19	0	0	900	0	19	-1	3	-4
650	19	0	0	900	0	19	-1	3	-4
651	19	0	0	900	0	19	-1	3	-4
652	19	0	0	900	0	19	-1	3	-4
653	19	0	0	900	0	19	-1	3	-4
654	19	0	0	900	0	19	-1	3	-4
655	19	0	0	900	0	19	-1	3	-4
656	19	0	0	900	0	19	-1	3	-4
657	19	0	0	900	0	19	-1	3	-4
658	19	0	0	900	0	19	-1	3	-4
659	19	0	0	900	0	19	-1	3	-4
660	19	0	0	900	0	19	-1	3	-4
661	19	0	0	900	0	19	-1	3	-4
662	19	0	0	900	0	19	-1	3	-4
663	19	0	0	900	0	19	-1	3	-4
664	19	0	0	900	0	19	-1	3	-4
665	19	0	0	900	0	19	-1	3	-4
666	19	0	0	900	0	19	-1	3	-4
667	19	0	0	900	0	19	-1	3	-4
668	19	0	0	900	0	19	-1	3	-4
669	19	0	0	900	0	19	-1	3	-4
670	19	0	0	900	0	19	-1	3	-4
671	19	0	0	900	0	19	-1	3	-4
672	19	0	0	900	0	19	-1	3	-4
673	19	0	0	900	0	19	-1	3	-4
674	19	0	0	900	0	19	-1	3	-4
675	19	0	0	900	0	19	-1	3	-4
676	19	0	0	900	0	19	-1	3	-4
677	19	0	0	900	0	19	-1	3	-4
678	19	0	0	900	0	19	-1	3	-4
679	19	0	0	900	0	19	-1	3	-4
680	19	0	0	900	0	19	-1	3	-4
681	19	0	0	900	0	19	-1	3	-4
682	19	0	0	900	0	19	-1	3	-4
683	19	0	0	900	0	19	-1	3	-4
684	19	0	0	900	0	19	-1	3	-4
685	19	0	0	900	0	19	-1	3	-4
686	19	0	0	900	0	19	-1	3	-4
687	19	0	0	900	0	19	-1	3	-4
688	19	0	0	900	0	19	-1	3	-4
689	19	0	0	900	0	19	-1	3	-4
690	19	0	0	900	0	19	-1	3	-4
691	19	0	0	900	0	19	-1	3	-4
692	19	0	0	900	0	19	-1	3	-4
693	19	0	0	900	0	19	-1	3	-4
694	19	0	0	900	0	19	-1	3	-4
695	19	0	0	900	0	19	-1	3	-4
696	19	0	0	900	0	19	-1	3	-4
697	19	0	0	900	0	19	-1	3	-4
698	19	0	0	900	0	19	-1	3	-4
699	19	0	0	900	0	19	-1	3	-4
700	19	0	0	900	0	19	-1	3	-4
701	19	0	0	900	0	19	-1	3	-4
702	19	0	0	900	0	19	-1	3	-4
703	19	0	0	900	0	19	-1	3	-4
704	19	0	0	900	0	19	-1	3	-4
705	19	0	0	900	0	19	-1	3	-4
706	19	0	0	900	0	19	-1	3	-4
707	19	0	0	900	0	19	-1	3	-4
708	19	0	0	900	0	19	-1	3	-4
709	19	0	0	900	0	19	-1	3	-4
710	19	0	0	900	0	19	-1	3	-4
711	19	0	0	900	0	19	-1	3	-4
712	19	0	0	900	0	19	-1	3	-4
713	19	0	0	900	0	19	-1	3	-4
714	19	0	0	900	0	19	-1	3	-4
715	19	0	0	900	0	19	-1	3	-4
716	19	0	0	900	0	19	-1	3	-4
717	19	0	0	900	0	19	-1	3	-4
718	19	0	0	900	0	19	-1	3	-4
719	19	0	0	900	0	19	-1	3	-4
720	19	0	0	900	0	19	-1	3	-4
721	19	0	0	900	0	19	-1	3	-4
722	19	0	0	900	0	19	-1	3	-4
723	19	0	0	900	0	19	-1	3	-4
724	19	0	0	900	0	19	-1	3	-4
725	19	0	0	900	0	19	-1	3	-4
726	19	0	0	900	0	19	-1	3	-4
727	19	0	0	900	0	19	-1	3	-4
728	19	0	0	900	0	19	-1	3	-4
729	19	0	0	900	0	19	-1	3	-4
730	19	0	0	900	0	19	-1	3	-4
731	19	0	0	900	0	19	-1	3	-4
732	19	0	0	900	0	19	-1	3	-4
733	19	0	0	900	0	19	-1	3	-4
734	19	0	0	900	0	19	-1	3	-4
735	19	0	0	900	0	19	-1	3	-4
736	19	0	0	900	0	19	-1	3	-4
737	19	0	0	900	0	19	-1	3	-4
738	19	0	0	900	0	19	-1	3	-4
739	19	0	0	900	0	19	-1	3	-4
740	19	0	0	900	0	19	-1	3	-4
741	19	0	0	900	0	19	-1	3	-4
742	19	0	0	900	0	19	-1	3	-4
743	19	0	0	900	0	19	-1	3	-4
744	19	0	0	900	0	19	-1	3	-4
745	19	0	0	900	0	19	-1	3	-4
746	19	0	0	900	0	19	-1	3	-4
747	19	0	0	900	0	19	-1	3	-4
748	19	0	0	900	0	19	-1	3	-4
749	19	0	0	900	0	19	-1	3	-4
750	19	0	0	900	0	19	-1	3	-4
751	19	0	0	900	0	19	-1	3	-4
752	19	0	0	900	0	19	-1	3	-4
753	19	0	0	900	0	19	-1	3	-4
754	19	0	0	900	0	19	-1	3	-4
755	19	0	0	900	0	19	-1	3	-4
756	19	0	0	900	0	19	-1	3	-4
757	19	0	0	900	0	19	-1	3	-4
758	19	0	0	900	0	19	-1	3	-4
759	19	0	0	900	0	19	-1	3	-4
760	19	0	0	900	0	19	-1	3	-4
761	19	0	0	900	0	19	-1	3	-4
762	19	0	0	900	0	19	-1	3	-4
763	19	0	0	900	0	19	-1	3	-4
764	19	0	0	900	0	19	-1	3	-4
765	19	0	0	900	0	19	-1	3	-4
766	19	0	0	900	0	19	-1	3	-4
767	19	0	0	900	0	19	-1	3	-4
768	19	0	0	900	0	19	-1	3	-4
769	19	0	0	900	0	19	-1	3	-4
770	19	0	0	900	0	19	-1	3	-4
771	19	0	0	900	0	19	-1	3	-4
772	19	0	0	900	0	19	-1	3	-4
773	19	0	0	900	0	19	-1	3	-4
774	19	0	0	900	0	19	-1	3	-4
775	19	0	0	900	0	19	-1	3	-4
776	19	0	0	900	0	19	-1	3	-4
777	19	0	0	900	0	19	-1	3	-4
778	19	0	0	900	0	19	-1	3	-4
779	19	0	0	900	0	19	-1	3	-4
780	19	0	0	900	0	19	-1	3	-4
781	19	0	0	900	0	19	-1	3	-4
782	19	0	0	900	0	19	-1	3	-4
783	19	0	0	900	0	19	-1	3	-4
784	19	0	0	900	0	19	-1	3	-4
785	19	0	0	900	0	19	-1	3	-4
786	19	0	0	900	0	19	-1	3	-4
787	19	0	0	900	0	19	-1	3	-4
788	19	0	0	900	0	19	-1	3	-4
789	19	0	0	900	0	19	-1	3	-4
790	19	0	0	900	0	19	-1	3	-4
791	19	0	0	900	0	19	-1	3	-4
792	19	0	0	900	0	19	-1	3	-4
793	19	0	0	900	0	19	-1	3	-4
794	19	0	0	900	0	19	-1	3	-4
795	19	0	0	900	0	19	-1	3	-4
796	19	0	0	900	0	19	-1	3	-4
797	19	0	0	900	0	19	-1	3	-4
798	19	0	0	900	0	19	-1	3	-4
799	19	0	0	900	0	19	-1	3	-4
800	19	0	0	900	0	19	-1	3	-4
801	19	0	0	900	0	19	-1	3	-4
802	19	0	0	900	0	19	-1	3	-4
803	19	0	0	900	0	19	-1	3	-4
804	19	0	0	900	0	19	-1	3	-4
805	19	0	0	900	0	19	-1	3	-4
806	19	0	0	900	0	19	-1	3	-4
807	19	0	0	900	0	19	-1	3	-4
808	19	0	0	900	0	19	-1	3	-4
809	19	0	0	900	0	19	-1	3	-4
810	19	0	0	900	0	19	-1	3	-4
811	19	0	0	900	0	19	-1	3	-4
812	19	0	0	900	0	19	-1	3	-4
813	19	0	0	900	0	19	-1	3	-4
814	19	0	0	900	0	19	-1	3	-4
815	19	0	0	900	0	19	-1	3	-4
816	19	0	0	900	0	19	-1	3	-4
817	19	0	0	900	0	19	-1	3	-4
818	19	0	0	900	0	19	-1	3	-4
819	19	0	0	900	0	19	-1	3	-4
820	19	0	0	900	0	19	-1	3	-4
821	19	0	0	900	0	19	-1	3	-4
822	19	0	0	900	0	19	-1	3	-4
823	19	0	0	900	0	19	-1	3	-4
824	19	0	0	900	0	19	-1	3	-4
825	19	0	0	900	0	19	-1	3	-4
826	19	0	0	900	0	19	-1	3	-4
827	19	0	0	900	0	19	-1	3	-4
828	19	0	0	900	0	19	-1	3	-4
829	19	0	0	900	0	19	-1	3	-4
830	19	0	0	900	0	19	-1	3	-4
831	19	0	0	900	0	19	-1	3	-4
832	19	0	0	900	0	19	-1	3	-4
833	19	0	0	900	0	19	-1	3	-4
834	19	0	0	900	0	19	-1	3	-4
835	19	0	0	900	0	19	-1	3	-4
836	19	0	0	900	0	19	-1	3	-4
837	19	0	0	900	0	19	-1	3	-4
838	19	0	0	900	0	19	-1	3	-4
839	19	0	0	900	0	19	-1	3	-4
840	19	0	0	900	0	19	-1	3	-4
841	19	0	0	900	0	19	-1	3	-4
842	19	0	0	900	0	19	-1	3	-4
843	19	0	0	900	0	19	-1	3	-4
844	19	0	0	900	0	19	-1	3	-4
845	19	0	0	900	0	19	-1	3	-4
846	19	0	0	900	0	19	-1	3	-4
847	19	0	0	900	0	19	-1	3	-4
848	19	0	0	900	0	19	-1	3	-4
849	19	0	0	900	0	19	-1	3	-4
850	19	0	0	900	0	19	-1	3	-4
851	19	0	0	900	0	19	-1	3	-4
852	19	0	0	900	0	19	-1	3	-4
853	19	0	0	900	0	19	-1	3	-4
854	19	0	0	900	0	19	-1	3	-4
855	19	0	0	900	0	19	-1	3	-4
856	19	0	0	900	0	19	-1	3	-4
857	19	0	0	900	0	19	-1	3	-4
858	19	0	0	900	0	19	-1	3	-4
859	19	0	0	900	0	19	-1	3	-4
860	19	0	0	900	0	19	-1	3	-4
861	19	0	0	900	0	19	-1	3	-4
862	19	0	0	900	0	19	-1	3	-4
863	19	0	0	900	0	19	-1	3	-4
864	19	0	0	900	0	19	-1	3	-4
865	19	0	0	900	0	19	-1	3	-4
866	19	0	0	900	0	19	-1	3	-4
867	19	0	0	900	0	19	-1	3	-4
868	19	0	0	900	0	19	-1	3	-4
869	19	0	0	900	0	19	-1	3	-4
870	19	0	0	900	0	19	-1	3	-4
871	19	0	0	900	0	19	-1	3	-4
872	19	0	0	900	0	19	-1	3	-4
873	19	0	0	900	0	19	-1	3	-4
874	19	0	0	900	0	19	-1	3	-4
875	19	0	0	900	0	19	-1	3	-4
876	19	0	0	900	0	19	-1	3	-4
877	19	0	0	900	0	19	-1	3	-4
878	19	0	0	900	0	19	-1	3	-4
879	19	0	0	900	0	19	-1	3	-4
880	19	0	0	900	0	19	-1	3	-4
881	19	0	0	900	0	19	-1	3	-4
882	19	0	0	900	0	19	-1	3	-4
883	19	0	0	900	0	19	-1	3	-4
884	19	0	0	900	0	19	-1	3	-4
885	19	0	0	900	0	19	-1	3	-4
886	19	0	0	900	0	19	-1	3	-4
887	19	0	0	900	0	19	-1	3	-4
888	19	0	0	900	0	19	-1	3	-4
889	19	0	0	900	0	19	-1	3	-4
890	19	0	0	900	0	19	-1	3	-4
891	19	0	0	900	0	19	-1	3	-4
892	19	0	0	900	0	19	-1	3	-4
893	19	0	0	900	0	19	-1	3	-4
894	19	0	0	900	0	19	-1	3	-4
895	19	0	0	900	0	19	-1	3	-4
896	19	0	0	900	0	19	-1	3	-4
897	19	0	0	900	0	19	-1	3	-4
898	19	0	0	900	0	19	-1	3	-4
899	19	0	0	900	0	19	-1	3	-4
900	19	0	0	900	0	19	-1	3	-4
901	19	0	0	900	0	19	-1	3	-4
902	19	0	0	900	0	19	-1	3	-4
903	19	0	0	900	0	19	-1	3	-4
904	19	0	0	900	0	19	-1	3	-4
905	19	0	0	900	0	19	-1	3	-4
906	19	0	0	900	0	19	-1	3	-4
907	19	0	0	900	0	19	-1	3	-4
908	19	0	0	900	0	19	-1	3	-4
909	19	0	0	900	0	19	-1	3	-4
910	19	0	0	900	0	19	-1	3	-4
911	19	1	1	900	911	19	19	3	-4
912	19	1	1	900	911	19	19	3	-4
913	19	1	1	900	911	19	19	3	-4
914	19	1	1	900	911	19	19	3	-4
915	19	1	1	900	911	19	19	3	-4
916	19	1	1	900	911	19	19	3	-4
917	19	1	1	900	911	19	19	3	-4
918	19	1	1	900	911	19	19	3	-4
919	19	1	1	900	911	19	19	3	-4
920	19	1	1	900	911	19	19	3	-4
921	19	1	1	900	911	19	19	3	-4
922	19	1	1	900	911	19	19	3	-4
923	19	1	1	900	911	19	19	3	-4
924	19	1	1	900	911	19	19	3	-4
925	19	1	1	900	911	19	19	3	-4
926	19	1	1	900	911	19	19	3	-4
927	19	1	1	900	911	19	19	3	-4
928	19	1	1	900	911	19	19	3	-4
929	19	1	1	900	911	19	19	3	-4
930	19	1	1	900	911	19	19	3	-4
931	19	1	1	900	911	19	19	3	-4
932	19	1	1	900	911	19	19	3	-4
933	19	1	1	900	911	19	19	3	-4
934	19	1	1	900	911	19	19	3	-4
935	19	1	1	900	911	19	19	3	-4
936	19	1	1	900	911	19	19	3	-4
937	19	1	1	900	911	19	19	3	-4
938	19	1	1	900	911	19	19	3	-4
939	19	1	1	900	911	19	19	3	-4
940	19	1	1	900	911	19	19	3	-4
941	19	1	1	900	911	19	19	3	-4
942	19	1	1	900	911	19	19	3	-4
943	19	1	1	900	911	19	19	3	-4
944	19	1	1	900	911	19	19	3	-4
945	19	1	1	900	911	19	19	3	-4
946	19	1	1	900	911	19	19	3	-4
947	19	1	1	900	911	19	19	3	-4
