1	23	0	0	900	0	23	-1	-2	-3
2	23	0	0	900	0	23	-1	-2	-3
3	23	0	0	900	0	23	-1	-2	-3
4	23	0	0	900	0	23	-1	-2	-3
5	23	0	0	900	0	23	-1	-2	-3
6	23	0	0	900	0	23	-1	-2	-3
7	23	0	0	900	0	23	-1	-2	-3
8	23	0	0	900	0	23	-1	-2	-3
9	23	0	0	900	0	23	-1	-2	-3
10	23	0	0	900	0	23	-1	-2	-3
11	23	0	0	900	0	23	-1	-2	-3
12	23	0	0	900	0	23	-1	-2	-3
13	23	0	0	900	0	23	-1	-2	-3
14	23	0	0	900	0	23	-1	-2	-3
15	23	0	0	900	0	23	-1	-2	-3
16	23	0	0	900	0	23	-1	-2	-3
17	23	0	0	900	0	23	-1	-2	-3
18	23	0	0	900	0	23	-1	-2	-3
19	23	0	0	900	0	23	-1	-2	-3
20	23	0	0	900	0	23	-1	-2	-3
21	23	0	0	900	0	23	-1	-2	-3
22	23	0	0	900	0	23	-1	-2	-3
23	23	0	0	900	0	23	-1	-2	-3
24	23	0	0	900	0	23	-1	-2	-3
25	23	0	0	900	0	23	-1	-2	-3
26	23	0	0	900	0	23	-1	-2	-3
27	23	0	0	900	0	23	-1	-2	-3
28	23	0	0	900	0	23	-1	-2	-3
29	23	0	0	900	0	23	-1	-2	-3
30	23	0	0	900	0	23	-1	-2	-3
31	23	0	0	900	0	23	-1	-2	-3
32	23	0	0	900	0	23	-1	-2	-3
33	23	0	0	900	0	23	-1	-2	-3
34	23	0	0	900	0	23	-1	-2	-3
35	23	0	0	900	0	23	-1	-2	-3
36	23	0	0	900	0	23	-1	-2	-3
37	23	0	0	900	0	23	-1	-2	-3
38	23	0	0	900	0	23	-1	-2	-3
39	23	0	0	900	0	23	-1	-2	-3
40	23	0	0	900	0	23	-1	-2	-3
41	23	0	0	900	0	23	-1	-2	-3
42	23	0	0	900	0	23	-1	-2	-3
43	23	0	0	900	0	23	-1	-2	-3
44	23	0	0	900	0	23	-1	-2	-3
45	23	0	0	900	0	23	-1	-2	-3
46	23	0	0	900	0	23	-1	-2	-3
47	23	0	0	900	0	23	-1	-2	-3
48	23	0	0	900	0	23	-1	-2	-3
49	23	0	0	900	0	23	-1	-2	-3
50	23	0	0	900	0	23	-1	-2	-3
51	23	0	0	900	0	23	-1	-2	-3
52	23	0	0	900	0	23	-1	-2	-3
53	23	0	0	900	0	23	-1	-2	-3
54	23	0	0	900	0	23	-1	-2	-3
55	23	0	0	900	0	23	-1	-2	-3
56	23	0	0	900	0	23	-1	-2	-3
57	23	0	0	900	0	23	-1	-2	-3
58	23	0	0	900	0	23	-1	-2	-3
59	23	0	0	900	0	23	-1	-2	-3
60	23	0	0	900	0	23	-1	-2	-3
61	23	0	0	900	0	23	-1	-2	-3
62	23	0	0	900	0	23	-1	-2	-3
63	23	0	0	900	0	23	-1	-2	-3
64	23	0	0	900	0	23	-1	-2	-3
65	23	0	0	900	0	23	-1	-2	-3
66	23	0	0	900	0	23	-1	-2	-3
67	23	0	0	900	0	23	-1	-2	-3
68	23	0	0	900	0	23	-1	-2	-3
69	23	0	0	900	0	23	-1	-2	-3
70	23	0	0	900	0	23	-1	-2	-3
71	23	0	0	900	0	23	-1	-2	-3
72	23	0	0	900	0	23	-1	-2	-3
73	23	0	0	900	0	23	-1	-2	-3
74	23	0	0	900	0	23	-1	-2	-3
75	23	0	0	900	0	23	-1	-2	-3
76	23	0	0	900	0	23	-1	-2	-3
77	23	0	0	900	0	23	-1	-2	-3
78	23	0	0	900	0	23	-1	-2	-3
79	23	0	0	900	0	23	-1	-2	-3
80	23	0	0	900	0	23	-1	-2	-3
81	23	0	0	900	0	23	-1	-2	-3
82	23	0	0	900	0	23	-1	-2	-3
83	23	0	0	900	0	23	-1	-2	-3
84	23	0	0	900	0	23	-1	-2	-3
85	23	0	0	900	0	23	-1	-2	-3
86	23	0	0	900	0	23	-1	-2	-3
87	23	0	0	900	0	23	-1	-2	-3
88	23	0	0	900	0	23	-1	-2	-3
89	23	0	0	900	0	23	-1	-2	-3
90	23	0	0	900	0	23	-1	-2	-3
91	23	0	0	900	0	23	-1	-2	-3
92	23	0	0	900	0	23	-1	-2	-3
93	23	0	0	900	0	23	-1	-2	-3
94	23	0	0	900	0	23	-1	-2	-3
95	23	0	0	900	0	23	-1	-2	-3
96	23	0	0	900	0	23	-1	-2	-3
97	23	0	0	900	0	23	-1	-2	-3
98	23	0	0	900	0	23	-1	-2	-3
99	23	0	0	900	0	23	-1	-2	-3
100	23	0	0	900	0	23	-1	-2	-3
101	23	0	0	900	0	23	-1	-2	-3
102	23	0	0	900	0	23	-1	-2	-3
103	23	0	0	900	0	23	-1	-2	-3
104	23	0	0	900	0	23	-1	-2	-3
105	23	0	0	900	0	23	-1	-2	-3
106	23	0	0	900	0	23	-1	-2	-3
107	23	0	0	900	0	23	-1	-2	-3
108	23	0	0	900	0	23	-1	-2	-3
109	23	0	0	900	0	23	-1	-2	-3
110	23	0	0	900	0	23	-1	-2	-3
111	23	0	0	900	0	23	-1	-2	-3
112	23	0	0	900	0	23	-1	-2	-3
113	23	0	0	900	0	23	-1	-2	-3
114	23	0	0	900	0	23	-1	-2	-3
115	23	0	0	900	0	23	-1	-2	-3
116	23	0	0	900	0	23	-1	-2	-3
117	23	0	0	900	0	23	-1	-2	-3
118	23	0	0	900	0	23	-1	-2	-3
119	23	0	0	900	0	23	-1	-2	-3
120	23	0	0	900	0	23	-1	-2	-3
121	23	0	0	900	0	23	-1	-2	-3
122	23	0	0	900	0	23	-1	-2	-3
123	23	0	0	900	0	23	-1	-2	-3
124	23	0	0	900	0	23	-1	-2	-3
125	23	0	0	900	0	23	-1	-2	-3
126	23	0	0	900	0	23	-1	-2	-3
127	23	0	0	900	0	23	-1	-2	-3
128	23	0	0	900	0	23	-1	-2	-3
129	23	0	0	900	0	23	-1	-2	-3
130	23	0	0	900	0	23	-1	-2	-3
131	23	0	0	900	0	23	-1	-2	-3
132	23	0	0	900	0	23	-1	-2	-3
133	23	0	0	900	0	23	-1	-2	-3
134	23	0	0	900	0	23	-1	-2	-3
135	23	0	0	900	0	23	-1	-2	-3
136	23	0	0	900	0	23	-1	-2	-3
137	23	0	0	900	0	23	-1	-2	-3
138	23	0	0	900	0	23	-1	-2	-3
139	23	0	0	900	0	23	-1	-2	-3
140	23	0	0	900	0	23	-1	-2	-3
141	23	0	0	900	0	23	-1	-2	-3
142	23	0	0	900	0	23	-1	-2	-3
143	23	0	0	900	0	23	-1	-2	-3
144	23	0	0	900	0	23	-1	-2	-3
145	23	0	0	900	0	23	-1	-2	-3
146	23	0	0	900	0	23	-1	-2	-3
147	23	0	0	900	0	23	-1	-2	-3
148	23	0	0	900	0	23	-1	-2	-3
149	23	0	0	900	0	23	-1	-2	-3
150	23	0	0	900	0	23	-1	-2	-3
151	23	0	0	900	0	23	-1	-2	-3
152	23	0	0	900	0	23	-1	-2	-3
153	23	0	0	900	0	23	-1	-2	-3
154	23	0	0	900	0	23	-1	-2	-3
155	23	0	0	900	0	23	-1	-2	-3
156	23	0	0	900	0	23	-1	-2	-3
157	23	0	0	900	0	23	-1	-2	-3
158	23	0	0	900	0	23	-1	-2	-3
159	23	0	0	900	0	23	-1	-2	-3
160	23	0	0	900	0	23	-1	-2	-3
161	23	0	0	900	0	23	-1	-2	-3
162	23	0	0	900	0	23	-1	-2	-3
163	23	0	0	900	0	23	-1	-2	-3
164	23	0	0	900	0	23	-1	-2	-3
165	23	0	0	900	0	23	-1	-2	-3
166	23	0	0	900	0	23	-1	-2	-3
167	23	0	0	900	0	23	-1	-2	-3
168	23	0	0	900	0	23	-1	-2	-3
169	23	0	0	900	0	23	-1	-2	-3
170	23	0	0	900	0	23	-1	-2	-3
171	23	0	0	900	0	23	-1	-2	-3
172	23	0	0	900	0	23	-1	-2	-3
173	23	0	0	900	0	23	-1	-2	-3
174	23	0	0	900	0	23	-1	-2	-3
175	23	0	0	900	0	23	-1	-2	-3
176	23	0	0	900	0	23	-1	-2	-3
177	23	0	0	900	0	23	-1	-2	-3
178	23	0	0	900	0	23	-1	-2	-3
179	23	0	0	900	0	23	-1	-2	-3
180	23	0	0	900	0	23	-1	-2	-3
181	23	0	0	900	0	23	-1	-2	-3
182	23	0	0	900	0	23	-1	-2	-3
183	23	0	0	900	0	23	-1	-2	-3
184	23	0	0	900	0	23	-1	-2	-3
185	23	0	0	900	0	23	-1	-2	-3
186	23	0	0	900	0	23	-1	-2	-3
187	23	0	0	900	0	23	-1	-2	-3
188	23	0	0	900	0	23	-1	-2	-3
189	23	0	0	900	0	23	-1	-2	-3
190	23	0	0	900	0	23	-1	-2	-3
191	23	0	0	900	0	23	-1	-2	-3
192	23	0	0	900	0	23	-1	-2	-3
193	23	0	0	900	0	23	-1	-2	-3
194	23	0	0	900	0	23	-1	-2	-3
195	23	0	0	900	0	23	-1	-2	-3
196	23	0	0	900	0	23	-1	-2	-3
197	23	0	0	900	0	23	-1	-2	-3
198	23	0	0	900	0	23	-1	-2	-3
199	23	0	0	900	0	23	-1	-2	-3
200	23	0	0	900	0	23	-1	-2	-3
201	23	0	0	900	0	23	-1	-2	-3
202	23	0	0	900	0	23	-1	-2	-3
203	23	0	0	900	0	23	-1	-2	-3
204	23	0	0	900	0	23	-1	-2	-3
205	23	0	0	900	0	23	-1	-2	-3
206	23	0	0	900	0	23	-1	-2	-3
207	23	0	0	900	0	23	-1	-2	-3
208	23	0	0	900	0	23	-1	-2	-3
209	23	0	0	900	0	23	-1	-2	-3
210	23	0	0	900	0	23	-1	-2	-3
211	23	0	0	900	0	23	-1	-2	-3
212	23	0	0	900	0	23	-1	-2	-3
213	23	0	0	900	0	23	-1	-2	-3
214	23	0	0	900	0	23	-1	-2	-3
215	23	0	0	900	0	23	-1	-2	-3
216	23	0	0	900	0	23	-1	-2	-3
217	23	0	0	900	0	23	-1	-2	-3
218	23	0	0	900	0	23	-1	-2	-3
219	23	0	0	900	0	23	-1	-2	-3
220	23	0	0	900	0	23	-1	-2	-3
221	23	0	0	900	0	23	-1	-2	-3
222	23	0	0	900	0	23	-1	-2	-3
223	23	0	0	900	0	23	-1	-2	-3
224	23	0	0	900	0	23	-1	-2	-3
225	23	0	0	900	0	23	-1	-2	-3
226	23	0	0	900	0	23	-1	-2	-3
227	23	0	0	900	0	23	-1	-2	-3
228	23	0	0	900	0	23	-1	-2	-3
229	23	0	0	900	0	23	-1	-2	-3
230	23	0	0	900	0	23	-1	-2	-3
231	23	0	0	900	0	23	-1	-2	-3
232	23	0	0	900	0	23	-1	-2	-3
233	23	0	0	900	0	23	-1	-2	-3
234	23	0	0	900	0	23	-1	-2	-3
235	23	0	0	900	0	23	-1	-2	-3
236	23	0	0	900	0	23	-1	-2	-3
237	23	0	0	900	0	23	-1	-2	-3
238	23	0	0	900	0	23	-1	-2	-3
239	23	0	0	900	0	23	-1	-2	-3
240	23	0	0	900	0	23	-1	-2	-3
241	23	0	0	900	0	23	-1	-2	-3
242	23	0	0	900	0	23	-1	-2	-3
243	23	0	0	900	0	23	-1	-2	-3
244	23	0	0	900	0	23	-1	-2	-3
245	23	0	0	900	0	23	-1	-2	-3
246	23	0	0	900	0	23	-1	-2	-3
247	23	0	0	900	0	23	-1	-2	-3
248	23	0	0	900	0	23	-1	-2	-3
249	23	0	0	900	0	23	-1	-2	-3
250	23	0	0	900	0	23	-1	-2	-3
251	23	0	0	900	0	23	-1	-2	-3
252	23	0	0	900	0	23	-1	-2	-3
253	23	0	0	900	0	23	-1	-2	-3
254	23	0	0	900	0	23	-1	-2	-3
255	23	0	0	900	0	23	-1	-2	-3
256	23	0	0	900	0	23	-1	-2	-3
257	23	0	0	900	0	23	-1	-2	-3
258	23	0	0	900	0	23	-1	-2	-3
259	23	0	0	900	0	23	-1	-2	-3
260	23	0	0	900	0	23	-1	-2	-3
261	23	0	0	900	0	23	-1	-2	-3
262	23	0	0	900	0	23	-1	-2	-3
263	23	0	0	900	0	23	-1	-2	-3
264	23	0	0	900	0	23	-1	-2	-3
265	23	0	0	900	0	23	-1	-2	-3
266	23	0	0	900	0	23	-1	-2	-3
267	23	0	0	900	0	23	-1	-2	-3
268	23	0	0	900	0	23	-1	-2	-3
269	23	0	0	900	0	23	-1	-2	-3
270	23	0	0	900	0	23	-1	-2	-3
271	23	0	0	900	0	23	-1	-2	-3
272	23	0	0	900	0	23	-1	-2	-3
273	23	0	0	900	0	23	-1	-2	-3
274	23	0	0	900	0	23	-1	-2	-3
275	23	0	0	900	0	23	-1	-2	-3
276	23	0	0	900	0	23	-1	-2	-3
277	23	0	0	900	0	23	-1	-2	-3
278	23	0	0	900	0	23	-1	-2	-3
279	23	0	0	900	0	23	-1	-2	-3
280	23	0	0	900	0	23	-1	-2	-3
281	23	0	0	900	0	23	-1	-2	-3
282	23	0	0	900	0	23	-1	-2	-3
283	23	0	0	900	0	23	-1	-2	-3
284	23	0	0	900	0	23	-1	-2	-3
285	23	0	0	900	0	23	-1	-2	-3
286	23	0	0	900	0	23	-1	-2	-3
287	23	0	0	900	0	23	-1	-2	-3
288	23	0	0	900	0	23	-1	-2	-3
289	23	0	0	900	0	23	-1	-2	-3
290	23	0	0	900	0	23	-1	-2	-3
291	23	0	0	900	0	23	-1	-2	-3
292	23	0	0	900	0	23	-1	-2	-3
293	23	0	0	900	0	23	-1	-2	-3
294	23	0	0	900	0	23	-1	-2	-3
295	23	0	0	900	0	23	-1	-2	-3
296	23	0	0	900	0	23	-1	-2	-3
297	23	0	0	900	0	23	-1	-2	-3
298	23	0	0	900	0	23	-1	-2	-3
299	23	0	0	900	0	23	-1	-2	-3
300	23	0	0	900	0	23	-1	-2	-3
301	23	0	0	900	0	23	-1	-2	-3
302	23	0	0	900	0	23	-1	-2	-3
303	23	0	0	900	0	23	-1	-2	-3
304	23	0	0	900	0	23	-1	-2	-3
305	23	0	0	900	0	23	-1	-2	-3
306	23	0	0	900	0	23	-1	-2	-3
307	23	0	0	900	0	23	-1	-2	-3
308	23	0	0	900	0	23	-1	-2	-3
309	23	0	0	900	0	23	-1	-2	-3
310	23	0	0	900	0	23	-1	-2	-3
311	23	0	0	900	0	23	-1	-2	-3
312	23	0	0	900	0	23	-1	-2	-3
313	23	0	0	900	0	23	-1	-2	-3
314	23	0	0	900	0	23	-1	-2	-3
315	23	0	0	900	0	23	-1	-2	-3
316	23	0	0	900	0	23	-1	-2	-3
317	23	0	0	900	0	23	-1	-2	-3
318	23	0	0	900	0	23	-1	-2	-3
319	23	0	0	900	0	23	-1	-2	-3
320	23	0	0	900	0	23	-1	-2	-3
321	23	0	0	900	0	23	-1	-2	-3
322	23	0	0	900	0	23	-1	-2	-3
323	23	0	0	900	0	23	-1	-2	-3
324	23	0	0	900	0	23	-1	-2	-3
325	23	0	0	900	0	23	-1	-2	-3
326	23	0	0	900	0	23	-1	-2	-3
327	23	0	0	900	0	23	-1	-2	-3
328	23	0	0	900	0	23	-1	-2	-3
329	23	0	0	900	0	23	-1	-2	-3
330	23	0	0	900	0	23	-1	-2	-3
331	23	0	0	900	0	23	-1	-2	-3
332	23	0	0	900	0	23	-1	-2	-3
333	23	0	0	900	0	23	-1	-2	-3
334	23	0	0	900	0	23	-1	-2	-3
335	23	0	0	900	0	23	-1	-2	-3
336	23	0	0	900	0	23	-1	-2	-3
337	23	0	0	900	0	23	-1	-2	-3
338	23	0	0	900	0	23	-1	-2	-3
339	23	0	0	900	0	23	-1	-2	-3
340	23	0	0	900	0	23	-1	-2	-3
341	23	0	0	900	0	23	-1	-2	-3
342	23	0	0	900	0	23	-1	-2	-3
343	23	0	0	900	0	23	-1	-2	-3
344	23	0	0	900	0	23	-1	-2	-3
345	23	0	0	900	0	23	-1	-2	-3
346	23	0	0	900	0	23	-1	-2	-3
347	23	0	0	900	0	23	-1	-2	-3
348	23	0	0	900	0	23	-1	-2	-3
349	23	0	0	900	0	23	-1	-2	-3
350	23	0	0	900	0	23	-1	-2	-3
351	23	0	0	900	0	23	-1	-2	-3
352	23	0	0	900	0	23	-1	-2	-3
353	23	0	0	900	0	23	-1	-2	-3
354	23	0	0	900	0	23	-1	-2	-3
355	23	0	0	900	0	23	-1	-2	-3
356	23	0	0	900	0	23	-1	-2	-3
357	23	0	0	900	0	23	-1	-2	-3
358	23	0	0	900	0	23	-1	-2	-3
359	23	0	0	900	0	23	-1	-2	-3
360	23	0	0	900	0	23	-1	-2	-3
361	23	0	0	900	0	23	-1	-2	-3
362	23	0	0	900	0	23	-1	-2	-3
363	23	0	0	900	0	23	-1	-2	-3
364	23	0	0	900	0	23	-1	-2	-3
365	23	0	0	900	0	23	-1	-2	-3
366	23	0	0	900	0	23	-1	-2	-3
367	23	0	0	900	0	23	-1	-2	-3
368	23	0	0	900	0	23	-1	-2	-3
369	23	0	0	900	0	23	-1	-2	-3
370	23	0	0	900	0	23	-1	-2	-3
371	23	0	0	900	0	23	-1	-2	-3
372	23	0	0	900	0	23	-1	-2	-3
373	23	0	0	900	0	23	-1	-2	-3
374	23	0	0	900	0	23	-1	-2	-3
375	23	0	0	900	0	23	-1	-2	-3
376	23	0	0	900	0	23	-1	-2	-3
377	23	0	0	900	0	23	-1	-2	-3
378	23	0	0	900	0	23	-1	-2	-3
379	23	0	0	900	0	23	-1	-2	-3
380	23	0	0	900	0	23	-1	-2	-3
381	23	0	0	900	0	23	-1	-2	-3
382	23	0	0	900	0	23	-1	-2	-3
383	23	0	0	900	0	23	-1	-2	-3
384	23	0	0	900	0	23	-1	-2	-3
385	23	0	0	900	0	23	-1	-2	-3
386	23	0	0	900	0	23	-1	-2	-3
387	23	0	0	900	0	23	-1	-2	-3
388	23	0	0	900	0	23	-1	-2	-3
389	23	0	0	900	0	23	-1	-2	-3
390	23	0	0	900	0	23	-1	-2	-3
391	23	0	0	900	0	23	-1	-2	-3
392	23	0	0	900	0	23	-1	-2	-3
393	23	0	0	900	0	23	-1	-2	-3
394	23	0	0	900	0	23	-1	-2	-3
395	23	0	0	900	0	23	-1	-2	-3
396	23	0	0	900	0	23	-1	-2	-3
397	23	0	0	900	0	23	-1	-2	-3
398	23	0	0	900	0	23	-1	-2	-3
399	23	0	0	900	0	23	-1	-2	-3
400	23	0	0	900	0	23	-1	-2	-3
401	23	0	0	900	0	23	-1	-2	-3
402	23	0	0	900	0	23	-1	-2	-3
403	23	0	0	900	0	23	-1	-2	-3
404	23	0	0	900	0	23	-1	-2	-3
405	23	0	0	900	0	23	-1	-2	-3
406	23	0	0	900	0	23	-1	-2	-3
407	23	0	0	900	0	23	-1	-2	-3
408	23	0	0	900	0	23	-1	-2	-3
409	23	0	0	900	0	23	-1	-2	-3
410	23	0	0	900	0	23	-1	-2	-3
411	23	0	0	900	0	23	-1	-2	-3
412	23	0	0	900	0	23	-1	-2	-3
413	23	0	0	900	0	23	-1	-2	-3
414	23	0	0	900	0	23	-1	-2	-3
415	23	0	0	900	0	23	-1	-2	-3
416	23	0	0	900	0	23	-1	-2	-3
417	23	0	0	900	0	23	-1	-2	-3
418	23	0	0	900	0	23	-1	-2	-3
419	23	0	0	900	0	23	-1	-2	-3
420	23	0	0	900	0	23	-1	-2	-3
421	23	0	0	900	0	23	-1	-2	-3
422	23	0	0	900	0	23	-1	-2	-3
423	23	0	0	900	0	23	-1	-2	-3
424	23	0	0	900	0	23	-1	-2	-3
425	23	0	0	900	0	23	-1	-2	-3
426	23	0	0	900	0	23	-1	-2	-3
427	23	0	0	900	0	23	-1	-2	-3
428	23	0	0	900	0	23	-1	-2	-3
429	23	0	0	900	0	23	-1	-2	-3
430	23	0	0	900	0	23	-1	-2	-3
431	23	0	0	900	0	23	-1	-2	-3
432	23	0	0	900	0	23	-1	-2	-3
433	23	0	0	900	0	23	-1	-2	-3
434	23	0	0	900	0	23	-1	-2	-3
435	23	0	0	900	0	23	-1	-2	-3
436	23	0	0	900	0	23	-1	-2	-3
437	23	0	0	900	0	23	-1	-2	-3
438	23	0	0	900	0	23	-1	-2	-3
439	23	0	0	900	0	23	-1	-2	-3
440	23	0	0	900	0	23	-1	-2	-3
441	23	0	0	900	0	23	-1	-2	-3
442	23	0	0	900	0	23	-1	-2	-3
443	23	0	0	900	0	23	-1	-2	-3
444	23	0	0	900	0	23	-1	-2	-3
445	23	0	0	900	0	23	-1	-2	-3
446	23	0	0	900	0	23	-1	-2	-3
447	23	0	0	900	0	23	-1	-2	-3
448	23	0	0	900	0	23	-1	-2	-3
449	23	0	0	900	0	23	-1	-2	-3
450	23	0	0	900	0	23	-1	-2	-3
451	23	0	0	900	0	23	-1	-2	-3
452	23	0	0	900	0	23	-1	-2	-3
453	23	0	0	900	0	23	-1	-2	-3
454	23	0	0	900	0	23	-1	-2	-3
455	23	0	0	900	0	23	-1	-2	-3
456	23	0	0	900	0	23	-1	-2	-3
457	23	0	0	900	0	23	-1	-2	-3
458	23	0	0	900	0	23	-1	-2	-3
459	23	0	0	900	0	23	-1	-2	-3
460	23	0	0	900	0	23	-1	-2	-3
461	23	0	0	900	0	23	-1	-2	-3
462	23	0	0	900	0	23	-1	-2	-3
463	23	0	0	900	0	23	-1	-2	-3
464	23	0	0	900	0	23	-1	-2	-3
465	23	0	0	900	0	23	-1	-2	-3
466	23	0	0	900	0	23	-1	-2	-3
467	23	0	0	900	0	23	-1	-2	-3
468	23	0	0	900	0	23	-1	-2	-3
469	23	0	0	900	0	23	-1	-2	-3
470	23	0	0	900	0	23	-1	-2	-3
471	23	0	0	900	0	23	-1	-2	-3
472	23	0	0	900	0	23	-1	-2	-3
473	23	0	0	900	0	23	-1	-2	-3
474	23	0	0	900	0	23	-1	-2	-3
475	23	0	0	900	0	23	-1	-2	-3
476	23	0	0	900	0	23	-1	-2	-3
477	23	0	0	900	0	23	-1	-2	-3
478	23	0	0	900	0	23	-1	-2	-3
479	23	0	0	900	0	23	-1	-2	-3
480	23	0	0	900	0	23	-1	-2	-3
481	23	0	0	900	0	23	-1	-2	-3
482	23	0	0	900	0	23	-1	-2	-3
483	23	0	0	900	0	23	-1	-2	-3
484	23	0	0	900	0	23	-1	-2	-3
485	23	0	0	900	0	23	-1	-2	-3
486	23	0	0	900	0	23	-1	-2	-3
487	23	0	0	900	0	23	-1	-2	-3
488	23	0	0	900	0	23	-1	-2	-3
489	23	0	0	900	0	23	-1	-2	-3
490	23	0	0	900	0	23	-1	-2	-3
491	23	0	0	900	0	23	-1	-2	-3
492	23	0	0	900	0	23	-1	-2	-3
493	23	0	0	900	0	23	-1	-2	-3
494	23	0	0	900	0	23	-1	-2	-3
495	23	0	0	900	0	23	-1	-2	-3
496	23	0	0	900	0	23	-1	-2	-3
497	23	0	0	900	0	23	-1	-2	-3
498	23	0	0	900	0	23	-1	-2	-3
499	23	0	0	900	0	23	-1	-2	-3
500	23	0	0	900	0	23	-1	-2	-3
501	23	0	0	900	0	23	-1	-2	-3
502	23	0	0	900	0	23	-1	-2	-3
503	23	0	0	900	0	23	-1	-2	-3
504	23	0	0	900	0	23	-1	-2	-3
505	23	0	0	900	0	23	-1	-2	-3
506	23	0	0	900	0	23	-1	-2	-3
507	23	0	0	900	0	23	-1	-2	-3
508	23	0	0	900	0	23	-1	-2	-3
509	23	0	0	900	0	23	-1	-2	-3
510	23	0	0	900	0	23	-1	-2	-3
511	23	0	0	900	0	23	-1	-2	-3
512	23	0	0	900	0	23	-1	-2	-3
513	23	0	0	900	0	23	-1	-2	-3
514	23	0	0	900	0	23	-1	-2	-3
515	23	0	0	900	0	23	-1	-2	-3
516	23	0	0	900	0	23	-1	-2	-3
517	23	0	0	900	0	23	-1	-2	-3
518	23	0	0	900	0	23	-1	-2	-3
519	23	0	0	900	0	23	-1	-2	-3
520	23	0	0	900	0	23	-1	-2	-3
521	23	0	0	900	0	23	-1	-2	-3
522	23	0	0	900	0	23	-1	-2	-3
523	23	0	0	900	0	23	-1	-2	-3
524	23	0	0	900	0	23	-1	-2	-3
525	23	0	0	900	0	23	-1	-2	-3
526	23	0	0	900	0	23	-1	-2	-3
527	23	0	0	900	0	23	-1	-2	-3
528	23	0	0	900	0	23	-1	-2	-3
529	23	0	0	900	0	23	-1	-2	-3
530	23	0	0	900	0	23	-1	-2	-3
531	23	0	0	900	0	23	-1	-2	-3
532	23	0	0	900	0	23	-1	-2	-3
533	23	0	0	900	0	23	-1	-2	-3
534	23	0	0	900	0	23	-1	-2	-3
535	23	0	0	900	0	23	-1	-2	-3
536	23	0	0	900	0	23	-1	-2	-3
537	23	0	0	900	0	23	-1	-2	-3
538	23	0	0	900	0	23	-1	-2	-3
539	23	0	0	900	0	23	-1	-2	-3
540	23	0	0	900	0	23	-1	-2	-3
541	23	0	0	900	0	23	-1	-2	-3
542	23	0	0	900	0	23	-1	-2	-3
543	23	0	0	900	0	23	-1	-2	-3
544	23	0	0	900	0	23	-1	-2	-3
545	23	0	0	900	0	23	-1	-2	-3
546	23	0	0	900	0	23	-1	-2	-3
547	23	0	0	900	0	23	-1	-2	-3
548	23	0	0	900	0	23	-1	-2	-3
549	23	0	0	900	0	23	-1	-2	-3
550	23	0	0	900	0	23	-1	-2	-3
551	23	0	0	900	0	23	-1	-2	-3
552	23	0	0	900	0	23	-1	-2	-3
553	23	0	0	900	0	23	-1	-2	-3
554	23	0	0	900	0	23	-1	-2	-3
555	23	0	0	900	0	23	-1	-2	-3
556	23	0	0	900	0	23	-1	-2	-3
557	23	0	0	900	0	23	-1	-2	-3
558	23	0	0	900	0	23	-1	-2	-3
559	23	0	0	900	0	23	-1	-2	-3
560	23	0	0	900	0	23	-1	-2	-3
561	23	0	0	900	0	23	-1	-2	-3
562	23	0	0	900	0	23	-1	-2	-3
563	23	0	0	900	0	23	-1	-2	-3
564	23	0	0	900	0	23	-1	-2	-3
565	23	0	0	900	0	23	-1	-2	-3
566	23	0	0	900	0	23	-1	-2	-3
567	23	0	0	900	0	23	-1	-2	-3
568	23	0	0	900	0	23	-1	-2	-3
569	23	0	0	900	0	23	-1	-2	-3
570	23	0	0	900	0	23	-1	-2	-3
571	23	0	0	900	0	23	-1	-2	-3
572	23	0	0	900	0	23	-1	-2	-3
573	23	0	0	900	0	23	-1	-2	-3
574	23	0	0	900	0	23	-1	-2	-3
575	23	0	0	900	0	23	-1	-2	-3
576	23	0	0	900	0	23	-1	-2	-3
577	23	0	0	900	0	23	-1	-2	-3
578	23	0	0	900	0	23	-1	-2	-3
579	23	0	0	900	0	23	-1	-2	-3
580	23	0	0	900	0	23	-1	-2	-3
581	23	0	0	900	0	23	-1	-2	-3
582	23	0	0	900	0	23	-1	-2	-3
583	23	0	0	900	0	23	-1	-2	-3
584	23	0	0	900	0	23	-1	-2	-3
585	23	0	0	900	0	23	-1	-2	-3
586	23	0	0	900	0	23	-1	-2	-3
587	23	0	0	900	0	23	-1	-2	-3
588	23	0	0	900	0	23	-1	-2	-3
589	23	0	0	900	0	23	-1	-2	-3
590	23	0	0	900	0	23	-1	-2	-3
591	23	0	0	900	0	23	-1	-2	-3
592	23	0	0	900	0	23	-1	-2	-3
593	23	0	0	900	0	23	-1	-2	-3
594	23	0	0	900	0	23	-1	-2	-3
595	23	0	0	900	0	23	-1	-2	-3
596	23	0	0	900	0	23	-1	-2	-3
597	23	0	0	900	0	23	-1	-2	-3
598	23	0	0	900	0	23	-1	-2	-3
599	23	0	0	900	0	23	-1	-2	-3
600	23	0	0	900	0	23	-1	-2	-3
601	23	0	0	900	0	23	-1	-2	-3
602	23	0	0	900	0	23	-1	-2	-3
603	23	0	0	900	0	23	-1	-2	-3
604	23	0	0	900	0	23	-1	-2	-3
605	23	0	0	900	0	23	-1	-2	-3
606	23	0	0	900	0	23	-1	-2	-3
607	23	0	0	900	0	23	-1	-2	-3
608	23	0	0	900	0	23	-1	-2	-3
609	23	0	0	900	0	23	-1	-2	-3
610	23	0	0	900	0	23	-1	-2	-3
611	23	0	0	900	0	23	-1	-2	-3
612	23	0	0	900	0	23	-1	-2	-3
613	23	0	0	900	0	23	-1	-2	-3
614	23	0	0	900	0	23	-1	-2	-3
615	23	0	0	900	0	23	-1	-2	-3
616	23	0	0	900	0	23	-1	-2	-3
617	23	0	0	900	0	23	-1	-2	-3
618	23	0	0	900	0	23	-1	-2	-3
619	23	0	0	900	0	23	-1	-2	-3
620	23	0	0	900	0	23	-1	-2	-3
621	23	0	0	900	0	23	-1	-2	-3
622	23	0	0	900	0	23	-1	-2	-3
623	23	0	0	900	0	23	-1	-2	-3
624	23	0	0	900	0	23	-1	-2	-3
625	23	0	0	900	0	23	-1	-2	-3
626	23	0	0	900	0	23	-1	-2	-3
627	23	0	0	900	0	23	-1	-2	-3
628	23	0	0	900	0	23	-1	-2	-3
629	23	0	0	900	0	23	-1	-2	-3
630	23	0	0	900	0	23	-1	-2	-3
631	23	0	0	900	0	23	-1	-2	-3
632	23	0	0	900	0	23	-1	-2	-3
633	23	0	0	900	0	23	-1	-2	-3
634	23	0	0	900	0	23	-1	-2	-3
635	23	0	0	900	0	23	-1	-2	-3
636	23	0	0	900	0	23	-1	-2	-3
637	23	0	0	900	0	23	-1	-2	-3
638	23	0	0	900	0	23	-1	-2	-3
639	23	0	0	900	0	23	-1	-2	-3
640	23	0	0	900	0	23	-1	-2	-3
641	23	0	0	900	0	23	-1	-2	-3
642	23	0	0	900	0	23	-1	-2	-3
643	23	0	0	900	0	23	-1	-2	-3
644	23	0	0	900	0	23	-1	-2	-3
645	23	0	0	900	0	23	-1	-2	-3
646	23	0	0	900	0	23	-1	-2	-3
647	23	0	0	900	0	23	-1	-2	-3
648	23	0	0	900	0	23	-1	-2	-3
649	23	0	0	900	0	23	-1	-2	-3
650	23	0	0	900	0	23	-1	-2	-3
651	23	0	0	900	0	23	-1	-2	-3
652	23	0	0	900	0	23	-1	-2	-3
653	23	0	0	900	0	23	-1	-2	-3
654	23	0	0	900	0	23	-1	-2	-3
655	23	0	0	900	0	23	-1	-2	-3
656	23	0	0	900	0	23	-1	-2	-3
657	23	0	0	900	0	23	-1	-2	-3
658	23	0	0	900	0	23	-1	-2	-3
659	23	0	0	900	0	23	-1	-2	-3
660	23	0	0	900	0	23	-1	-2	-3
661	23	0	0	900	0	23	-1	-2	-3
662	23	0	0	900	0	23	-1	-2	-3
663	23	0	0	900	0	23	-1	-2	-3
664	23	0	0	900	0	23	-1	-2	-3
665	23	0	0	900	0	23	-1	-2	-3
666	23	0	0	900	0	23	-1	-2	-3
667	23	0	0	900	0	23	-1	-2	-3
668	23	0	0	900	0	23	-1	-2	-3
669	23	0	0	900	0	23	-1	-2	-3
670	23	0	0	900	0	23	-1	-2	-3
671	23	0	0	900	0	23	-1	-2	-3
672	23	0	0	900	0	23	-1	-2	-3
673	23	0	0	900	0	23	-1	-2	-3
674	23	0	0	900	0	23	-1	-2	-3
675	23	0	0	900	0	23	-1	-2	-3
676	23	0	0	900	0	23	-1	-2	-3
677	23	0	0	900	0	23	-1	-2	-3
678	23	0	0	900	0	23	-1	-2	-3
679	23	0	0	900	0	23	-1	-2	-3
680	23	0	0	900	0	23	-1	-2	-3
681	23	0	0	900	0	23	-1	-2	-3
682	23	0	0	900	0	23	-1	-2	-3
683	23	0	0	900	0	23	-1	-2	-3
684	23	0	0	900	0	23	-1	-2	-3
685	23	0	0	900	0	23	-1	-2	-3
686	23	0	0	900	0	23	-1	-2	-3
687	23	0	0	900	0	23	-1	-2	-3
688	23	0	0	900	0	23	-1	-2	-3
689	23	0	0	900	0	23	-1	-2	-3
690	23	0	0	900	0	23	-1	-2	-3
691	23	0	0	900	0	23	-1	-2	-3
692	23	0	0	900	0	23	-1	-2	-3
693	23	0	0	900	0	23	-1	-2	-3
694	23	0	0	900	0	23	-1	-2	-3
695	23	0	0	900	0	23	-1	-2	-3
696	23	0	0	900	0	23	-1	-2	-3
697	23	0	0	900	0	23	-1	-2	-3
698	23	0	0	900	0	23	-1	-2	-3
699	23	0	0	900	0	23	-1	-2	-3
700	23	0	0	900	0	23	-1	-2	-3
701	23	0	0	900	0	23	-1	-2	-3
702	23	0	0	900	0	23	-1	-2	-3
703	23	0	0	900	0	23	-1	-2	-3
704	23	0	0	900	0	23	-1	-2	-3
705	23	0	0	900	0	23	-1	-2	-3
706	23	0	0	900	0	23	-1	-2	-3
707	23	0	0	900	0	23	-1	-2	-3
708	23	0	0	900	0	23	-1	-2	-3
709	23	0	0	900	0	23	-1	-2	-3
710	23	0	0	900	0	23	-1	-2	-3
711	23	0	0	900	0	23	-1	-2	-3
712	23	0	0	900	0	23	-1	-2	-3
713	23	0	0	900	0	23	-1	-2	-3
714	23	0	0	900	0	23	-1	-2	-3
715	23	0	0	900	0	23	-1	-2	-3
716	23	0	0	900	0	23	-1	-2	-3
717	23	0	0	900	0	23	-1	-2	-3
718	23	0	0	900	0	23	-1	-2	-3
719	23	0	0	900	0	23	-1	-2	-3
720	23	0	0	900	0	23	-1	-2	-3
721	23	0	0	900	0	23	-1	-2	-3
722	23	0	0	900	0	23	-1	-2	-3
723	23	0	0	900	0	23	-1	-2	-3
724	23	0	0	900	0	23	-1	-2	-3
725	23	0	0	900	0	23	-1	-2	-3
726	23	0	0	900	0	23	-1	-2	-3
727	23	0	0	900	0	23	-1	-2	-3
728	23	0	0	900	0	23	-1	-2	-3
729	23	0	0	900	0	23	-1	-2	-3
730	23	0	0	900	0	23	-1	-2	-3
731	23	0	0	900	0	23	-1	-2	-3
732	23	0	0	900	0	23	-1	-2	-3
733	23	0	0	900	0	23	-1	-2	-3
734	23	0	0	900	0	23	-1	-2	-3
735	23	0	0	900	0	23	-1	-2	-3
736	23	0	0	900	0	23	-1	-2	-3
737	23	0	0	900	0	23	-1	-2	-3
738	23	0	0	900	0	23	-1	-2	-3
739	23	0	0	900	0	23	-1	-2	-3
740	23	0	0	900	0	23	-1	-2	-3
741	23	0	0	900	0	23	-1	-2	-3
742	23	0	0	900	0	23	-1	-2	-3
743	23	0	0	900	0	23	-1	-2	-3
744	23	0	0	900	0	23	-1	-2	-3
745	23	0	0	900	0	23	-1	-2	-3
746	23	0	0	900	0	23	-1	-2	-3
747	23	0	0	900	0	23	-1	-2	-3
748	23	0	0	900	0	23	-1	-2	-3
749	23	0	0	900	0	23	-1	-2	-3
750	23	0	0	900	0	23	-1	-2	-3
751	23	0	0	900	0	23	-1	-2	-3
752	23	0	0	900	0	23	-1	-2	-3
753	23	0	0	900	0	23	-1	-2	-3
754	23	0	0	900	0	23	-1	-2	-3
755	23	0	0	900	0	23	-1	-2	-3
756	23	0	0	900	0	23	-1	-2	-3
757	23	0	0	900	0	23	-1	-2	-3
758	23	0	0	900	0	23	-1	-2	-3
759	23	0	0	900	0	23	-1	-2	-3
760	23	0	0	900	0	23	-1	-2	-3
761	23	0	0	900	0	23	-1	-2	-3
762	23	0	0	900	0	23	-1	-2	-3
763	23	0	0	900	0	23	-1	-2	-3
764	23	0	0	900	0	23	-1	-2	-3
765	23	0	0	900	0	23	-1	-2	-3
766	23	0	0	900	0	23	-1	-2	-3
767	23	0	0	900	0	23	-1	-2	-3
768	23	0	0	900	0	23	-1	-2	-3
769	23	0	0	900	0	23	-1	-2	-3
770	23	0	0	900	0	23	-1	-2	-3
771	23	0	0	900	0	23	-1	-2	-3
772	23	0	0	900	0	23	-1	-2	-3
773	23	0	0	900	0	23	-1	-2	-3
774	23	0	0	900	0	23	-1	-2	-3
775	23	0	0	900	0	23	-1	-2	-3
776	23	0	0	900	0	23	-1	-2	-3
777	23	0	0	900	0	23	-1	-2	-3
778	23	0	0	900	0	23	-1	-2	-3
779	23	0	0	900	0	23	-1	-2	-3
780	23	0	0	900	0	23	-1	-2	-3
781	23	0	0	900	0	23	-1	-2	-3
782	23	0	0	900	0	23	-1	-2	-3
783	23	0	0	900	0	23	-1	-2	-3
784	23	0	0	900	0	23	-1	-2	-3
785	23	0	0	900	0	23	-1	-2	-3
786	23	0	0	900	0	23	-1	-2	-3
787	23	0	0	900	0	23	-1	-2	-3
788	23	0	0	900	0	23	-1	-2	-3
789	23	0	0	900	0	23	-1	-2	-3
790	23	0	0	900	0	23	-1	-2	-3
791	23	0	0	900	0	23	-1	-2	-3
792	23	0	0	900	0	23	-1	-2	-3
793	23	0	0	900	0	23	-1	-2	-3
794	23	0	0	900	0	23	-1	-2	-3
795	23	0	0	900	0	23	-1	-2	-3
796	23	0	0	900	0	23	-1	-2	-3
797	23	0	0	900	0	23	-1	-2	-3
798	23	0	0	900	0	23	-1	-2	-3
799	23	0	0	900	0	23	-1	-2	-3
800	23	0	0	900	0	23	-1	-2	-3
801	23	0	0	900	0	23	-1	-2	-3
802	23	0	0	900	0	23	-1	-2	-3
803	23	0	0	900	0	23	-1	-2	-3
804	23	0	0	900	0	23	-1	-2	-3
805	23	0	0	900	0	23	-1	-2	-3
806	23	0	0	900	0	23	-1	-2	-3
807	23	0	0	900	0	23	-1	-2	-3
808	23	0	0	900	0	23	-1	-2	-3
809	23	0	0	900	0	23	-1	-2	-3
810	23	0	0	900	0	23	-1	-2	-3
811	23	0	0	900	0	23	-1	-2	-3
812	23	0	0	900	0	23	-1	-2	-3
813	23	0	0	900	0	23	-1	-2	-3
814	23	0	0	900	0	23	-1	-2	-3
815	23	0	0	900	0	23	-1	-2	-3
816	23	0	0	900	0	23	-1	-2	-3
817	23	0	0	900	0	23	-1	-2	-3
818	23	0	0	900	0	23	-1	-2	-3
819	23	0	0	900	0	23	-1	-2	-3
820	23	0	0	900	0	23	-1	-2	-3
821	23	0	0	900	0	23	-1	-2	-3
822	23	0	0	900	0	23	-1	-2	-3
823	23	0	0	900	0	23	-1	-2	-3
824	23	0	0	900	0	23	-1	-2	-3
825	23	0	0	900	0	23	-1	-2	-3
826	23	0	0	900	0	23	-1	-2	-3
827	23	0	0	900	0	23	-1	-2	-3
828	23	0	0	900	0	23	-1	-2	-3
829	23	0	0	900	0	23	-1	-2	-3
830	23	0	0	900	0	23	-1	-2	-3
831	23	0	0	900	0	23	-1	-2	-3
832	23	0	0	900	0	23	-1	-2	-3
833	23	0	0	900	0	23	-1	-2	-3
834	23	0	0	900	0	23	-1	-2	-3
835	23	0	0	900	0	23	-1	-2	-3
836	23	0	0	900	0	23	-1	-2	-3
837	23	0	0	900	0	23	-1	-2	-3
838	23	0	0	900	0	23	-1	-2	-3
839	23	0	0	900	0	23	-1	-2	-3
840	23	0	0	900	0	23	-1	-2	-3
841	23	0	0	900	0	23	-1	-2	-3
842	23	0	0	900	0	23	-1	-2	-3
843	23	0	0	900	0	23	-1	-2	-3
844	23	0	0	900	0	23	-1	-2	-3
845	23	0	0	900	0	23	-1	-2	-3
846	23	0	0	900	0	23	-1	-2	-3
847	23	0	0	900	0	23	-1	-2	-3
848	23	0	0	900	0	23	-1	-2	-3
849	23	0	0	900	0	23	-1	-2	-3
850	23	0	0	900	0	23	-1	-2	-3
851	23	0	0	900	0	23	-1	-2	-3
852	23	0	0	900	0	23	-1	-2	-3
853	23	0	0	900	0	23	-1	-2	-3
854	23	0	0	900	0	23	-1	-2	-3
855	23	0	0	900	0	23	-1	-2	-3
856	23	0	0	900	0	23	-1	-2	-3
857	23	0	0	900	0	23	-1	-2	-3
858	23	0	0	900	0	23	-1	-2	-3
859	23	0	0	900	0	23	-1	-2	-3
860	23	0	0	900	0	23	-1	-2	-3
861	23	0	0	900	0	23	-1	-2	-3
862	23	0	0	900	0	23	-1	-2	-3
863	23	0	0	900	0	23	-1	-2	-3
864	23	0	0	900	0	23	-1	-2	-3
865	23	0	0	900	0	23	-1	-2	-3
866	23	0	0	900	0	23	-1	-2	-3
867	23	0	0	900	0	23	-1	-2	-3
868	23	0	0	900	0	23	-1	-2	-3
869	23	0	0	900	0	23	-1	-2	-3
870	23	0	0	900	0	23	-1	-2	-3
871	23	0	0	900	0	23	-1	-2	-3
872	23	0	0	900	0	23	-1	-2	-3
873	23	0	0	900	0	23	-1	-2	-3
874	23	0	0	900	0	23	-1	-2	-3
875	23	0	0	900	0	23	-1	-2	-3
876	23	0	0	900	0	23	-1	-2	-3
877	23	0	0	900	0	23	-1	-2	-3
878	23	0	0	900	0	23	-1	-2	-3
879	23	0	0	900	0	23	-1	-2	-3
880	23	0	0	900	0	23	-1	-2	-3
881	23	0	0	900	0	23	-1	-2	-3
882	23	0	0	900	0	23	-1	-2	-3
883	23	0	0	900	0	23	-1	-2	-3
884	23	0	0	900	0	23	-1	-2	-3
885	23	0	0	900	0	23	-1	-2	-3
886	23	0	0	900	0	23	-1	-2	-3
887	23	0	0	900	0	23	-1	-2	-3
888	23	0	0	900	0	23	-1	-2	-3
889	23	0	0	900	0	23	-1	-2	-3
890	23	0	0	900	0	23	-1	-2	-3
891	23	0	0	900	0	23	-1	-2	-3
892	23	0	0	900	0	23	-1	-2	-3
893	23	0	0	900	0	23	-1	-2	-3
894	23	0	0	900	0	23	-1	-2	-3
895	23	0	0	900	0	23	-1	-2	-3
896	23	0	0	900	0	23	-1	-2	-3
897	23	0	0	900	0	23	-1	-2	-3
898	23	0	0	900	0	23	-1	-2	-3
899	23	0	0	900	0	23	-1	-2	-3
900	23	0	0	900	0	23	-1	-2	-3
901	23	0	0	900	0	23	-1	-2	-3
902	23	0	0	900	0	23	-1	-2	-3
903	23	0	0	900	0	23	-1	-2	-3
904	23	0	0	900	0	23	-1	-2	-3
905	23	0	0	900	0	23	-1	-2	-3
906	23	0	0	900	0	23	-1	-2	-3
907	23	0	0	900	0	23	-1	-2	-3
908	23	0	0	900	0	23	-1	-2	-3
909	23	0	0	900	0	23	-1	-2	-3
910	23	0	0	900	0	23	-1	-2	-3
911	23	0	0	900	0	23	-1	-2	-3
912	23	0	0	900	0	23	-1	-2	-3
913	23	0	0	900	0	23	-1	-2	-3
914	23	0	0	900	0	23	-1	-2	-3
915	23	0	0	900	0	23	-1	-2	-3
916	23	0	0	900	0	23	-1	-2	-3
917	23	0	0	900	0	23	-1	-2	-3
918	23	0	0	900	0	23	-1	-2	-3
919	23	0	0	900	0	23	-1	-2	-3
920	23	0	0	900	0	23	-1	-2	-3
921	23	0	0	900	0	23	-1	-2	-3
922	23	0	0	900	0	23	-1	-2	-3
923	23	0	0	900	0	23	-1	-2	-3
924	23	0	0	900	0	23	-1	-2	-3
925	23	0	0	900	0	23	-1	-2	-3
926	23	0	0	900	0	23	-1	-2	-3
927	23	0	0	900	0	23	-1	-2	-3
928	23	0	0	900	0	23	-1	-2	-3
929	23	0	0	900	0	23	-1	-2	-3
930	23	0	0	900	0	23	-1	-2	-3
931	23	0	0	900	0	23	-1	-2	-3
932	23	0	0	900	0	23	-1	-2	-3
933	23	0	0	900	0	23	-1	-2	-3
934	23	0	0	900	0	23	-1	-2	-3
935	23	0	0	900	0	23	-1	-2	-3
936	23	0	0	900	0	23	-1	-2	-3
937	23	0	0	900	0	23	-1	-2	-3
938	23	0	0	900	0	23	-1	-2	-3
939	23	0	0	900	0	23	-1	-2	-3
940	23	1	0	900	939	23	3	-2	-3
941	23	1	0	900	939	23	3	-2	-3
942	23	1	0	900	939	23	3	-2	-3
943	23	1	0	900	939	23	3	-2	-3
944	23	1	0	900	939	23	3	-2	-3
945	23	1	0	900	939	23	3	-2	-3
946	23	1	0	900	939	23	3	-2	-3
947	23	1	0	900	939	23	3	-2	-3
948	23	1	0	900	939	23	3	-2	-3
949	23	1	0	900	939	23	3	-2	-3
950	23	1	0	900	939	23	3	-2	-3
951	23	1	0	900	939	23	3	-2	-3
952	23	1	0	900	939	23	3	-2	-3
953	23	1	0	900	939	23	3	-2	-3
954	23	1	0	900	939	23	3	-2	-3
955	23	1	0	900	939	23	3	-2	-3
956	23	1	0	900	939	23	3	-2	-3
957	23	1	0	900	939	23	3	-2	-3
958	23	1	0	900	939	23	3	-2	-3
959	23	1	0	900	939	23	3	-2	-3
960	23	1	0	900	939	23	3	-2	-3
961	23	1	0	900	939	23	3	-2	-3
962	23	1	0	900	939	23	3	-2	-3
963	23	1	0	900	939	23	3	-2	-3
964	23	1	0	900	939	23	3	-2	-3
965	23	1	0	900	939	23	3	-2	-3
966	23	1	0	900	939	23	3	-2	-3
967	23	1	0	900	939	23	3	-2	-3
968	23	1	0	900	939	23	3	-2	-3
969	23	1	0	900	939	23	3	-2	-3
970	23	1	0	900	939	23	3	-2	-3
971	23	1	0	900	939	23	3	-2	-3
972	23	1	0	900	939	23	3	-2	-3
973	23	1	0	900	939	23	3	-2	-3
974	23	1	0	900	939	23	3	-2	-3
975	23	1	0	900	939	23	3	-2	-3
976	23	1	0	900	939	23	3	-2	-3
977	23	1	0	900	939	23	3	-2	-3
