1	14	0	0	900	0	14	-1	-2	2
2	14	0	0	900	0	14	-1	-2	2
3	14	0	0	900	0	14	-1	-2	2
4	14	0	0	900	0	14	-1	-2	2
5	14	0	0	900	0	14	-1	-2	2
6	14	0	0	900	0	14	-1	-2	2
7	14	0	0	900	0	14	-1	-2	2
8	14	0	0	900	0	14	-1	-2	2
9	14	0	0	900	0	14	-1	-2	2
10	14	0	0	900	0	14	-1	-2	2
11	14	0	0	900	0	14	-1	-2	2
12	14	0	0	900	0	14	-1	-2	2
13	14	0	0	900	0	14	-1	-2	2
14	14	0	0	900	0	14	-1	-2	2
15	14	0	0	900	0	14	-1	-2	2
16	14	0	0	900	0	14	-1	-2	2
17	14	0	0	900	0	14	-1	-2	2
18	14	0	0	900	0	14	-1	-2	2
19	14	0	0	900	0	14	-1	-2	2
20	14	0	0	900	0	14	-1	-2	2
21	14	0	0	900	0	14	-1	-2	2
22	14	0	0	900	0	14	-1	-2	2
23	14	0	0	900	0	14	-1	-2	2
24	14	0	0	900	0	14	-1	-2	2
25	14	0	0	900	0	14	-1	-2	2
26	14	0	0	900	0	14	-1	-2	2
27	14	0	0	900	0	14	-1	-2	2
28	14	0	0	900	0	14	-1	-2	2
29	14	0	0	900	0	14	-1	-2	2
30	14	0	0	900	0	14	-1	-2	2
31	14	0	0	900	0	14	-1	-2	2
32	14	0	0	900	0	14	-1	-2	2
33	14	0	0	900	0	14	-1	-2	2
34	14	0	0	900	0	14	-1	-2	2
35	14	0	0	900	0	14	-1	-2	2
36	14	0	0	900	0	14	-1	-2	2
37	14	0	0	900	0	14	-1	-2	2
38	14	0	0	900	0	14	-1	-2	2
39	14	0	0	900	0	14	-1	-2	2
40	14	0	0	900	0	14	-1	-2	2
41	14	0	0	900	0	14	-1	-2	2
42	14	0	0	900	0	14	-1	-2	2
43	14	0	0	900	0	14	-1	-2	2
44	14	0	0	900	0	14	-1	-2	2
45	14	0	0	900	0	14	-1	-2	2
46	14	0	0	900	0	14	-1	-2	2
47	14	0	0	900	0	14	-1	-2	2
48	14	0	0	900	0	14	-1	-2	2
49	14	0	0	900	0	14	-1	-2	2
50	14	0	0	900	0	14	-1	-2	2
51	14	0	0	900	0	14	-1	-2	2
52	14	0	0	900	0	14	-1	-2	2
53	14	0	0	900	0	14	-1	-2	2
54	14	0	0	900	0	14	-1	-2	2
55	14	0	0	900	0	14	-1	-2	2
56	14	0	0	900	0	14	-1	-2	2
57	14	0	0	900	0	14	-1	-2	2
58	14	0	0	900	0	14	-1	-2	2
59	14	0	0	900	0	14	-1	-2	2
60	14	0	0	900	0	14	-1	-2	2
61	14	0	0	900	0	14	-1	-2	2
62	14	0	0	900	0	14	-1	-2	2
63	14	0	0	900	0	14	-1	-2	2
64	14	0	0	900	0	14	-1	-2	2
65	14	0	0	900	0	14	-1	-2	2
66	14	0	0	900	0	14	-1	-2	2
67	14	0	0	900	0	14	-1	-2	2
68	14	0	0	900	0	14	-1	-2	2
69	14	0	0	900	0	14	-1	-2	2
70	14	0	0	900	0	14	-1	-2	2
71	14	0	0	900	0	14	-1	-2	2
72	14	0	0	900	0	14	-1	-2	2
73	14	0	0	900	0	14	-1	-2	2
74	14	0	0	900	0	14	-1	-2	2
75	14	0	0	900	0	14	-1	-2	2
76	14	0	0	900	0	14	-1	-2	2
77	14	0	0	900	0	14	-1	-2	2
78	14	0	0	900	0	14	-1	-2	2
79	14	0	0	900	0	14	-1	-2	2
80	14	0	0	900	0	14	-1	-2	2
81	14	0	0	900	0	14	-1	-2	2
82	14	0	0	900	0	14	-1	-2	2
83	14	0	0	900	0	14	-1	-2	2
84	14	0	0	900	0	14	-1	-2	2
85	14	0	0	900	0	14	-1	-2	2
86	14	0	0	900	0	14	-1	-2	2
87	14	0	0	900	0	14	-1	-2	2
88	14	0	0	900	0	14	-1	-2	2
89	14	0	0	900	0	14	-1	-2	2
90	14	0	0	900	0	14	-1	-2	2
91	14	0	0	900	0	14	-1	-2	2
92	14	0	0	900	0	14	-1	-2	2
93	14	0	0	900	0	14	-1	-2	2
94	14	0	0	900	0	14	-1	-2	2
95	14	0	0	900	0	14	-1	-2	2
96	14	0	0	900	0	14	-1	-2	2
97	14	0	0	900	0	14	-1	-2	2
98	14	0	0	900	0	14	-1	-2	2
99	14	0	0	900	0	14	-1	-2	2
100	14	0	0	900	0	14	-1	-2	2
101	14	0	0	900	0	14	-1	-2	2
102	14	0	0	900	0	14	-1	-2	2
103	14	0	0	900	0	14	-1	-2	2
104	14	0	0	900	0	14	-1	-2	2
105	14	0	0	900	0	14	-1	-2	2
106	14	0	0	900	0	14	-1	-2	2
107	14	0	0	900	0	14	-1	-2	2
108	14	0	0	900	0	14	-1	-2	2
109	14	0	0	900	0	14	-1	-2	2
110	14	0	0	900	0	14	-1	-2	2
111	14	0	0	900	0	14	-1	-2	2
112	14	0	0	900	0	14	-1	-2	2
113	14	0	0	900	0	14	-1	-2	2
114	14	0	0	900	0	14	-1	-2	2
115	14	0	0	900	0	14	-1	-2	2
116	14	0	0	900	0	14	-1	-2	2
117	14	0	0	900	0	14	-1	-2	2
118	14	0	0	900	0	14	-1	-2	2
119	14	0	0	900	0	14	-1	-2	2
120	14	0	0	900	0	14	-1	-2	2
121	14	0	0	900	0	14	-1	-2	2
122	14	0	0	900	0	14	-1	-2	2
123	14	0	0	900	0	14	-1	-2	2
124	14	0	0	900	0	14	-1	-2	2
125	14	0	0	900	0	14	-1	-2	2
126	14	0	0	900	0	14	-1	-2	2
127	14	0	0	900	0	14	-1	-2	2
128	14	0	0	900	0	14	-1	-2	2
129	14	0	0	900	0	14	-1	-2	2
130	14	0	0	900	0	14	-1	-2	2
131	14	0	0	900	0	14	-1	-2	2
132	14	0	0	900	0	14	-1	-2	2
133	14	0	0	900	0	14	-1	-2	2
134	14	0	0	900	0	14	-1	-2	2
135	14	0	0	900	0	14	-1	-2	2
136	14	0	0	900	0	14	-1	-2	2
137	14	0	0	900	0	14	-1	-2	2
138	14	0	0	900	0	14	-1	-2	2
139	14	0	0	900	0	14	-1	-2	2
140	14	0	0	900	0	14	-1	-2	2
141	14	0	0	900	0	14	-1	-2	2
142	14	0	0	900	0	14	-1	-2	2
143	14	0	0	900	0	14	-1	-2	2
144	14	0	0	900	0	14	-1	-2	2
145	14	0	0	900	0	14	-1	-2	2
146	14	0	0	900	0	14	-1	-2	2
147	14	0	0	900	0	14	-1	-2	2
148	14	0	0	900	0	14	-1	-2	2
149	14	0	0	900	0	14	-1	-2	2
150	14	0	0	900	0	14	-1	-2	2
151	14	0	0	900	0	14	-1	-2	2
152	14	0	0	900	0	14	-1	-2	2
153	14	0	0	900	0	14	-1	-2	2
154	14	0	0	900	0	14	-1	-2	2
155	14	0	0	900	0	14	-1	-2	2
156	14	0	0	900	0	14	-1	-2	2
157	14	0	0	900	0	14	-1	-2	2
158	14	0	0	900	0	14	-1	-2	2
159	14	0	0	900	0	14	-1	-2	2
160	14	0	0	900	0	14	-1	-2	2
161	14	0	0	900	0	14	-1	-2	2
162	14	0	0	900	0	14	-1	-2	2
163	14	0	0	900	0	14	-1	-2	2
164	14	0	0	900	0	14	-1	-2	2
165	14	0	0	900	0	14	-1	-2	2
166	14	0	0	900	0	14	-1	-2	2
167	14	0	0	900	0	14	-1	-2	2
168	14	0	0	900	0	14	-1	-2	2
169	14	0	0	900	0	14	-1	-2	2
170	14	0	0	900	0	14	-1	-2	2
171	14	0	0	900	0	14	-1	-2	2
172	14	0	0	900	0	14	-1	-2	2
173	14	0	0	900	0	14	-1	-2	2
174	14	0	0	900	0	14	-1	-2	2
175	14	0	0	900	0	14	-1	-2	2
176	14	0	0	900	0	14	-1	-2	2
177	14	0	0	900	0	14	-1	-2	2
178	14	0	0	900	0	14	-1	-2	2
179	14	0	0	900	0	14	-1	-2	2
180	14	0	0	900	0	14	-1	-2	2
181	14	0	0	900	0	14	-1	-2	2
182	14	0	0	900	0	14	-1	-2	2
183	14	0	0	900	0	14	-1	-2	2
184	14	0	0	900	0	14	-1	-2	2
185	14	0	0	900	0	14	-1	-2	2
186	14	0	0	900	0	14	-1	-2	2
187	14	0	0	900	0	14	-1	-2	2
188	14	0	0	900	0	14	-1	-2	2
189	14	0	0	900	0	14	-1	-2	2
190	14	0	0	900	0	14	-1	-2	2
191	14	0	0	900	0	14	-1	-2	2
192	14	0	0	900	0	14	-1	-2	2
193	14	0	0	900	0	14	-1	-2	2
194	14	0	0	900	0	14	-1	-2	2
195	14	0	0	900	0	14	-1	-2	2
196	14	0	0	900	0	14	-1	-2	2
197	14	0	0	900	0	14	-1	-2	2
198	14	0	0	900	0	14	-1	-2	2
199	14	0	0	900	0	14	-1	-2	2
200	14	0	0	900	0	14	-1	-2	2
201	14	0	0	900	0	14	-1	-2	2
202	14	0	0	900	0	14	-1	-2	2
203	14	0	0	900	0	14	-1	-2	2
204	14	0	0	900	0	14	-1	-2	2
205	14	0	0	900	0	14	-1	-2	2
206	14	0	0	900	0	14	-1	-2	2
207	14	0	0	900	0	14	-1	-2	2
208	14	0	0	900	0	14	-1	-2	2
209	14	0	0	900	0	14	-1	-2	2
210	14	0	0	900	0	14	-1	-2	2
211	14	0	0	900	0	14	-1	-2	2
212	14	0	0	900	0	14	-1	-2	2
213	14	0	0	900	0	14	-1	-2	2
214	14	0	0	900	0	14	-1	-2	2
215	14	0	0	900	0	14	-1	-2	2
216	14	0	0	900	0	14	-1	-2	2
217	14	0	0	900	0	14	-1	-2	2
218	14	0	0	900	0	14	-1	-2	2
219	14	0	0	900	0	14	-1	-2	2
220	14	0	0	900	0	14	-1	-2	2
221	14	0	0	900	0	14	-1	-2	2
222	14	0	0	900	0	14	-1	-2	2
223	14	0	0	900	0	14	-1	-2	2
224	14	0	0	900	0	14	-1	-2	2
225	14	0	0	900	0	14	-1	-2	2
226	14	0	0	900	0	14	-1	-2	2
227	14	0	0	900	0	14	-1	-2	2
228	14	0	0	900	0	14	-1	-2	2
229	14	0	0	900	0	14	-1	-2	2
230	14	0	0	900	0	14	-1	-2	2
231	14	0	0	900	0	14	-1	-2	2
232	14	0	0	900	0	14	-1	-2	2
233	14	0	0	900	0	14	-1	-2	2
234	14	0	0	900	0	14	-1	-2	2
235	14	0	0	900	0	14	-1	-2	2
236	14	0	0	900	0	14	-1	-2	2
237	14	0	0	900	0	14	-1	-2	2
238	14	0	0	900	0	14	-1	-2	2
239	14	0	0	900	0	14	-1	-2	2
240	14	0	0	900	0	14	-1	-2	2
241	14	0	0	900	0	14	-1	-2	2
242	14	0	0	900	0	14	-1	-2	2
243	14	0	0	900	0	14	-1	-2	2
244	14	0	0	900	0	14	-1	-2	2
245	14	0	0	900	0	14	-1	-2	2
246	14	0	0	900	0	14	-1	-2	2
247	14	0	0	900	0	14	-1	-2	2
248	14	0	0	900	0	14	-1	-2	2
249	14	0	0	900	0	14	-1	-2	2
250	14	0	0	900	0	14	-1	-2	2
251	14	0	0	900	0	14	-1	-2	2
252	14	0	0	900	0	14	-1	-2	2
253	14	0	0	900	0	14	-1	-2	2
254	14	0	0	900	0	14	-1	-2	2
255	14	0	0	900	0	14	-1	-2	2
256	14	0	0	900	0	14	-1	-2	2
257	14	0	0	900	0	14	-1	-2	2
258	14	0	0	900	0	14	-1	-2	2
259	14	0	0	900	0	14	-1	-2	2
260	14	0	0	900	0	14	-1	-2	2
261	14	0	0	900	0	14	-1	-2	2
262	14	0	0	900	0	14	-1	-2	2
263	14	0	0	900	0	14	-1	-2	2
264	14	0	0	900	0	14	-1	-2	2
265	14	0	0	900	0	14	-1	-2	2
266	14	0	0	900	0	14	-1	-2	2
267	14	0	0	900	0	14	-1	-2	2
268	14	0	0	900	0	14	-1	-2	2
269	14	0	0	900	0	14	-1	-2	2
270	14	0	0	900	0	14	-1	-2	2
271	14	0	0	900	0	14	-1	-2	2
272	14	0	0	900	0	14	-1	-2	2
273	14	0	0	900	0	14	-1	-2	2
274	14	0	0	900	0	14	-1	-2	2
275	14	0	0	900	0	14	-1	-2	2
276	14	0	0	900	0	14	-1	-2	2
277	14	0	0	900	0	14	-1	-2	2
278	14	0	0	900	0	14	-1	-2	2
279	14	0	0	900	0	14	-1	-2	2
280	14	0	0	900	0	14	-1	-2	2
281	14	0	0	900	0	14	-1	-2	2
282	14	0	0	900	0	14	-1	-2	2
283	14	0	0	900	0	14	-1	-2	2
284	14	0	0	900	0	14	-1	-2	2
285	14	0	0	900	0	14	-1	-2	2
286	14	0	0	900	0	14	-1	-2	2
287	14	0	0	900	0	14	-1	-2	2
288	14	0	0	900	0	14	-1	-2	2
289	14	0	0	900	0	14	-1	-2	2
290	14	0	0	900	0	14	-1	-2	2
291	14	0	0	900	0	14	-1	-2	2
292	14	0	0	900	0	14	-1	-2	2
293	14	0	0	900	0	14	-1	-2	2
294	14	0	0	900	0	14	-1	-2	2
295	14	0	0	900	0	14	-1	-2	2
296	14	0	0	900	0	14	-1	-2	2
297	14	0	0	900	0	14	-1	-2	2
298	14	0	0	900	0	14	-1	-2	2
299	14	0	0	900	0	14	-1	-2	2
300	14	0	0	900	0	14	-1	-2	2
301	14	0	0	900	0	14	-1	-2	2
302	14	0	0	900	0	14	-1	-2	2
303	14	0	0	900	0	14	-1	-2	2
304	14	0	0	900	0	14	-1	-2	2
305	14	0	0	900	0	14	-1	-2	2
306	14	0	0	900	0	14	-1	-2	2
307	14	0	0	900	0	14	-1	-2	2
308	14	0	0	900	0	14	-1	-2	2
309	14	0	0	900	0	14	-1	-2	2
310	14	0	0	900	0	14	-1	-2	2
311	14	0	0	900	0	14	-1	-2	2
312	14	0	0	900	0	14	-1	-2	2
313	14	0	0	900	0	14	-1	-2	2
314	14	0	0	900	0	14	-1	-2	2
315	14	0	0	900	0	14	-1	-2	2
316	14	0	0	900	0	14	-1	-2	2
317	14	0	0	900	0	14	-1	-2	2
318	14	0	0	900	0	14	-1	-2	2
319	14	0	0	900	0	14	-1	-2	2
320	14	0	0	900	0	14	-1	-2	2
321	14	0	0	900	0	14	-1	-2	2
322	14	0	0	900	0	14	-1	-2	2
323	14	0	0	900	0	14	-1	-2	2
324	14	0	0	900	0	14	-1	-2	2
325	14	0	0	900	0	14	-1	-2	2
326	14	0	0	900	0	14	-1	-2	2
327	14	0	0	900	0	14	-1	-2	2
328	14	0	0	900	0	14	-1	-2	2
329	14	0	0	900	0	14	-1	-2	2
330	14	0	0	900	0	14	-1	-2	2
331	14	0	0	900	0	14	-1	-2	2
332	14	0	0	900	0	14	-1	-2	2
333	14	0	0	900	0	14	-1	-2	2
334	14	0	0	900	0	14	-1	-2	2
335	14	0	0	900	0	14	-1	-2	2
336	14	0	0	900	0	14	-1	-2	2
337	14	0	0	900	0	14	-1	-2	2
338	14	0	0	900	0	14	-1	-2	2
339	14	0	0	900	0	14	-1	-2	2
340	14	0	0	900	0	14	-1	-2	2
341	14	0	0	900	0	14	-1	-2	2
342	14	0	0	900	0	14	-1	-2	2
343	14	0	0	900	0	14	-1	-2	2
344	14	0	0	900	0	14	-1	-2	2
345	14	0	0	900	0	14	-1	-2	2
346	14	0	0	900	0	14	-1	-2	2
347	14	0	0	900	0	14	-1	-2	2
348	14	0	0	900	0	14	-1	-2	2
349	14	0	0	900	0	14	-1	-2	2
350	14	0	0	900	0	14	-1	-2	2
351	14	0	0	900	0	14	-1	-2	2
352	14	0	0	900	0	14	-1	-2	2
353	14	0	0	900	0	14	-1	-2	2
354	14	0	0	900	0	14	-1	-2	2
355	14	0	0	900	0	14	-1	-2	2
356	14	0	0	900	0	14	-1	-2	2
357	14	0	0	900	0	14	-1	-2	2
358	14	0	0	900	0	14	-1	-2	2
359	14	0	0	900	0	14	-1	-2	2
360	14	0	0	900	0	14	-1	-2	2
361	14	0	0	900	0	14	-1	-2	2
362	14	0	0	900	0	14	-1	-2	2
363	14	0	0	900	0	14	-1	-2	2
364	14	0	0	900	0	14	-1	-2	2
365	14	0	0	900	0	14	-1	-2	2
366	14	0	0	900	0	14	-1	-2	2
367	14	0	0	900	0	14	-1	-2	2
368	14	0	0	900	0	14	-1	-2	2
369	14	0	0	900	0	14	-1	-2	2
370	14	0	0	900	0	14	-1	-2	2
371	14	0	0	900	0	14	-1	-2	2
372	14	0	0	900	0	14	-1	-2	2
373	14	0	0	900	0	14	-1	-2	2
374	14	0	0	900	0	14	-1	-2	2
375	14	0	0	900	0	14	-1	-2	2
376	14	0	0	900	0	14	-1	-2	2
377	14	0	0	900	0	14	-1	-2	2
378	14	0	0	900	0	14	-1	-2	2
379	14	0	0	900	0	14	-1	-2	2
380	14	0	0	900	0	14	-1	-2	2
381	14	0	0	900	0	14	-1	-2	2
382	14	0	0	900	0	14	-1	-2	2
383	14	0	0	900	0	14	-1	-2	2
384	14	0	0	900	0	14	-1	-2	2
385	14	0	0	900	0	14	-1	-2	2
386	14	0	0	900	0	14	-1	-2	2
387	14	0	0	900	0	14	-1	-2	2
388	14	0	0	900	0	14	-1	-2	2
389	14	0	0	900	0	14	-1	-2	2
390	14	0	0	900	0	14	-1	-2	2
391	14	0	0	900	0	14	-1	-2	2
392	14	0	0	900	0	14	-1	-2	2
393	14	0	0	900	0	14	-1	-2	2
394	14	0	0	900	0	14	-1	-2	2
395	14	0	0	900	0	14	-1	-2	2
396	14	0	0	900	0	14	-1	-2	2
397	14	0	0	900	0	14	-1	-2	2
398	14	0	0	900	0	14	-1	-2	2
399	14	0	0	900	0	14	-1	-2	2
400	14	0	0	900	0	14	-1	-2	2
401	14	0	0	900	0	14	-1	-2	2
402	14	0	0	900	0	14	-1	-2	2
403	14	0	0	900	0	14	-1	-2	2
404	14	0	0	900	0	14	-1	-2	2
405	14	0	0	900	0	14	-1	-2	2
406	14	0	0	900	0	14	-1	-2	2
407	14	0	0	900	0	14	-1	-2	2
408	14	0	0	900	0	14	-1	-2	2
409	14	0	0	900	0	14	-1	-2	2
410	14	0	0	900	0	14	-1	-2	2
411	14	0	0	900	0	14	-1	-2	2
412	14	0	0	900	0	14	-1	-2	2
413	14	0	0	900	0	14	-1	-2	2
414	14	0	0	900	0	14	-1	-2	2
415	14	0	0	900	0	14	-1	-2	2
416	14	0	0	900	0	14	-1	-2	2
417	14	0	0	900	0	14	-1	-2	2
418	14	0	0	900	0	14	-1	-2	2
419	14	0	0	900	0	14	-1	-2	2
420	14	0	0	900	0	14	-1	-2	2
421	14	0	0	900	0	14	-1	-2	2
422	14	0	0	900	0	14	-1	-2	2
423	14	0	0	900	0	14	-1	-2	2
424	14	0	0	900	0	14	-1	-2	2
425	14	0	0	900	0	14	-1	-2	2
426	14	0	0	900	0	14	-1	-2	2
427	14	0	0	900	0	14	-1	-2	2
428	14	0	0	900	0	14	-1	-2	2
429	14	0	0	900	0	14	-1	-2	2
430	14	0	0	900	0	14	-1	-2	2
431	14	0	0	900	0	14	-1	-2	2
432	14	0	0	900	0	14	-1	-2	2
433	14	0	0	900	0	14	-1	-2	2
434	14	0	0	900	0	14	-1	-2	2
435	14	0	0	900	0	14	-1	-2	2
436	14	0	0	900	0	14	-1	-2	2
437	14	0	0	900	0	14	-1	-2	2
438	14	0	0	900	0	14	-1	-2	2
439	14	0	0	900	0	14	-1	-2	2
440	14	0	0	900	0	14	-1	-2	2
441	14	0	0	900	0	14	-1	-2	2
442	14	0	0	900	0	14	-1	-2	2
443	14	0	0	900	0	14	-1	-2	2
444	14	0	0	900	0	14	-1	-2	2
445	14	0	0	900	0	14	-1	-2	2
446	14	0	0	900	0	14	-1	-2	2
447	14	0	0	900	0	14	-1	-2	2
448	14	0	0	900	0	14	-1	-2	2
449	14	0	0	900	0	14	-1	-2	2
450	14	0	0	900	0	14	-1	-2	2
451	14	0	0	900	0	14	-1	-2	2
452	14	0	0	900	0	14	-1	-2	2
453	14	0	0	900	0	14	-1	-2	2
454	14	0	0	900	0	14	-1	-2	2
455	14	0	0	900	0	14	-1	-2	2
456	14	0	0	900	0	14	-1	-2	2
457	14	0	0	900	0	14	-1	-2	2
458	14	0	0	900	0	14	-1	-2	2
459	14	0	0	900	0	14	-1	-2	2
460	14	0	0	900	0	14	-1	-2	2
461	14	0	0	900	0	14	-1	-2	2
462	14	0	0	900	0	14	-1	-2	2
463	14	0	0	900	0	14	-1	-2	2
464	14	0	0	900	0	14	-1	-2	2
465	14	0	0	900	0	14	-1	-2	2
466	14	0	0	900	0	14	-1	-2	2
467	14	0	0	900	0	14	-1	-2	2
468	14	0	0	900	0	14	-1	-2	2
469	14	0	0	900	0	14	-1	-2	2
470	14	0	0	900	0	14	-1	-2	2
471	14	0	0	900	0	14	-1	-2	2
472	14	0	0	900	0	14	-1	-2	2
473	14	0	0	900	0	14	-1	-2	2
474	14	0	0	900	0	14	-1	-2	2
475	14	0	0	900	0	14	-1	-2	2
476	14	0	0	900	0	14	-1	-2	2
477	14	0	0	900	0	14	-1	-2	2
478	14	0	0	900	0	14	-1	-2	2
479	14	0	0	900	0	14	-1	-2	2
480	14	0	0	900	0	14	-1	-2	2
481	14	0	0	900	0	14	-1	-2	2
482	14	0	0	900	0	14	-1	-2	2
483	14	0	0	900	0	14	-1	-2	2
484	14	0	0	900	0	14	-1	-2	2
485	14	0	0	900	0	14	-1	-2	2
486	14	0	0	900	0	14	-1	-2	2
487	14	0	0	900	0	14	-1	-2	2
488	14	0	0	900	0	14	-1	-2	2
489	14	0	0	900	0	14	-1	-2	2
490	14	0	0	900	0	14	-1	-2	2
491	14	0	0	900	0	14	-1	-2	2
492	14	0	0	900	0	14	-1	-2	2
493	14	0	0	900	0	14	-1	-2	2
494	14	0	0	900	0	14	-1	-2	2
495	14	0	0	900	0	14	-1	-2	2
496	14	0	0	900	0	14	-1	-2	2
497	14	0	0	900	0	14	-1	-2	2
498	14	0	0	900	0	14	-1	-2	2
499	14	0	0	900	0	14	-1	-2	2
500	14	0	0	900	0	14	-1	-2	2
501	14	0	0	900	0	14	-1	-2	2
502	14	0	0	900	0	14	-1	-2	2
503	14	0	0	900	0	14	-1	-2	2
504	14	0	0	900	0	14	-1	-2	2
505	14	0	0	900	0	14	-1	-2	2
506	14	0	0	900	0	14	-1	-2	2
507	14	0	0	900	0	14	-1	-2	2
508	14	0	0	900	0	14	-1	-2	2
509	14	0	0	900	0	14	-1	-2	2
510	14	0	0	900	0	14	-1	-2	2
511	14	0	0	900	0	14	-1	-2	2
512	14	0	0	900	0	14	-1	-2	2
513	14	0	0	900	0	14	-1	-2	2
514	14	0	0	900	0	14	-1	-2	2
515	14	0	0	900	0	14	-1	-2	2
516	14	0	0	900	0	14	-1	-2	2
517	14	0	0	900	0	14	-1	-2	2
518	14	0	0	900	0	14	-1	-2	2
519	14	0	0	900	0	14	-1	-2	2
520	14	0	0	900	0	14	-1	-2	2
521	14	0	0	900	0	14	-1	-2	2
522	14	0	0	900	0	14	-1	-2	2
523	14	0	0	900	0	14	-1	-2	2
524	14	0	0	900	0	14	-1	-2	2
525	14	0	0	900	0	14	-1	-2	2
526	14	0	0	900	0	14	-1	-2	2
527	14	0	0	900	0	14	-1	-2	2
528	14	0	0	900	0	14	-1	-2	2
529	14	0	0	900	0	14	-1	-2	2
530	14	0	0	900	0	14	-1	-2	2
531	14	0	0	900	0	14	-1	-2	2
532	14	0	0	900	0	14	-1	-2	2
533	14	0	0	900	0	14	-1	-2	2
534	14	0	0	900	0	14	-1	-2	2
535	14	0	0	900	0	14	-1	-2	2
536	14	0	0	900	0	14	-1	-2	2
537	14	0	0	900	0	14	-1	-2	2
538	14	0	0	900	0	14	-1	-2	2
539	14	0	0	900	0	14	-1	-2	2
540	14	0	0	900	0	14	-1	-2	2
541	14	0	0	900	0	14	-1	-2	2
542	14	0	0	900	0	14	-1	-2	2
543	14	0	0	900	0	14	-1	-2	2
544	14	0	0	900	0	14	-1	-2	2
545	14	0	0	900	0	14	-1	-2	2
546	14	0	0	900	0	14	-1	-2	2
547	14	0	0	900	0	14	-1	-2	2
548	14	0	0	900	0	14	-1	-2	2
549	14	0	0	900	0	14	-1	-2	2
550	14	0	0	900	0	14	-1	-2	2
551	14	0	0	900	0	14	-1	-2	2
552	14	0	0	900	0	14	-1	-2	2
553	14	0	0	900	0	14	-1	-2	2
554	14	0	0	900	0	14	-1	-2	2
555	14	0	0	900	0	14	-1	-2	2
556	14	0	0	900	0	14	-1	-2	2
557	14	0	0	900	0	14	-1	-2	2
558	14	0	0	900	0	14	-1	-2	2
559	14	0	0	900	0	14	-1	-2	2
560	14	0	0	900	0	14	-1	-2	2
561	14	0	0	900	0	14	-1	-2	2
562	14	0	0	900	0	14	-1	-2	2
563	14	0	0	900	0	14	-1	-2	2
564	14	0	0	900	0	14	-1	-2	2
565	14	0	0	900	0	14	-1	-2	2
566	14	0	0	900	0	14	-1	-2	2
567	14	0	0	900	0	14	-1	-2	2
568	14	0	0	900	0	14	-1	-2	2
569	14	0	0	900	0	14	-1	-2	2
570	14	0	0	900	0	14	-1	-2	2
571	14	0	0	900	0	14	-1	-2	2
572	14	0	0	900	0	14	-1	-2	2
573	14	0	0	900	0	14	-1	-2	2
574	14	0	0	900	0	14	-1	-2	2
575	14	0	0	900	0	14	-1	-2	2
576	14	0	0	900	0	14	-1	-2	2
577	14	0	0	900	0	14	-1	-2	2
578	14	0	0	900	0	14	-1	-2	2
579	14	0	0	900	0	14	-1	-2	2
580	14	0	0	900	0	14	-1	-2	2
581	14	0	0	900	0	14	-1	-2	2
582	14	0	0	900	0	14	-1	-2	2
583	14	0	0	900	0	14	-1	-2	2
584	14	0	0	900	0	14	-1	-2	2
585	14	0	0	900	0	14	-1	-2	2
586	14	0	0	900	0	14	-1	-2	2
587	14	0	0	900	0	14	-1	-2	2
588	14	0	0	900	0	14	-1	-2	2
589	14	0	0	900	0	14	-1	-2	2
590	14	0	0	900	0	14	-1	-2	2
591	14	0	0	900	0	14	-1	-2	2
592	14	0	0	900	0	14	-1	-2	2
593	14	0	0	900	0	14	-1	-2	2
594	14	0	0	900	0	14	-1	-2	2
595	14	0	0	900	0	14	-1	-2	2
596	14	0	0	900	0	14	-1	-2	2
597	14	0	0	900	0	14	-1	-2	2
598	14	0	0	900	0	14	-1	-2	2
599	14	0	0	900	0	14	-1	-2	2
600	14	0	0	900	0	14	-1	-2	2
601	14	0	0	900	0	14	-1	-2	2
602	14	0	0	900	0	14	-1	-2	2
603	14	0	0	900	0	14	-1	-2	2
604	14	0	0	900	0	14	-1	-2	2
605	14	0	0	900	0	14	-1	-2	2
606	14	0	0	900	0	14	-1	-2	2
607	14	0	0	900	0	14	-1	-2	2
608	14	0	0	900	0	14	-1	-2	2
609	14	0	0	900	0	14	-1	-2	2
610	14	0	0	900	0	14	-1	-2	2
611	14	0	0	900	0	14	-1	-2	2
612	14	0	0	900	0	14	-1	-2	2
613	14	0	0	900	0	14	-1	-2	2
614	14	0	0	900	0	14	-1	-2	2
615	14	0	0	900	0	14	-1	-2	2
616	14	0	0	900	0	14	-1	-2	2
617	14	0	0	900	0	14	-1	-2	2
618	14	0	0	900	0	14	-1	-2	2
619	14	0	0	900	0	14	-1	-2	2
620	14	0	0	900	0	14	-1	-2	2
621	14	0	0	900	0	14	-1	-2	2
622	14	0	0	900	0	14	-1	-2	2
623	14	0	0	900	0	14	-1	-2	2
624	14	0	0	900	0	14	-1	-2	2
625	14	0	0	900	0	14	-1	-2	2
626	14	0	0	900	0	14	-1	-2	2
627	14	0	0	900	0	14	-1	-2	2
628	14	0	0	900	0	14	-1	-2	2
629	14	0	0	900	0	14	-1	-2	2
630	14	0	0	900	0	14	-1	-2	2
631	14	0	0	900	0	14	-1	-2	2
632	14	0	0	900	0	14	-1	-2	2
633	14	0	0	900	0	14	-1	-2	2
634	14	0	0	900	0	14	-1	-2	2
635	14	0	0	900	0	14	-1	-2	2
636	14	0	0	900	0	14	-1	-2	2
637	14	0	0	900	0	14	-1	-2	2
638	14	0	0	900	0	14	-1	-2	2
639	14	0	0	900	0	14	-1	-2	2
640	14	0	0	900	0	14	-1	-2	2
641	14	0	0	900	0	14	-1	-2	2
642	14	0	0	900	0	14	-1	-2	2
643	14	0	0	900	0	14	-1	-2	2
644	14	0	0	900	0	14	-1	-2	2
645	14	0	0	900	0	14	-1	-2	2
646	14	0	0	900	0	14	-1	-2	2
647	14	0	0	900	0	14	-1	-2	2
648	14	0	0	900	0	14	-1	-2	2
649	14	0	0	900	0	14	-1	-2	2
650	14	0	0	900	0	14	-1	-2	2
651	14	0	0	900	0	14	-1	-2	2
652	14	0	0	900	0	14	-1	-2	2
653	14	0	0	900	0	14	-1	-2	2
654	14	0	0	900	0	14	-1	-2	2
655	14	0	0	900	0	14	-1	-2	2
656	14	0	0	900	0	14	-1	-2	2
657	14	0	0	900	0	14	-1	-2	2
658	14	0	0	900	0	14	-1	-2	2
659	14	0	0	900	0	14	-1	-2	2
660	14	0	0	900	0	14	-1	-2	2
661	14	0	0	900	0	14	-1	-2	2
662	14	0	0	900	0	14	-1	-2	2
663	14	0	0	900	0	14	-1	-2	2
664	14	0	0	900	0	14	-1	-2	2
665	14	0	0	900	0	14	-1	-2	2
666	14	0	0	900	0	14	-1	-2	2
667	14	0	0	900	0	14	-1	-2	2
668	14	0	0	900	0	14	-1	-2	2
669	14	0	0	900	0	14	-1	-2	2
670	14	0	0	900	0	14	-1	-2	2
671	14	0	0	900	0	14	-1	-2	2
672	14	0	0	900	0	14	-1	-2	2
673	14	0	0	900	0	14	-1	-2	2
674	14	0	0	900	0	14	-1	-2	2
675	14	0	0	900	0	14	-1	-2	2
676	14	0	0	900	0	14	-1	-2	2
677	14	0	0	900	0	14	-1	-2	2
678	14	0	0	900	0	14	-1	-2	2
679	14	0	0	900	0	14	-1	-2	2
680	14	0	0	900	0	14	-1	-2	2
681	14	0	0	900	0	14	-1	-2	2
682	14	0	0	900	0	14	-1	-2	2
683	14	0	0	900	0	14	-1	-2	2
684	14	0	0	900	0	14	-1	-2	2
685	14	0	0	900	0	14	-1	-2	2
686	14	0	0	900	0	14	-1	-2	2
687	14	0	0	900	0	14	-1	-2	2
688	14	0	0	900	0	14	-1	-2	2
689	14	0	0	900	0	14	-1	-2	2
690	14	0	0	900	0	14	-1	-2	2
691	14	0	0	900	0	14	-1	-2	2
692	14	0	0	900	0	14	-1	-2	2
693	14	0	0	900	0	14	-1	-2	2
694	14	0	0	900	0	14	-1	-2	2
695	14	0	0	900	0	14	-1	-2	2
696	14	0	0	900	0	14	-1	-2	2
697	14	0	0	900	0	14	-1	-2	2
698	14	0	0	900	0	14	-1	-2	2
699	14	0	0	900	0	14	-1	-2	2
700	14	0	0	900	0	14	-1	-2	2
701	14	0	0	900	0	14	-1	-2	2
702	14	0	0	900	0	14	-1	-2	2
703	14	0	0	900	0	14	-1	-2	2
704	14	0	0	900	0	14	-1	-2	2
705	14	0	0	900	0	14	-1	-2	2
706	14	0	0	900	0	14	-1	-2	2
707	14	0	0	900	0	14	-1	-2	2
708	14	0	0	900	0	14	-1	-2	2
709	14	0	0	900	0	14	-1	-2	2
710	14	0	0	900	0	14	-1	-2	2
711	14	0	0	900	0	14	-1	-2	2
712	14	0	0	900	0	14	-1	-2	2
713	14	0	0	900	0	14	-1	-2	2
714	14	0	0	900	0	14	-1	-2	2
715	14	0	0	900	0	14	-1	-2	2
716	14	0	0	900	0	14	-1	-2	2
717	14	0	0	900	0	14	-1	-2	2
718	14	0	0	900	0	14	-1	-2	2
719	14	0	0	900	0	14	-1	-2	2
720	14	0	0	900	0	14	-1	-2	2
721	14	0	0	900	0	14	-1	-2	2
722	14	0	0	900	0	14	-1	-2	2
723	14	0	0	900	0	14	-1	-2	2
724	14	0	0	900	0	14	-1	-2	2
725	14	0	0	900	0	14	-1	-2	2
726	14	0	0	900	0	14	-1	-2	2
727	14	0	0	900	0	14	-1	-2	2
728	14	0	0	900	0	14	-1	-2	2
729	14	0	0	900	0	14	-1	-2	2
730	14	0	0	900	0	14	-1	-2	2
731	14	0	0	900	0	14	-1	-2	2
732	14	0	0	900	0	14	-1	-2	2
733	14	0	0	900	0	14	-1	-2	2
734	14	0	0	900	0	14	-1	-2	2
735	14	0	0	900	0	14	-1	-2	2
736	14	0	0	900	0	14	-1	-2	2
737	14	0	0	900	0	14	-1	-2	2
738	14	0	0	900	0	14	-1	-2	2
739	14	0	0	900	0	14	-1	-2	2
740	14	0	0	900	0	14	-1	-2	2
741	14	0	0	900	0	14	-1	-2	2
742	14	0	0	900	0	14	-1	-2	2
743	14	0	0	900	0	14	-1	-2	2
744	14	0	0	900	0	14	-1	-2	2
745	14	0	0	900	0	14	-1	-2	2
746	14	0	0	900	0	14	-1	-2	2
747	14	0	0	900	0	14	-1	-2	2
748	14	0	0	900	0	14	-1	-2	2
749	14	0	0	900	0	14	-1	-2	2
750	14	0	0	900	0	14	-1	-2	2
751	14	0	0	900	0	14	-1	-2	2
752	14	0	0	900	0	14	-1	-2	2
753	14	0	0	900	0	14	-1	-2	2
754	14	0	0	900	0	14	-1	-2	2
755	14	0	0	900	0	14	-1	-2	2
756	14	0	0	900	0	14	-1	-2	2
757	14	0	0	900	0	14	-1	-2	2
758	14	0	0	900	0	14	-1	-2	2
759	14	0	0	900	0	14	-1	-2	2
760	14	0	0	900	0	14	-1	-2	2
761	14	0	0	900	0	14	-1	-2	2
762	14	0	0	900	0	14	-1	-2	2
763	14	0	0	900	0	14	-1	-2	2
764	14	0	0	900	0	14	-1	-2	2
765	14	0	0	900	0	14	-1	-2	2
766	14	0	0	900	0	14	-1	-2	2
767	14	0	0	900	0	14	-1	-2	2
768	14	0	0	900	0	14	-1	-2	2
769	14	0	0	900	0	14	-1	-2	2
770	14	0	0	900	0	14	-1	-2	2
771	14	0	0	900	0	14	-1	-2	2
772	14	0	0	900	0	14	-1	-2	2
773	14	0	0	900	0	14	-1	-2	2
774	14	0	0	900	0	14	-1	-2	2
775	14	0	0	900	0	14	-1	-2	2
776	14	0	0	900	0	14	-1	-2	2
777	14	0	0	900	0	14	-1	-2	2
778	14	0	0	900	0	14	-1	-2	2
779	14	0	0	900	0	14	-1	-2	2
780	14	0	0	900	0	14	-1	-2	2
781	14	0	0	900	0	14	-1	-2	2
782	14	0	0	900	0	14	-1	-2	2
783	14	0	0	900	0	14	-1	-2	2
784	14	0	0	900	0	14	-1	-2	2
785	14	0	0	900	0	14	-1	-2	2
786	14	0	0	900	0	14	-1	-2	2
787	14	0	0	900	0	14	-1	-2	2
788	14	0	0	900	0	14	-1	-2	2
789	14	0	0	900	0	14	-1	-2	2
790	14	0	0	900	0	14	-1	-2	2
791	14	0	0	900	0	14	-1	-2	2
792	14	0	0	900	0	14	-1	-2	2
793	14	0	0	900	0	14	-1	-2	2
794	14	0	0	900	0	14	-1	-2	2
795	14	0	0	900	0	14	-1	-2	2
796	14	0	0	900	0	14	-1	-2	2
797	14	0	0	900	0	14	-1	-2	2
798	14	0	0	900	0	14	-1	-2	2
799	14	0	0	900	0	14	-1	-2	2
800	14	0	0	900	0	14	-1	-2	2
801	14	0	0	900	0	14	-1	-2	2
802	14	0	0	900	0	14	-1	-2	2
803	14	0	0	900	0	14	-1	-2	2
804	14	0	0	900	0	14	-1	-2	2
805	14	0	0	900	0	14	-1	-2	2
806	14	0	0	900	0	14	-1	-2	2
807	14	0	0	900	0	14	-1	-2	2
808	14	0	0	900	0	14	-1	-2	2
809	14	0	0	900	0	14	-1	-2	2
810	14	0	0	900	0	14	-1	-2	2
811	14	0	0	900	0	14	-1	-2	2
812	14	0	0	900	0	14	-1	-2	2
813	14	0	0	900	0	14	-1	-2	2
814	14	0	0	900	0	14	-1	-2	2
815	14	0	0	900	0	14	-1	-2	2
816	14	0	0	900	0	14	-1	-2	2
817	14	0	0	900	0	14	-1	-2	2
818	14	0	0	900	0	14	-1	-2	2
819	14	0	0	900	0	14	-1	-2	2
820	14	0	0	900	0	14	-1	-2	2
821	14	0	0	900	0	14	-1	-2	2
822	14	0	0	900	0	14	-1	-2	2
823	14	0	0	900	0	14	-1	-2	2
824	14	0	0	900	0	14	-1	-2	2
825	14	0	0	900	0	14	-1	-2	2
826	14	0	0	900	0	14	-1	-2	2
827	14	0	0	900	0	14	-1	-2	2
828	14	0	0	900	0	14	-1	-2	2
829	14	0	0	900	0	14	-1	-2	2
830	14	0	0	900	0	14	-1	-2	2
831	14	0	0	900	0	14	-1	-2	2
832	14	0	0	900	0	14	-1	-2	2
833	14	0	0	900	0	14	-1	-2	2
834	14	0	0	900	0	14	-1	-2	2
835	14	0	0	900	0	14	-1	-2	2
836	14	0	0	900	0	14	-1	-2	2
837	14	0	0	900	0	14	-1	-2	2
838	14	0	0	900	0	14	-1	-2	2
839	14	0	0	900	0	14	-1	-2	2
840	14	0	0	900	0	14	-1	-2	2
841	14	0	0	900	0	14	-1	-2	2
842	14	0	0	900	0	14	-1	-2	2
843	14	0	0	900	0	14	-1	-2	2
844	14	0	0	900	0	14	-1	-2	2
845	14	0	0	900	0	14	-1	-2	2
846	14	0	0	900	0	14	-1	-2	2
847	14	0	0	900	0	14	-1	-2	2
848	14	0	0	900	0	14	-1	-2	2
849	14	0	0	900	0	14	-1	-2	2
850	14	0	0	900	0	14	-1	-2	2
851	14	0	0	900	0	14	-1	-2	2
852	14	0	0	900	0	14	-1	-2	2
853	14	0	0	900	0	14	-1	-2	2
854	14	0	0	900	0	14	-1	-2	2
855	14	0	0	900	0	14	-1	-2	2
856	14	0	0	900	0	14	-1	-2	2
857	14	0	0	900	0	14	-1	-2	2
858	14	0	0	900	0	14	-1	-2	2
859	14	0	0	900	0	14	-1	-2	2
860	14	0	0	900	0	14	-1	-2	2
861	14	0	0	900	0	14	-1	-2	2
862	14	0	0	900	0	14	-1	-2	2
863	14	0	0	900	0	14	-1	-2	2
864	14	0	0	900	0	14	-1	-2	2
865	14	0	0	900	0	14	-1	-2	2
866	14	0	0	900	0	14	-1	-2	2
867	14	0	0	900	0	14	-1	-2	2
868	14	0	0	900	0	14	-1	-2	2
869	14	0	0	900	0	14	-1	-2	2
870	14	0	0	900	0	14	-1	-2	2
871	14	0	0	900	0	14	-1	-2	2
872	14	0	0	900	0	14	-1	-2	2
873	14	0	0	900	0	14	-1	-2	2
874	14	0	0	900	0	14	-1	-2	2
875	14	0	0	900	0	14	-1	-2	2
876	14	0	0	900	0	14	-1	-2	2
877	14	0	0	900	0	14	-1	-2	2
878	14	0	0	900	0	14	-1	-2	2
879	14	0	0	900	0	14	-1	-2	2
880	14	0	0	900	0	14	-1	-2	2
881	14	0	0	900	0	14	-1	-2	2
882	14	0	0	900	0	14	-1	-2	2
883	14	0	0	900	0	14	-1	-2	2
884	14	0	0	900	0	14	-1	-2	2
885	14	0	0	900	0	14	-1	-2	2
886	14	0	0	900	0	14	-1	-2	2
887	14	0	0	900	0	14	-1	-2	2
888	14	0	0	900	0	14	-1	-2	2
889	14	0	0	900	0	14	-1	-2	2
890	14	0	0	900	0	14	-1	-2	2
891	14	0	0	900	0	14	-1	-2	2
892	14	0	0	900	0	14	-1	-2	2
893	14	0	0	900	0	14	-1	-2	2
894	14	0	0	900	0	14	-1	-2	2
895	14	0	0	900	0	14	-1	-2	2
896	14	0	0	900	0	14	-1	-2	2
897	14	0	0	900	0	14	-1	-2	2
898	14	0	0	900	0	14	-1	-2	2
899	14	0	0	900	0	14	-1	-2	2
900	14	0	0	900	0	14	-1	-2	2
901	14	0	0	900	0	14	-1	-2	2
902	14	0	0	900	0	14	-1	-2	2
903	14	0	0	900	0	14	-1	-2	2
904	14	0	0	900	0	14	-1	-2	2
905	14	0	0	900	0	14	-1	-2	2
906	14	0	0	900	0	14	-1	-2	2
907	14	0	0	900	0	14	-1	-2	2
908	14	0	0	900	0	14	-1	-2	2
909	14	0	0	900	0	14	-1	-2	2
910	14	0	0	900	0	14	-1	-2	2
911	14	0	0	900	0	14	-1	-2	2
912	14	1	1	900	912	14	14	-2	2
913	14	1	1	900	912	14	14	-2	2
914	14	1	1	900	912	14	14	-2	2
915	14	1	1	900	912	14	14	-2	2
916	14	1	1	900	912	14	14	-2	2
917	14	1	1	900	912	14	14	-2	2
918	14	1	1	900	912	14	14	-2	2
919	14	1	1	900	912	14	14	-2	2
920	14	1	1	900	912	14	14	-2	2
921	14	1	1	900	912	14	14	-2	2
922	14	1	1	900	912	14	14	-2	2
923	14	1	1	900	912	14	14	-2	2
924	14	1	1	900	912	14	14	-2	2
925	14	1	1	900	912	14	14	-2	2
926	14	1	1	900	912	14	14	-2	2
927	14	1	1	900	912	14	14	-2	2
928	14	1	1	900	912	14	14	-2	2
929	14	1	1	900	912	14	14	-2	2
930	14	1	1	900	912	14	14	-2	2
931	14	1	1	900	912	14	14	-2	2
932	14	1	1	900	912	14	14	-2	2
933	14	1	1	900	912	14	14	-2	2
934	14	1	1	900	912	14	14	-2	2
935	14	1	1	900	912	14	14	-2	2
936	14	1	1	900	912	14	14	-2	2
937	14	1	1	900	912	14	14	-2	2
938	14	1	1	900	912	14	14	-2	2
939	14	1	1	900	912	14	14	-2	2
940	14	1	1	900	912	14	14	-2	2
941	14	1	1	900	912	14	14	-2	2
942	14	1	1	900	912	14	14	-2	2
943	14	1	1	900	912	14	14	-2	2
944	14	1	1	900	912	14	14	-2	2
945	14	1	1	900	912	14	14	-2	2
946	14	1	1	900	912	14	14	-2	2
947	14	1	1	900	912	14	14	-2	2
948	14	1	1	900	912	14	14	-2	2
949	14	1	1	900	912	14	14	-2	2
950	14	1	1	900	912	14	14	-2	2
951	14	1	1	900	912	14	14	-2	2
952	14	1	1	900	912	14	14	-2	2
953	14	1	1	900	912	14	14	-2	2
954	14	1	1	900	912	14	14	-2	2
955	14	1	1	900	912	14	14	-2	2
956	14	1	1	900	912	14	14	-2	2
957	14	1	1	900	912	14	14	-2	2
958	14	1	1	900	912	14	14	-2	2
959	14	1	1	900	912	14	14	-2	2
960	14	1	1	900	912	14	14	-2	2
961	14	1	1	900	912	14	14	-2	2
962	14	1	1	900	912	14	14	-2	2
963	14	1	1	900	912	14	14	-2	2
964	14	1	1	900	912	14	14	-2	2
965	14	1	1	900	912	14	14	-2	2
966	14	1	1	900	912	14	14	-2	2
967	14	1	1	900	912	14	14	-2	2
968	14	1	1	900	912	14	14	-2	2
969	14	1	1	900	912	14	14	-2	2
970	14	1	1	900	912	14	14	-2	2
971	14	1	1	900	912	14	14	-2	2
972	14	1	1	900	912	14	14	-2	2
973	14	1	1	900	912	14	14	-2	2
974	14	1	1	900	912	14	14	-2	2
975	14	1	1	900	912	14	14	-2	2
976	14	1	1	900	912	14	14	-2	2
