1	11	0	0	600	0	11	-1	-5	-4
2	11	0	0	600	0	11	-1	-5	-4
3	11	0	0	600	0	11	-1	-5	-4
4	11	0	0	600	0	11	-1	-5	-4
5	11	0	0	600	0	11	-1	-5	-4
6	11	0	0	600	0	11	-1	-5	-4
7	11	0	0	600	0	11	-1	-5	-4
8	11	0	0	600	0	11	-1	-5	-4
9	11	0	0	600	0	11	-1	-5	-4
10	11	0	0	600	0	11	-1	-5	-4
11	11	0	0	600	0	11	-1	-5	-4
12	11	0	0	600	0	11	-1	-5	-4
13	11	0	0	600	0	11	-1	-5	-4
14	11	0	0	600	0	11	-1	-5	-4
15	11	0	0	600	0	11	-1	-5	-4
16	11	0	0	600	0	11	-1	-5	-4
17	11	0	0	600	0	11	-1	-5	-4
18	11	0	0	600	0	11	-1	-5	-4
19	11	0	0	600	0	11	-1	-5	-4
20	11	0	0	600	0	11	-1	-5	-4
21	11	0	0	600	0	11	-1	-5	-4
22	11	0	0	600	0	11	-1	-5	-4
23	11	0	0	600	0	11	-1	-5	-4
24	11	0	0	600	0	11	-1	-5	-4
25	11	0	0	600	0	11	-1	-5	-4
26	11	0	0	600	0	11	-1	-5	-4
27	11	0	0	600	0	11	-1	-5	-4
28	11	0	0	600	0	11	-1	-5	-4
29	11	0	0	600	0	11	-1	-5	-4
30	11	0	0	600	0	11	-1	-5	-4
31	11	0	0	600	0	11	-1	-5	-4
32	11	0	0	600	0	11	-1	-5	-4
33	11	0	0	600	0	11	-1	-5	-4
34	11	0	0	600	0	11	-1	-5	-4
35	11	0	0	600	0	11	-1	-5	-4
36	11	0	0	600	0	11	-1	-5	-4
37	11	0	0	600	0	11	-1	-5	-4
38	11	0	0	600	0	11	-1	-5	-4
39	11	0	0	600	0	11	-1	-5	-4
40	11	0	0	600	0	11	-1	-5	-4
41	11	0	0	600	0	11	-1	-5	-4
42	11	0	0	600	0	11	-1	-5	-4
43	11	0	0	600	0	11	-1	-5	-4
44	11	0	0	600	0	11	-1	-5	-4
45	11	0	0	600	0	11	-1	-5	-4
46	11	0	0	600	0	11	-1	-5	-4
47	11	0	0	600	0	11	-1	-5	-4
48	11	0	0	600	0	11	-1	-5	-4
49	11	0	0	600	0	11	-1	-5	-4
50	11	0	0	600	0	11	-1	-5	-4
51	11	0	0	600	0	11	-1	-5	-4
52	11	0	0	600	0	11	-1	-5	-4
53	11	0	0	600	0	11	-1	-5	-4
54	11	0	0	600	0	11	-1	-5	-4
55	11	0	0	600	0	11	-1	-5	-4
56	11	0	0	600	0	11	-1	-5	-4
57	11	0	0	600	0	11	-1	-5	-4
58	11	0	0	600	0	11	-1	-5	-4
59	11	0	0	600	0	11	-1	-5	-4
60	11	0	0	600	0	11	-1	-5	-4
61	11	0	0	600	0	11	-1	-5	-4
62	11	0	0	600	0	11	-1	-5	-4
63	11	0	0	600	0	11	-1	-5	-4
64	11	0	0	600	0	11	-1	-5	-4
65	11	0	0	600	0	11	-1	-5	-4
66	11	0	0	600	0	11	-1	-5	-4
67	11	0	0	600	0	11	-1	-5	-4
68	11	0	0	600	0	11	-1	-5	-4
69	11	0	0	600	0	11	-1	-5	-4
70	11	0	0	600	0	11	-1	-5	-4
71	11	0	0	600	0	11	-1	-5	-4
72	11	0	0	600	0	11	-1	-5	-4
73	11	0	0	600	0	11	-1	-5	-4
74	11	0	0	600	0	11	-1	-5	-4
75	11	0	0	600	0	11	-1	-5	-4
76	11	0	0	600	0	11	-1	-5	-4
77	11	0	0	600	0	11	-1	-5	-4
78	11	0	0	600	0	11	-1	-5	-4
79	11	0	0	600	0	11	-1	-5	-4
80	11	0	0	600	0	11	-1	-5	-4
81	11	0	0	600	0	11	-1	-5	-4
82	11	0	0	600	0	11	-1	-5	-4
83	11	0	0	600	0	11	-1	-5	-4
84	11	0	0	600	0	11	-1	-5	-4
85	11	0	0	600	0	11	-1	-5	-4
86	11	0	0	600	0	11	-1	-5	-4
87	11	0	0	600	0	11	-1	-5	-4
88	11	0	0	600	0	11	-1	-5	-4
89	11	0	0	600	0	11	-1	-5	-4
90	11	0	0	600	0	11	-1	-5	-4
91	11	0	0	600	0	11	-1	-5	-4
92	11	0	0	600	0	11	-1	-5	-4
93	11	0	0	600	0	11	-1	-5	-4
94	11	0	0	600	0	11	-1	-5	-4
95	11	0	0	600	0	11	-1	-5	-4
96	11	0	0	600	0	11	-1	-5	-4
97	11	0	0	600	0	11	-1	-5	-4
98	11	0	0	600	0	11	-1	-5	-4
99	11	0	0	600	0	11	-1	-5	-4
100	11	0	0	600	0	11	-1	-5	-4
101	11	0	0	600	0	11	-1	-5	-4
102	11	0	0	600	0	11	-1	-5	-4
103	11	0	0	600	0	11	-1	-5	-4
104	11	0	0	600	0	11	-1	-5	-4
105	11	0	0	600	0	11	-1	-5	-4
106	11	0	0	600	0	11	-1	-5	-4
107	11	0	0	600	0	11	-1	-5	-4
108	11	0	0	600	0	11	-1	-5	-4
109	11	0	0	600	0	11	-1	-5	-4
110	11	0	0	600	0	11	-1	-5	-4
111	11	0	0	600	0	11	-1	-5	-4
112	11	0	0	600	0	11	-1	-5	-4
113	11	0	0	600	0	11	-1	-5	-4
114	11	0	0	600	0	11	-1	-5	-4
115	11	0	0	600	0	11	-1	-5	-4
116	11	0	0	600	0	11	-1	-5	-4
117	11	0	0	600	0	11	-1	-5	-4
118	11	0	0	600	0	11	-1	-5	-4
119	11	0	0	600	0	11	-1	-5	-4
120	11	0	0	600	0	11	-1	-5	-4
121	11	0	0	600	0	11	-1	-5	-4
122	11	0	0	600	0	11	-1	-5	-4
123	11	0	0	600	0	11	-1	-5	-4
124	11	0	0	600	0	11	-1	-5	-4
125	11	0	0	600	0	11	-1	-5	-4
126	11	0	0	600	0	11	-1	-5	-4
127	11	0	0	600	0	11	-1	-5	-4
128	11	0	0	600	0	11	-1	-5	-4
129	11	0	0	600	0	11	-1	-5	-4
130	11	0	0	600	0	11	-1	-5	-4
131	11	0	0	600	0	11	-1	-5	-4
132	11	0	0	600	0	11	-1	-5	-4
133	11	0	0	600	0	11	-1	-5	-4
134	11	0	0	600	0	11	-1	-5	-4
135	11	0	0	600	0	11	-1	-5	-4
136	11	0	0	600	0	11	-1	-5	-4
137	11	0	0	600	0	11	-1	-5	-4
138	11	0	0	600	0	11	-1	-5	-4
139	11	0	0	600	0	11	-1	-5	-4
140	11	0	0	600	0	11	-1	-5	-4
141	11	0	0	600	0	11	-1	-5	-4
142	11	0	0	600	0	11	-1	-5	-4
143	11	0	0	600	0	11	-1	-5	-4
144	11	0	0	600	0	11	-1	-5	-4
145	11	0	0	600	0	11	-1	-5	-4
146	11	0	0	600	0	11	-1	-5	-4
147	11	0	0	600	0	11	-1	-5	-4
148	11	0	0	600	0	11	-1	-5	-4
149	11	0	0	600	0	11	-1	-5	-4
150	11	0	0	600	0	11	-1	-5	-4
151	11	0	0	600	0	11	-1	-5	-4
152	11	0	0	600	0	11	-1	-5	-4
153	11	0	0	600	0	11	-1	-5	-4
154	11	0	0	600	0	11	-1	-5	-4
155	11	0	0	600	0	11	-1	-5	-4
156	11	0	0	600	0	11	-1	-5	-4
157	11	0	0	600	0	11	-1	-5	-4
158	11	0	0	600	0	11	-1	-5	-4
159	11	0	0	600	0	11	-1	-5	-4
160	11	0	0	600	0	11	-1	-5	-4
161	11	0	0	600	0	11	-1	-5	-4
162	11	0	0	600	0	11	-1	-5	-4
163	11	0	0	600	0	11	-1	-5	-4
164	11	0	0	600	0	11	-1	-5	-4
165	11	0	0	600	0	11	-1	-5	-4
166	11	0	0	600	0	11	-1	-5	-4
167	11	0	0	600	0	11	-1	-5	-4
168	11	0	0	600	0	11	-1	-5	-4
169	11	0	0	600	0	11	-1	-5	-4
170	11	0	0	600	0	11	-1	-5	-4
171	11	0	0	600	0	11	-1	-5	-4
172	11	0	0	600	0	11	-1	-5	-4
173	11	0	0	600	0	11	-1	-5	-4
174	11	0	0	600	0	11	-1	-5	-4
175	11	0	0	600	0	11	-1	-5	-4
176	11	0	0	600	0	11	-1	-5	-4
177	11	0	0	600	0	11	-1	-5	-4
178	11	0	0	600	0	11	-1	-5	-4
179	11	0	0	600	0	11	-1	-5	-4
180	11	0	0	600	0	11	-1	-5	-4
181	11	0	0	600	0	11	-1	-5	-4
182	11	0	0	600	0	11	-1	-5	-4
183	11	0	0	600	0	11	-1	-5	-4
184	11	0	0	600	0	11	-1	-5	-4
185	11	0	0	600	0	11	-1	-5	-4
186	11	0	0	600	0	11	-1	-5	-4
187	11	0	0	600	0	11	-1	-5	-4
188	11	0	0	600	0	11	-1	-5	-4
189	11	0	0	600	0	11	-1	-5	-4
190	11	0	0	600	0	11	-1	-5	-4
191	11	0	0	600	0	11	-1	-5	-4
192	11	0	0	600	0	11	-1	-5	-4
193	11	0	0	600	0	11	-1	-5	-4
194	11	0	0	600	0	11	-1	-5	-4
195	11	0	0	600	0	11	-1	-5	-4
196	11	0	0	600	0	11	-1	-5	-4
197	11	0	0	600	0	11	-1	-5	-4
198	11	0	0	600	0	11	-1	-5	-4
199	11	0	0	600	0	11	-1	-5	-4
200	11	0	0	600	0	11	-1	-5	-4
201	11	0	0	600	0	11	-1	-5	-4
202	11	0	0	600	0	11	-1	-5	-4
203	11	0	0	600	0	11	-1	-5	-4
204	11	0	0	600	0	11	-1	-5	-4
205	11	0	0	600	0	11	-1	-5	-4
206	11	0	0	600	0	11	-1	-5	-4
207	11	0	0	600	0	11	-1	-5	-4
208	11	0	0	600	0	11	-1	-5	-4
209	11	0	0	600	0	11	-1	-5	-4
210	11	0	0	600	0	11	-1	-5	-4
211	11	0	0	600	0	11	-1	-5	-4
212	11	0	0	600	0	11	-1	-5	-4
213	11	0	0	600	0	11	-1	-5	-4
214	11	0	0	600	0	11	-1	-5	-4
215	11	0	0	600	0	11	-1	-5	-4
216	11	0	0	600	0	11	-1	-5	-4
217	11	0	0	600	0	11	-1	-5	-4
218	11	0	0	600	0	11	-1	-5	-4
219	11	0	0	600	0	11	-1	-5	-4
220	11	0	0	600	0	11	-1	-5	-4
221	11	0	0	600	0	11	-1	-5	-4
222	11	0	0	600	0	11	-1	-5	-4
223	11	0	0	600	0	11	-1	-5	-4
224	11	0	0	600	0	11	-1	-5	-4
225	11	0	0	600	0	11	-1	-5	-4
226	11	0	0	600	0	11	-1	-5	-4
227	11	0	0	600	0	11	-1	-5	-4
228	11	0	0	600	0	11	-1	-5	-4
229	11	0	0	600	0	11	-1	-5	-4
230	11	0	0	600	0	11	-1	-5	-4
231	11	0	0	600	0	11	-1	-5	-4
232	11	0	0	600	0	11	-1	-5	-4
233	11	0	0	600	0	11	-1	-5	-4
234	11	0	0	600	0	11	-1	-5	-4
235	11	0	0	600	0	11	-1	-5	-4
236	11	0	0	600	0	11	-1	-5	-4
237	11	0	0	600	0	11	-1	-5	-4
238	11	0	0	600	0	11	-1	-5	-4
239	11	0	0	600	0	11	-1	-5	-4
240	11	0	0	600	0	11	-1	-5	-4
241	11	0	0	600	0	11	-1	-5	-4
242	11	0	0	600	0	11	-1	-5	-4
243	11	0	0	600	0	11	-1	-5	-4
244	11	0	0	600	0	11	-1	-5	-4
245	11	0	0	600	0	11	-1	-5	-4
246	11	0	0	600	0	11	-1	-5	-4
247	11	0	0	600	0	11	-1	-5	-4
248	11	0	0	600	0	11	-1	-5	-4
249	11	0	0	600	0	11	-1	-5	-4
250	11	0	0	600	0	11	-1	-5	-4
251	11	0	0	600	0	11	-1	-5	-4
252	11	0	0	600	0	11	-1	-5	-4
253	11	0	0	600	0	11	-1	-5	-4
254	11	0	0	600	0	11	-1	-5	-4
255	11	0	0	600	0	11	-1	-5	-4
256	11	0	0	600	0	11	-1	-5	-4
257	11	0	0	600	0	11	-1	-5	-4
258	11	0	0	600	0	11	-1	-5	-4
259	11	0	0	600	0	11	-1	-5	-4
260	11	0	0	600	0	11	-1	-5	-4
261	11	0	0	600	0	11	-1	-5	-4
262	11	0	0	600	0	11	-1	-5	-4
263	11	0	0	600	0	11	-1	-5	-4
264	11	0	0	600	0	11	-1	-5	-4
265	11	0	0	600	0	11	-1	-5	-4
266	11	0	0	600	0	11	-1	-5	-4
267	11	0	0	600	0	11	-1	-5	-4
268	11	0	0	600	0	11	-1	-5	-4
269	11	0	0	600	0	11	-1	-5	-4
270	11	0	0	600	0	11	-1	-5	-4
271	11	0	0	600	0	11	-1	-5	-4
272	11	0	0	600	0	11	-1	-5	-4
273	11	0	0	600	0	11	-1	-5	-4
274	11	0	0	600	0	11	-1	-5	-4
275	11	0	0	600	0	11	-1	-5	-4
276	11	0	0	600	0	11	-1	-5	-4
277	11	0	0	600	0	11	-1	-5	-4
278	11	0	0	600	0	11	-1	-5	-4
279	11	0	0	600	0	11	-1	-5	-4
280	11	0	0	600	0	11	-1	-5	-4
281	11	0	0	600	0	11	-1	-5	-4
282	11	0	0	600	0	11	-1	-5	-4
283	11	0	0	600	0	11	-1	-5	-4
284	11	0	0	600	0	11	-1	-5	-4
285	11	0	0	600	0	11	-1	-5	-4
286	11	0	0	600	0	11	-1	-5	-4
287	11	0	0	600	0	11	-1	-5	-4
288	11	0	0	600	0	11	-1	-5	-4
289	11	0	0	600	0	11	-1	-5	-4
290	11	0	0	600	0	11	-1	-5	-4
291	11	0	0	600	0	11	-1	-5	-4
292	11	0	0	600	0	11	-1	-5	-4
293	11	0	0	600	0	11	-1	-5	-4
294	11	0	0	600	0	11	-1	-5	-4
295	11	0	0	600	0	11	-1	-5	-4
296	11	0	0	600	0	11	-1	-5	-4
297	11	0	0	600	0	11	-1	-5	-4
298	11	0	0	600	0	11	-1	-5	-4
299	11	0	0	600	0	11	-1	-5	-4
300	11	0	0	600	0	11	-1	-5	-4
301	11	0	0	600	0	11	-1	-5	-4
302	11	0	0	600	0	11	-1	-5	-4
303	11	0	0	600	0	11	-1	-5	-4
304	11	0	0	600	0	11	-1	-5	-4
305	11	0	0	600	0	11	-1	-5	-4
306	11	0	0	600	0	11	-1	-5	-4
307	11	0	0	600	0	11	-1	-5	-4
308	11	0	0	600	0	11	-1	-5	-4
309	11	0	0	600	0	11	-1	-5	-4
310	11	0	0	600	0	11	-1	-5	-4
311	11	0	0	600	0	11	-1	-5	-4
312	11	0	0	600	0	11	-1	-5	-4
313	11	0	0	600	0	11	-1	-5	-4
314	11	0	0	600	0	11	-1	-5	-4
315	11	0	0	600	0	11	-1	-5	-4
316	11	0	0	600	0	11	-1	-5	-4
317	11	0	0	600	0	11	-1	-5	-4
318	11	0	0	600	0	11	-1	-5	-4
319	11	0	0	600	0	11	-1	-5	-4
320	11	0	0	600	0	11	-1	-5	-4
321	11	0	0	600	0	11	-1	-5	-4
322	11	0	0	600	0	11	-1	-5	-4
323	11	0	0	600	0	11	-1	-5	-4
324	11	0	0	600	0	11	-1	-5	-4
325	11	0	0	600	0	11	-1	-5	-4
326	11	0	0	600	0	11	-1	-5	-4
327	11	0	0	600	0	11	-1	-5	-4
328	11	0	0	600	0	11	-1	-5	-4
329	11	0	0	600	0	11	-1	-5	-4
330	11	0	0	600	0	11	-1	-5	-4
331	11	0	0	600	0	11	-1	-5	-4
332	11	0	0	600	0	11	-1	-5	-4
333	11	0	0	600	0	11	-1	-5	-4
334	11	0	0	600	0	11	-1	-5	-4
335	11	0	0	600	0	11	-1	-5	-4
336	11	0	0	600	0	11	-1	-5	-4
337	11	0	0	600	0	11	-1	-5	-4
338	11	0	0	600	0	11	-1	-5	-4
339	11	0	0	600	0	11	-1	-5	-4
340	11	0	0	600	0	11	-1	-5	-4
341	11	0	0	600	0	11	-1	-5	-4
342	11	0	0	600	0	11	-1	-5	-4
343	11	0	0	600	0	11	-1	-5	-4
344	11	0	0	600	0	11	-1	-5	-4
345	11	0	0	600	0	11	-1	-5	-4
346	11	0	0	600	0	11	-1	-5	-4
347	11	0	0	600	0	11	-1	-5	-4
348	11	0	0	600	0	11	-1	-5	-4
349	11	0	0	600	0	11	-1	-5	-4
350	11	0	0	600	0	11	-1	-5	-4
351	11	0	0	600	0	11	-1	-5	-4
352	11	0	0	600	0	11	-1	-5	-4
353	11	0	0	600	0	11	-1	-5	-4
354	11	0	0	600	0	11	-1	-5	-4
355	11	0	0	600	0	11	-1	-5	-4
356	11	0	0	600	0	11	-1	-5	-4
357	11	0	0	600	0	11	-1	-5	-4
358	11	0	0	600	0	11	-1	-5	-4
359	11	0	0	600	0	11	-1	-5	-4
360	11	0	0	600	0	11	-1	-5	-4
361	11	0	0	600	0	11	-1	-5	-4
362	11	0	0	600	0	11	-1	-5	-4
363	11	0	0	600	0	11	-1	-5	-4
364	11	0	0	600	0	11	-1	-5	-4
365	11	0	0	600	0	11	-1	-5	-4
366	11	0	0	600	0	11	-1	-5	-4
367	11	0	0	600	0	11	-1	-5	-4
368	11	0	0	600	0	11	-1	-5	-4
369	11	0	0	600	0	11	-1	-5	-4
370	11	0	0	600	0	11	-1	-5	-4
371	11	0	0	600	0	11	-1	-5	-4
372	11	0	0	600	0	11	-1	-5	-4
373	11	0	0	600	0	11	-1	-5	-4
374	11	0	0	600	0	11	-1	-5	-4
375	11	0	0	600	0	11	-1	-5	-4
376	11	0	0	600	0	11	-1	-5	-4
377	11	0	0	600	0	11	-1	-5	-4
378	11	0	0	600	0	11	-1	-5	-4
379	11	0	0	600	0	11	-1	-5	-4
380	11	0	0	600	0	11	-1	-5	-4
381	11	0	0	600	0	11	-1	-5	-4
382	11	0	0	600	0	11	-1	-5	-4
383	11	0	0	600	0	11	-1	-5	-4
384	11	0	0	600	0	11	-1	-5	-4
385	11	0	0	600	0	11	-1	-5	-4
386	11	0	0	600	0	11	-1	-5	-4
387	11	0	0	600	0	11	-1	-5	-4
388	11	0	0	600	0	11	-1	-5	-4
389	11	0	0	600	0	11	-1	-5	-4
390	11	0	0	600	0	11	-1	-5	-4
391	11	0	0	600	0	11	-1	-5	-4
392	11	0	0	600	0	11	-1	-5	-4
393	11	0	0	600	0	11	-1	-5	-4
394	11	0	0	600	0	11	-1	-5	-4
395	11	0	0	600	0	11	-1	-5	-4
396	11	0	0	600	0	11	-1	-5	-4
397	11	0	0	600	0	11	-1	-5	-4
398	11	0	0	600	0	11	-1	-5	-4
399	11	0	0	600	0	11	-1	-5	-4
400	11	0	0	600	0	11	-1	-5	-4
401	11	0	0	600	0	11	-1	-5	-4
402	11	0	0	600	0	11	-1	-5	-4
403	11	0	0	600	0	11	-1	-5	-4
404	11	0	0	600	0	11	-1	-5	-4
405	11	0	0	600	0	11	-1	-5	-4
406	11	0	0	600	0	11	-1	-5	-4
407	11	0	0	600	0	11	-1	-5	-4
408	11	0	0	600	0	11	-1	-5	-4
409	11	0	0	600	0	11	-1	-5	-4
410	11	0	0	600	0	11	-1	-5	-4
411	11	0	0	600	0	11	-1	-5	-4
412	11	0	0	600	0	11	-1	-5	-4
413	11	0	0	600	0	11	-1	-5	-4
414	11	0	0	600	0	11	-1	-5	-4
415	11	0	0	600	0	11	-1	-5	-4
416	11	0	0	600	0	11	-1	-5	-4
417	11	0	0	600	0	11	-1	-5	-4
418	11	0	0	600	0	11	-1	-5	-4
419	11	0	0	600	0	11	-1	-5	-4
420	11	0	0	600	0	11	-1	-5	-4
421	11	0	0	600	0	11	-1	-5	-4
422	11	0	0	600	0	11	-1	-5	-4
423	11	0	0	600	0	11	-1	-5	-4
424	11	0	0	600	0	11	-1	-5	-4
425	11	0	0	600	0	11	-1	-5	-4
426	11	0	0	600	0	11	-1	-5	-4
427	11	0	0	600	0	11	-1	-5	-4
428	11	0	0	600	0	11	-1	-5	-4
429	11	0	0	600	0	11	-1	-5	-4
430	11	0	0	600	0	11	-1	-5	-4
431	11	0	0	600	0	11	-1	-5	-4
432	11	0	0	600	0	11	-1	-5	-4
433	11	0	0	600	0	11	-1	-5	-4
434	11	0	0	600	0	11	-1	-5	-4
435	11	0	0	600	0	11	-1	-5	-4
436	11	0	0	600	0	11	-1	-5	-4
437	11	0	0	600	0	11	-1	-5	-4
438	11	0	0	600	0	11	-1	-5	-4
439	11	0	0	600	0	11	-1	-5	-4
440	11	0	0	600	0	11	-1	-5	-4
441	11	0	0	600	0	11	-1	-5	-4
442	11	0	0	600	0	11	-1	-5	-4
443	11	0	0	600	0	11	-1	-5	-4
444	11	0	0	600	0	11	-1	-5	-4
445	11	0	0	600	0	11	-1	-5	-4
446	11	0	0	600	0	11	-1	-5	-4
447	11	0	0	600	0	11	-1	-5	-4
448	11	0	0	600	0	11	-1	-5	-4
449	11	0	0	600	0	11	-1	-5	-4
450	11	0	0	600	0	11	-1	-5	-4
451	11	0	0	600	0	11	-1	-5	-4
452	11	0	0	600	0	11	-1	-5	-4
453	11	0	0	600	0	11	-1	-5	-4
454	11	0	0	600	0	11	-1	-5	-4
455	11	0	0	600	0	11	-1	-5	-4
456	11	0	0	600	0	11	-1	-5	-4
457	11	0	0	600	0	11	-1	-5	-4
458	11	0	0	600	0	11	-1	-5	-4
459	11	0	0	600	0	11	-1	-5	-4
460	11	0	0	600	0	11	-1	-5	-4
461	11	0	0	600	0	11	-1	-5	-4
462	11	0	0	600	0	11	-1	-5	-4
463	11	0	0	600	0	11	-1	-5	-4
464	11	0	0	600	0	11	-1	-5	-4
465	11	0	0	600	0	11	-1	-5	-4
466	11	0	0	600	0	11	-1	-5	-4
467	11	0	0	600	0	11	-1	-5	-4
468	11	0	0	600	0	11	-1	-5	-4
469	11	0	0	600	0	11	-1	-5	-4
470	11	0	0	600	0	11	-1	-5	-4
471	11	0	0	600	0	11	-1	-5	-4
472	11	0	0	600	0	11	-1	-5	-4
473	11	0	0	600	0	11	-1	-5	-4
474	11	0	0	600	0	11	-1	-5	-4
475	11	0	0	600	0	11	-1	-5	-4
476	11	0	0	600	0	11	-1	-5	-4
477	11	0	0	600	0	11	-1	-5	-4
478	11	0	0	600	0	11	-1	-5	-4
479	11	0	0	600	0	11	-1	-5	-4
480	11	0	0	600	0	11	-1	-5	-4
481	11	0	0	600	0	11	-1	-5	-4
482	11	0	0	600	0	11	-1	-5	-4
483	11	0	0	600	0	11	-1	-5	-4
484	11	0	0	600	0	11	-1	-5	-4
485	11	0	0	600	0	11	-1	-5	-4
486	11	0	0	600	0	11	-1	-5	-4
487	11	0	0	600	0	11	-1	-5	-4
488	11	0	0	600	0	11	-1	-5	-4
489	11	0	0	600	0	11	-1	-5	-4
490	11	0	0	600	0	11	-1	-5	-4
491	11	0	0	600	0	11	-1	-5	-4
492	11	0	0	600	0	11	-1	-5	-4
493	11	0	0	600	0	11	-1	-5	-4
494	11	0	0	600	0	11	-1	-5	-4
495	11	0	0	600	0	11	-1	-5	-4
496	11	0	0	600	0	11	-1	-5	-4
497	11	0	0	600	0	11	-1	-5	-4
498	11	0	0	600	0	11	-1	-5	-4
499	11	0	0	600	0	11	-1	-5	-4
500	11	0	0	600	0	11	-1	-5	-4
501	11	0	0	600	0	11	-1	-5	-4
502	11	0	0	600	0	11	-1	-5	-4
503	11	0	0	600	0	11	-1	-5	-4
504	11	0	0	600	0	11	-1	-5	-4
505	11	0	0	600	0	11	-1	-5	-4
506	11	0	0	600	0	11	-1	-5	-4
507	11	0	0	600	0	11	-1	-5	-4
508	11	0	0	600	0	11	-1	-5	-4
509	11	0	0	600	0	11	-1	-5	-4
510	11	0	0	600	0	11	-1	-5	-4
511	11	0	0	600	0	11	-1	-5	-4
512	11	0	0	600	0	11	-1	-5	-4
513	11	0	0	600	0	11	-1	-5	-4
514	11	0	0	600	0	11	-1	-5	-4
515	11	0	0	600	0	11	-1	-5	-4
516	11	0	0	600	0	11	-1	-5	-4
517	11	0	0	600	0	11	-1	-5	-4
518	11	0	0	600	0	11	-1	-5	-4
519	11	0	0	600	0	11	-1	-5	-4
520	11	0	0	600	0	11	-1	-5	-4
521	11	0	0	600	0	11	-1	-5	-4
522	11	0	0	600	0	11	-1	-5	-4
523	11	0	0	600	0	11	-1	-5	-4
524	11	0	0	600	0	11	-1	-5	-4
525	11	0	0	600	0	11	-1	-5	-4
526	11	0	0	600	0	11	-1	-5	-4
527	11	0	0	600	0	11	-1	-5	-4
528	11	0	0	600	0	11	-1	-5	-4
529	11	0	0	600	0	11	-1	-5	-4
530	11	0	0	600	0	11	-1	-5	-4
531	11	0	0	600	0	11	-1	-5	-4
532	11	0	0	600	0	11	-1	-5	-4
533	11	0	0	600	0	11	-1	-5	-4
534	11	0	0	600	0	11	-1	-5	-4
535	11	0	0	600	0	11	-1	-5	-4
536	11	0	0	600	0	11	-1	-5	-4
537	11	0	0	600	0	11	-1	-5	-4
538	11	0	0	600	0	11	-1	-5	-4
539	11	0	0	600	0	11	-1	-5	-4
540	11	0	0	600	0	11	-1	-5	-4
541	11	0	0	600	0	11	-1	-5	-4
542	11	0	0	600	0	11	-1	-5	-4
543	11	0	0	600	0	11	-1	-5	-4
544	11	0	0	600	0	11	-1	-5	-4
545	11	0	0	600	0	11	-1	-5	-4
546	11	0	0	600	0	11	-1	-5	-4
547	11	0	0	600	0	11	-1	-5	-4
548	11	0	0	600	0	11	-1	-5	-4
549	11	0	0	600	0	11	-1	-5	-4
550	11	0	0	600	0	11	-1	-5	-4
551	11	0	0	600	0	11	-1	-5	-4
552	11	0	0	600	0	11	-1	-5	-4
553	11	0	0	600	0	11	-1	-5	-4
554	11	0	0	600	0	11	-1	-5	-4
555	11	0	0	600	0	11	-1	-5	-4
556	11	0	0	600	0	11	-1	-5	-4
557	11	0	0	600	0	11	-1	-5	-4
558	11	0	0	600	0	11	-1	-5	-4
559	11	0	0	600	0	11	-1	-5	-4
560	11	0	0	600	0	11	-1	-5	-4
561	11	0	0	600	0	11	-1	-5	-4
562	11	0	0	600	0	11	-1	-5	-4
563	11	0	0	600	0	11	-1	-5	-4
564	11	0	0	600	0	11	-1	-5	-4
565	11	0	0	600	0	11	-1	-5	-4
566	11	0	0	600	0	11	-1	-5	-4
567	11	0	0	600	0	11	-1	-5	-4
568	11	0	0	600	0	11	-1	-5	-4
569	11	0	0	600	0	11	-1	-5	-4
570	11	0	0	600	0	11	-1	-5	-4
571	11	0	0	600	0	11	-1	-5	-4
572	11	0	0	600	0	11	-1	-5	-4
573	11	0	0	600	0	11	-1	-5	-4
574	11	0	0	600	0	11	-1	-5	-4
575	11	0	0	600	0	11	-1	-5	-4
576	11	0	0	600	0	11	-1	-5	-4
577	11	0	0	600	0	11	-1	-5	-4
578	11	0	0	600	0	11	-1	-5	-4
579	11	0	0	600	0	11	-1	-5	-4
580	11	0	0	600	0	11	-1	-5	-4
581	11	0	0	600	0	11	-1	-5	-4
582	11	0	0	600	0	11	-1	-5	-4
583	11	0	0	600	0	11	-1	-5	-4
584	11	0	0	600	0	11	-1	-5	-4
585	11	0	0	600	0	11	-1	-5	-4
586	11	0	0	600	0	11	-1	-5	-4
587	11	0	0	600	0	11	-1	-5	-4
588	11	0	0	600	0	11	-1	-5	-4
589	11	0	0	600	0	11	-1	-5	-4
590	11	0	0	600	0	11	-1	-5	-4
591	11	0	0	600	0	11	-1	-5	-4
592	11	0	0	600	0	11	-1	-5	-4
593	11	0	0	600	0	11	-1	-5	-4
594	11	0	0	600	0	11	-1	-5	-4
595	11	0	0	600	0	11	-1	-5	-4
596	11	0	0	600	0	11	-1	-5	-4
597	11	0	0	600	0	11	-1	-5	-4
598	11	0	0	600	0	11	-1	-5	-4
599	11	0	0	600	0	11	-1	-5	-4
600	11	0	0	600	0	11	-1	-5	-4
601	11	0	0	600	0	11	-1	-5	-4
602	11	0	0	600	0	11	-1	-5	-4
603	11	0	0	600	0	11	-1	-5	-4
604	11	0	0	600	0	11	-1	-5	-4
605	11	0	0	600	0	11	-1	-5	-4
606	11	0	0	600	0	11	-1	-5	-4
607	11	0	0	600	0	11	-1	-5	-4
608	11	0	0	600	0	11	-1	-5	-4
609	11	0	0	600	0	11	-1	-5	-4
610	11	0	0	600	0	11	-1	-5	-4
611	11	0	0	600	0	11	-1	-5	-4
612	11	0	0	600	0	11	-1	-5	-4
613	11	1	0	600	0	11	9	-5	-4
614	11	1	0	600	0	11	9	-5	-4
615	11	1	0	600	0	11	9	-5	-4
616	11	1	0	600	0	11	9	-5	-4
617	11	1	0	600	0	11	9	-5	-4
618	11	1	0	600	0	11	9	-5	-4
619	11	1	0	600	0	11	9	-5	-4
620	11	1	0	600	0	11	9	-5	-4
621	11	1	0	600	0	11	9	-5	-4
622	11	1	0	600	0	11	9	-5	-4
623	11	1	0	600	0	11	9	-5	-4
624	11	1	0	600	0	11	9	-5	-4
625	11	1	0	600	0	11	9	-5	-4
626	11	1	0	600	0	11	9	-5	-4
627	11	1	0	600	0	11	9	-5	-4
628	11	1	0	600	0	11	9	-5	-4
629	11	1	0	600	0	11	9	-5	-4
630	11	1	0	600	0	11	9	-5	-4
631	11	1	0	600	0	11	9	-5	-4
632	11	1	0	600	0	11	9	-5	-4
633	11	1	0	600	0	11	9	-5	-4
634	11	1	0	600	0	11	9	-5	-4
635	11	1	0	600	0	11	9	-5	-4
636	11	1	0	600	0	11	9	-5	-4
637	11	1	0	600	0	11	9	-5	-4
638	11	1	0	600	0	11	9	-5	-4
639	11	1	0	600	0	11	9	-5	-4
640	11	1	0	600	0	11	9	-5	-4
641	11	1	0	600	0	11	9	-5	-4
642	11	1	0	600	0	11	9	-5	-4
643	11	1	0	600	0	11	9	-5	-4
644	11	1	0	600	0	11	9	-5	-4
645	11	1	0	600	0	11	9	-5	-4
646	11	1	0	600	0	11	9	-5	-4
647	11	1	0	600	0	11	9	-5	-4
648	11	1	0	600	0	11	9	-5	-4
649	11	1	0	600	0	11	9	-5	-4
650	11	1	0	600	0	11	9	-5	-4
651	11	1	0	600	0	11	9	-5	-4
652	11	1	0	600	0	11	9	-5	-4
653	11	1	0	600	0	11	9	-5	-4
654	11	1	0	600	0	11	9	-5	-4
655	11	1	0	600	0	11	9	-5	-4
656	11	1	0	600	0	11	9	-5	-4
657	11	1	0	600	0	11	9	-5	-4
658	11	1	0	600	0	11	9	-5	-4
659	11	1	0	600	0	11	9	-5	-4
660	11	1	0	600	0	11	9	-5	-4
661	11	1	0	600	0	11	9	-5	-4
662	11	1	0	600	0	11	9	-5	-4
