1	8	0	0	600	0	8	-1	5	5
2	8	0	0	600	0	8	-1	5	5
3	8	0	0	600	0	8	-1	5	5
4	8	0	0	600	0	8	-1	5	5
5	8	0	0	600	0	8	-1	5	5
6	8	0	0	600	0	8	-1	5	5
7	8	0	0	600	0	8	-1	5	5
8	8	0	0	600	0	8	-1	5	5
9	8	0	0	600	0	8	-1	5	5
10	8	0	0	600	0	8	-1	5	5
11	8	0	0	600	0	8	-1	5	5
12	8	0	0	600	0	8	-1	5	5
13	8	0	0	600	0	8	-1	5	5
14	8	0	0	600	0	8	-1	5	5
15	8	0	0	600	0	8	-1	5	5
16	8	0	0	600	0	8	-1	5	5
17	8	0	0	600	0	8	-1	5	5
18	8	0	0	600	0	8	-1	5	5
19	8	0	0	600	0	8	-1	5	5
20	8	0	0	600	0	8	-1	5	5
21	8	0	0	600	0	8	-1	5	5
22	8	0	0	600	0	8	-1	5	5
23	8	0	0	600	0	8	-1	5	5
24	8	0	0	600	0	8	-1	5	5
25	8	0	0	600	0	8	-1	5	5
26	8	0	0	600	0	8	-1	5	5
27	8	0	0	600	0	8	-1	5	5
28	8	0	0	600	0	8	-1	5	5
29	8	0	0	600	0	8	-1	5	5
30	8	0	0	600	0	8	-1	5	5
31	8	0	0	600	0	8	-1	5	5
32	8	0	0	600	0	8	-1	5	5
33	8	0	0	600	0	8	-1	5	5
34	8	0	0	600	0	8	-1	5	5
35	8	0	0	600	0	8	-1	5	5
36	8	0	0	600	0	8	-1	5	5
37	8	0	0	600	0	8	-1	5	5
38	8	0	0	600	0	8	-1	5	5
39	8	0	0	600	0	8	-1	5	5
40	8	0	0	600	0	8	-1	5	5
41	8	0	0	600	0	8	-1	5	5
42	8	0	0	600	0	8	-1	5	5
43	8	0	0	600	0	8	-1	5	5
44	8	0	0	600	0	8	-1	5	5
45	8	0	0	600	0	8	-1	5	5
46	8	0	0	600	0	8	-1	5	5
47	8	0	0	600	0	8	-1	5	5
48	8	0	0	600	0	8	-1	5	5
49	8	0	0	600	0	8	-1	5	5
50	8	0	0	600	0	8	-1	5	5
51	8	0	0	600	0	8	-1	5	5
52	8	0	0	600	0	8	-1	5	5
53	8	0	0	600	0	8	-1	5	5
54	8	0	0	600	0	8	-1	5	5
55	8	0	0	600	0	8	-1	5	5
56	8	0	0	600	0	8	-1	5	5
57	8	0	0	600	0	8	-1	5	5
58	8	0	0	600	0	8	-1	5	5
59	8	0	0	600	0	8	-1	5	5
60	8	0	0	600	0	8	-1	5	5
61	8	0	0	600	0	8	-1	5	5
62	8	0	0	600	0	8	-1	5	5
63	8	0	0	600	0	8	-1	5	5
64	8	0	0	600	0	8	-1	5	5
65	8	0	0	600	0	8	-1	5	5
66	8	0	0	600	0	8	-1	5	5
67	8	0	0	600	0	8	-1	5	5
68	8	0	0	600	0	8	-1	5	5
69	8	0	0	600	0	8	-1	5	5
70	8	0	0	600	0	8	-1	5	5
71	8	0	0	600	0	8	-1	5	5
72	8	0	0	600	0	8	-1	5	5
73	8	0	0	600	0	8	-1	5	5
74	8	0	0	600	0	8	-1	5	5
75	8	0	0	600	0	8	-1	5	5
76	8	0	0	600	0	8	-1	5	5
77	8	0	0	600	0	8	-1	5	5
78	8	0	0	600	0	8	-1	5	5
79	8	0	0	600	0	8	-1	5	5
80	8	0	0	600	0	8	-1	5	5
81	8	0	0	600	0	8	-1	5	5
82	8	0	0	600	0	8	-1	5	5
83	8	0	0	600	0	8	-1	5	5
84	8	0	0	600	0	8	-1	5	5
85	8	0	0	600	0	8	-1	5	5
86	8	0	0	600	0	8	-1	5	5
87	8	0	0	600	0	8	-1	5	5
88	8	0	0	600	0	8	-1	5	5
89	8	0	0	600	0	8	-1	5	5
90	8	0	0	600	0	8	-1	5	5
91	8	0	0	600	0	8	-1	5	5
92	8	0	0	600	0	8	-1	5	5
93	8	0	0	600	0	8	-1	5	5
94	8	0	0	600	0	8	-1	5	5
95	8	0	0	600	0	8	-1	5	5
96	8	0	0	600	0	8	-1	5	5
97	8	0	0	600	0	8	-1	5	5
98	8	0	0	600	0	8	-1	5	5
99	8	0	0	600	0	8	-1	5	5
100	8	0	0	600	0	8	-1	5	5
101	8	0	0	600	0	8	-1	5	5
102	8	0	0	600	0	8	-1	5	5
103	8	0	0	600	0	8	-1	5	5
104	8	0	0	600	0	8	-1	5	5
105	8	0	0	600	0	8	-1	5	5
106	8	0	0	600	0	8	-1	5	5
107	8	0	0	600	0	8	-1	5	5
108	8	0	0	600	0	8	-1	5	5
109	8	0	0	600	0	8	-1	5	5
110	8	0	0	600	0	8	-1	5	5
111	8	0	0	600	0	8	-1	5	5
112	8	0	0	600	0	8	-1	5	5
113	8	0	0	600	0	8	-1	5	5
114	8	0	0	600	0	8	-1	5	5
115	8	0	0	600	0	8	-1	5	5
116	8	0	0	600	0	8	-1	5	5
117	8	0	0	600	0	8	-1	5	5
118	8	0	0	600	0	8	-1	5	5
119	8	0	0	600	0	8	-1	5	5
120	8	0	0	600	0	8	-1	5	5
121	8	0	0	600	0	8	-1	5	5
122	8	0	0	600	0	8	-1	5	5
123	8	0	0	600	0	8	-1	5	5
124	8	0	0	600	0	8	-1	5	5
125	8	0	0	600	0	8	-1	5	5
126	8	0	0	600	0	8	-1	5	5
127	8	0	0	600	0	8	-1	5	5
128	8	0	0	600	0	8	-1	5	5
129	8	0	0	600	0	8	-1	5	5
130	8	0	0	600	0	8	-1	5	5
131	8	0	0	600	0	8	-1	5	5
132	8	0	0	600	0	8	-1	5	5
133	8	0	0	600	0	8	-1	5	5
134	8	0	0	600	0	8	-1	5	5
135	8	0	0	600	0	8	-1	5	5
136	8	0	0	600	0	8	-1	5	5
137	8	0	0	600	0	8	-1	5	5
138	8	0	0	600	0	8	-1	5	5
139	8	0	0	600	0	8	-1	5	5
140	8	0	0	600	0	8	-1	5	5
141	8	0	0	600	0	8	-1	5	5
142	8	0	0	600	0	8	-1	5	5
143	8	0	0	600	0	8	-1	5	5
144	8	0	0	600	0	8	-1	5	5
145	8	0	0	600	0	8	-1	5	5
146	8	0	0	600	0	8	-1	5	5
147	8	0	0	600	0	8	-1	5	5
148	8	0	0	600	0	8	-1	5	5
149	8	0	0	600	0	8	-1	5	5
150	8	0	0	600	0	8	-1	5	5
151	8	0	0	600	0	8	-1	5	5
152	8	0	0	600	0	8	-1	5	5
153	8	0	0	600	0	8	-1	5	5
154	8	0	0	600	0	8	-1	5	5
155	8	0	0	600	0	8	-1	5	5
156	8	0	0	600	0	8	-1	5	5
157	8	0	0	600	0	8	-1	5	5
158	8	0	0	600	0	8	-1	5	5
159	8	0	0	600	0	8	-1	5	5
160	8	0	0	600	0	8	-1	5	5
161	8	0	0	600	0	8	-1	5	5
162	8	0	0	600	0	8	-1	5	5
163	8	0	0	600	0	8	-1	5	5
164	8	0	0	600	0	8	-1	5	5
165	8	0	0	600	0	8	-1	5	5
166	8	0	0	600	0	8	-1	5	5
167	8	0	0	600	0	8	-1	5	5
168	8	0	0	600	0	8	-1	5	5
169	8	0	0	600	0	8	-1	5	5
170	8	0	0	600	0	8	-1	5	5
171	8	0	0	600	0	8	-1	5	5
172	8	0	0	600	0	8	-1	5	5
173	8	0	0	600	0	8	-1	5	5
174	8	0	0	600	0	8	-1	5	5
175	8	0	0	600	0	8	-1	5	5
176	8	0	0	600	0	8	-1	5	5
177	8	0	0	600	0	8	-1	5	5
178	8	0	0	600	0	8	-1	5	5
179	8	0	0	600	0	8	-1	5	5
180	8	0	0	600	0	8	-1	5	5
181	8	0	0	600	0	8	-1	5	5
182	8	0	0	600	0	8	-1	5	5
183	8	0	0	600	0	8	-1	5	5
184	8	0	0	600	0	8	-1	5	5
185	8	0	0	600	0	8	-1	5	5
186	8	0	0	600	0	8	-1	5	5
187	8	0	0	600	0	8	-1	5	5
188	8	0	0	600	0	8	-1	5	5
189	8	0	0	600	0	8	-1	5	5
190	8	0	0	600	0	8	-1	5	5
191	8	0	0	600	0	8	-1	5	5
192	8	0	0	600	0	8	-1	5	5
193	8	0	0	600	0	8	-1	5	5
194	8	0	0	600	0	8	-1	5	5
195	8	0	0	600	0	8	-1	5	5
196	8	0	0	600	0	8	-1	5	5
197	8	0	0	600	0	8	-1	5	5
198	8	0	0	600	0	8	-1	5	5
199	8	0	0	600	0	8	-1	5	5
200	8	0	0	600	0	8	-1	5	5
201	8	0	0	600	0	8	-1	5	5
202	8	0	0	600	0	8	-1	5	5
203	8	0	0	600	0	8	-1	5	5
204	8	0	0	600	0	8	-1	5	5
205	8	0	0	600	0	8	-1	5	5
206	8	0	0	600	0	8	-1	5	5
207	8	0	0	600	0	8	-1	5	5
208	8	0	0	600	0	8	-1	5	5
209	8	0	0	600	0	8	-1	5	5
210	8	0	0	600	0	8	-1	5	5
211	8	0	0	600	0	8	-1	5	5
212	8	0	0	600	0	8	-1	5	5
213	8	0	0	600	0	8	-1	5	5
214	8	0	0	600	0	8	-1	5	5
215	8	0	0	600	0	8	-1	5	5
216	8	0	0	600	0	8	-1	5	5
217	8	0	0	600	0	8	-1	5	5
218	8	0	0	600	0	8	-1	5	5
219	8	0	0	600	0	8	-1	5	5
220	8	0	0	600	0	8	-1	5	5
221	8	0	0	600	0	8	-1	5	5
222	8	0	0	600	0	8	-1	5	5
223	8	0	0	600	0	8	-1	5	5
224	8	0	0	600	0	8	-1	5	5
225	8	0	0	600	0	8	-1	5	5
226	8	0	0	600	0	8	-1	5	5
227	8	0	0	600	0	8	-1	5	5
228	8	0	0	600	0	8	-1	5	5
229	8	0	0	600	0	8	-1	5	5
230	8	0	0	600	0	8	-1	5	5
231	8	0	0	600	0	8	-1	5	5
232	8	0	0	600	0	8	-1	5	5
233	8	0	0	600	0	8	-1	5	5
234	8	0	0	600	0	8	-1	5	5
235	8	0	0	600	0	8	-1	5	5
236	8	0	0	600	0	8	-1	5	5
237	8	0	0	600	0	8	-1	5	5
238	8	0	0	600	0	8	-1	5	5
239	8	0	0	600	0	8	-1	5	5
240	8	0	0	600	0	8	-1	5	5
241	8	0	0	600	0	8	-1	5	5
242	8	0	0	600	0	8	-1	5	5
243	8	0	0	600	0	8	-1	5	5
244	8	0	0	600	0	8	-1	5	5
245	8	0	0	600	0	8	-1	5	5
246	8	0	0	600	0	8	-1	5	5
247	8	0	0	600	0	8	-1	5	5
248	8	0	0	600	0	8	-1	5	5
249	8	0	0	600	0	8	-1	5	5
250	8	0	0	600	0	8	-1	5	5
251	8	0	0	600	0	8	-1	5	5
252	8	0	0	600	0	8	-1	5	5
253	8	0	0	600	0	8	-1	5	5
254	8	0	0	600	0	8	-1	5	5
255	8	0	0	600	0	8	-1	5	5
256	8	0	0	600	0	8	-1	5	5
257	8	0	0	600	0	8	-1	5	5
258	8	0	0	600	0	8	-1	5	5
259	8	0	0	600	0	8	-1	5	5
260	8	0	0	600	0	8	-1	5	5
261	8	0	0	600	0	8	-1	5	5
262	8	0	0	600	0	8	-1	5	5
263	8	0	0	600	0	8	-1	5	5
264	8	0	0	600	0	8	-1	5	5
265	8	0	0	600	0	8	-1	5	5
266	8	0	0	600	0	8	-1	5	5
267	8	0	0	600	0	8	-1	5	5
268	8	0	0	600	0	8	-1	5	5
269	8	0	0	600	0	8	-1	5	5
270	8	0	0	600	0	8	-1	5	5
271	8	0	0	600	0	8	-1	5	5
272	8	0	0	600	0	8	-1	5	5
273	8	0	0	600	0	8	-1	5	5
274	8	0	0	600	0	8	-1	5	5
275	8	0	0	600	0	8	-1	5	5
276	8	0	0	600	0	8	-1	5	5
277	8	0	0	600	0	8	-1	5	5
278	8	0	0	600	0	8	-1	5	5
279	8	0	0	600	0	8	-1	5	5
280	8	0	0	600	0	8	-1	5	5
281	8	0	0	600	0	8	-1	5	5
282	8	0	0	600	0	8	-1	5	5
283	8	0	0	600	0	8	-1	5	5
284	8	0	0	600	0	8	-1	5	5
285	8	0	0	600	0	8	-1	5	5
286	8	0	0	600	0	8	-1	5	5
287	8	0	0	600	0	8	-1	5	5
288	8	0	0	600	0	8	-1	5	5
289	8	0	0	600	0	8	-1	5	5
290	8	0	0	600	0	8	-1	5	5
291	8	0	0	600	0	8	-1	5	5
292	8	0	0	600	0	8	-1	5	5
293	8	0	0	600	0	8	-1	5	5
294	8	0	0	600	0	8	-1	5	5
295	8	0	0	600	0	8	-1	5	5
296	8	0	0	600	0	8	-1	5	5
297	8	0	0	600	0	8	-1	5	5
298	8	0	0	600	0	8	-1	5	5
299	8	0	0	600	0	8	-1	5	5
300	8	0	0	600	0	8	-1	5	5
301	8	0	0	600	0	8	-1	5	5
302	8	0	0	600	0	8	-1	5	5
303	8	0	0	600	0	8	-1	5	5
304	8	0	0	600	0	8	-1	5	5
305	8	0	0	600	0	8	-1	5	5
306	8	0	0	600	0	8	-1	5	5
307	8	0	0	600	0	8	-1	5	5
308	8	0	0	600	0	8	-1	5	5
309	8	0	0	600	0	8	-1	5	5
310	8	0	0	600	0	8	-1	5	5
311	8	0	0	600	0	8	-1	5	5
312	8	0	0	600	0	8	-1	5	5
313	8	0	0	600	0	8	-1	5	5
314	8	0	0	600	0	8	-1	5	5
315	8	0	0	600	0	8	-1	5	5
316	8	0	0	600	0	8	-1	5	5
317	8	0	0	600	0	8	-1	5	5
318	8	0	0	600	0	8	-1	5	5
319	8	0	0	600	0	8	-1	5	5
320	8	0	0	600	0	8	-1	5	5
321	8	0	0	600	0	8	-1	5	5
322	8	0	0	600	0	8	-1	5	5
323	8	0	0	600	0	8	-1	5	5
324	8	0	0	600	0	8	-1	5	5
325	8	0	0	600	0	8	-1	5	5
326	8	0	0	600	0	8	-1	5	5
327	8	0	0	600	0	8	-1	5	5
328	8	0	0	600	0	8	-1	5	5
329	8	0	0	600	0	8	-1	5	5
330	8	0	0	600	0	8	-1	5	5
331	8	0	0	600	0	8	-1	5	5
332	8	0	0	600	0	8	-1	5	5
333	8	0	0	600	0	8	-1	5	5
334	8	0	0	600	0	8	-1	5	5
335	8	0	0	600	0	8	-1	5	5
336	8	0	0	600	0	8	-1	5	5
337	8	0	0	600	0	8	-1	5	5
338	8	0	0	600	0	8	-1	5	5
339	8	0	0	600	0	8	-1	5	5
340	8	0	0	600	0	8	-1	5	5
341	8	0	0	600	0	8	-1	5	5
342	8	0	0	600	0	8	-1	5	5
343	8	0	0	600	0	8	-1	5	5
344	8	0	0	600	0	8	-1	5	5
345	8	0	0	600	0	8	-1	5	5
346	8	0	0	600	0	8	-1	5	5
347	8	0	0	600	0	8	-1	5	5
348	8	0	0	600	0	8	-1	5	5
349	8	0	0	600	0	8	-1	5	5
350	8	0	0	600	0	8	-1	5	5
351	8	0	0	600	0	8	-1	5	5
352	8	0	0	600	0	8	-1	5	5
353	8	0	0	600	0	8	-1	5	5
354	8	0	0	600	0	8	-1	5	5
355	8	0	0	600	0	8	-1	5	5
356	8	0	0	600	0	8	-1	5	5
357	8	0	0	600	0	8	-1	5	5
358	8	0	0	600	0	8	-1	5	5
359	8	0	0	600	0	8	-1	5	5
360	8	0	0	600	0	8	-1	5	5
361	8	0	0	600	0	8	-1	5	5
362	8	0	0	600	0	8	-1	5	5
363	8	0	0	600	0	8	-1	5	5
364	8	0	0	600	0	8	-1	5	5
365	8	0	0	600	0	8	-1	5	5
366	8	0	0	600	0	8	-1	5	5
367	8	0	0	600	0	8	-1	5	5
368	8	0	0	600	0	8	-1	5	5
369	8	0	0	600	0	8	-1	5	5
370	8	0	0	600	0	8	-1	5	5
371	8	0	0	600	0	8	-1	5	5
372	8	0	0	600	0	8	-1	5	5
373	8	0	0	600	0	8	-1	5	5
374	8	0	0	600	0	8	-1	5	5
375	8	0	0	600	0	8	-1	5	5
376	8	0	0	600	0	8	-1	5	5
377	8	0	0	600	0	8	-1	5	5
378	8	0	0	600	0	8	-1	5	5
379	8	0	0	600	0	8	-1	5	5
380	8	0	0	600	0	8	-1	5	5
381	8	0	0	600	0	8	-1	5	5
382	8	0	0	600	0	8	-1	5	5
383	8	0	0	600	0	8	-1	5	5
384	8	0	0	600	0	8	-1	5	5
385	8	0	0	600	0	8	-1	5	5
386	8	0	0	600	0	8	-1	5	5
387	8	0	0	600	0	8	-1	5	5
388	8	0	0	600	0	8	-1	5	5
389	8	0	0	600	0	8	-1	5	5
390	8	0	0	600	0	8	-1	5	5
391	8	0	0	600	0	8	-1	5	5
392	8	0	0	600	0	8	-1	5	5
393	8	0	0	600	0	8	-1	5	5
394	8	0	0	600	0	8	-1	5	5
395	8	0	0	600	0	8	-1	5	5
396	8	0	0	600	0	8	-1	5	5
397	8	0	0	600	0	8	-1	5	5
398	8	0	0	600	0	8	-1	5	5
399	8	0	0	600	0	8	-1	5	5
400	8	0	0	600	0	8	-1	5	5
401	8	0	0	600	0	8	-1	5	5
402	8	0	0	600	0	8	-1	5	5
403	8	0	0	600	0	8	-1	5	5
404	8	0	0	600	0	8	-1	5	5
405	8	0	0	600	0	8	-1	5	5
406	8	0	0	600	0	8	-1	5	5
407	8	0	0	600	0	8	-1	5	5
408	8	0	0	600	0	8	-1	5	5
409	8	0	0	600	0	8	-1	5	5
410	8	0	0	600	0	8	-1	5	5
411	8	0	0	600	0	8	-1	5	5
412	8	0	0	600	0	8	-1	5	5
413	8	0	0	600	0	8	-1	5	5
414	8	0	0	600	0	8	-1	5	5
415	8	0	0	600	0	8	-1	5	5
416	8	0	0	600	0	8	-1	5	5
417	8	0	0	600	0	8	-1	5	5
418	8	0	0	600	0	8	-1	5	5
419	8	0	0	600	0	8	-1	5	5
420	8	0	0	600	0	8	-1	5	5
421	8	0	0	600	0	8	-1	5	5
422	8	0	0	600	0	8	-1	5	5
423	8	0	0	600	0	8	-1	5	5
424	8	0	0	600	0	8	-1	5	5
425	8	0	0	600	0	8	-1	5	5
426	8	0	0	600	0	8	-1	5	5
427	8	0	0	600	0	8	-1	5	5
428	8	0	0	600	0	8	-1	5	5
429	8	0	0	600	0	8	-1	5	5
430	8	0	0	600	0	8	-1	5	5
431	8	0	0	600	0	8	-1	5	5
432	8	0	0	600	0	8	-1	5	5
433	8	0	0	600	0	8	-1	5	5
434	8	0	0	600	0	8	-1	5	5
435	8	0	0	600	0	8	-1	5	5
436	8	0	0	600	0	8	-1	5	5
437	8	0	0	600	0	8	-1	5	5
438	8	0	0	600	0	8	-1	5	5
439	8	0	0	600	0	8	-1	5	5
440	8	0	0	600	0	8	-1	5	5
441	8	0	0	600	0	8	-1	5	5
442	8	0	0	600	0	8	-1	5	5
443	8	0	0	600	0	8	-1	5	5
444	8	0	0	600	0	8	-1	5	5
445	8	0	0	600	0	8	-1	5	5
446	8	0	0	600	0	8	-1	5	5
447	8	0	0	600	0	8	-1	5	5
448	8	0	0	600	0	8	-1	5	5
449	8	0	0	600	0	8	-1	5	5
450	8	0	0	600	0	8	-1	5	5
451	8	0	0	600	0	8	-1	5	5
452	8	0	0	600	0	8	-1	5	5
453	8	0	0	600	0	8	-1	5	5
454	8	0	0	600	0	8	-1	5	5
455	8	0	0	600	0	8	-1	5	5
456	8	0	0	600	0	8	-1	5	5
457	8	0	0	600	0	8	-1	5	5
458	8	0	0	600	0	8	-1	5	5
459	8	0	0	600	0	8	-1	5	5
460	8	0	0	600	0	8	-1	5	5
461	8	0	0	600	0	8	-1	5	5
462	8	0	0	600	0	8	-1	5	5
463	8	0	0	600	0	8	-1	5	5
464	8	0	0	600	0	8	-1	5	5
465	8	0	0	600	0	8	-1	5	5
466	8	0	0	600	0	8	-1	5	5
467	8	0	0	600	0	8	-1	5	5
468	8	0	0	600	0	8	-1	5	5
469	8	0	0	600	0	8	-1	5	5
470	8	0	0	600	0	8	-1	5	5
471	8	0	0	600	0	8	-1	5	5
472	8	0	0	600	0	8	-1	5	5
473	8	0	0	600	0	8	-1	5	5
474	8	0	0	600	0	8	-1	5	5
475	8	0	0	600	0	8	-1	5	5
476	8	0	0	600	0	8	-1	5	5
477	8	0	0	600	0	8	-1	5	5
478	8	0	0	600	0	8	-1	5	5
479	8	0	0	600	0	8	-1	5	5
480	8	0	0	600	0	8	-1	5	5
481	8	0	0	600	0	8	-1	5	5
482	8	0	0	600	0	8	-1	5	5
483	8	0	0	600	0	8	-1	5	5
484	8	0	0	600	0	8	-1	5	5
485	8	0	0	600	0	8	-1	5	5
486	8	0	0	600	0	8	-1	5	5
487	8	0	0	600	0	8	-1	5	5
488	8	0	0	600	0	8	-1	5	5
489	8	0	0	600	0	8	-1	5	5
490	8	0	0	600	0	8	-1	5	5
491	8	0	0	600	0	8	-1	5	5
492	8	0	0	600	0	8	-1	5	5
493	8	0	0	600	0	8	-1	5	5
494	8	0	0	600	0	8	-1	5	5
495	8	0	0	600	0	8	-1	5	5
496	8	0	0	600	0	8	-1	5	5
497	8	0	0	600	0	8	-1	5	5
498	8	0	0	600	0	8	-1	5	5
499	8	0	0	600	0	8	-1	5	5
500	8	0	0	600	0	8	-1	5	5
501	8	0	0	600	0	8	-1	5	5
502	8	0	0	600	0	8	-1	5	5
503	8	0	0	600	0	8	-1	5	5
504	8	0	0	600	0	8	-1	5	5
505	8	0	0	600	0	8	-1	5	5
506	8	0	0	600	0	8	-1	5	5
507	8	0	0	600	0	8	-1	5	5
508	8	0	0	600	0	8	-1	5	5
509	8	0	0	600	0	8	-1	5	5
510	8	0	0	600	0	8	-1	5	5
511	8	0	0	600	0	8	-1	5	5
512	8	0	0	600	0	8	-1	5	5
513	8	0	0	600	0	8	-1	5	5
514	8	0	0	600	0	8	-1	5	5
515	8	0	0	600	0	8	-1	5	5
516	8	0	0	600	0	8	-1	5	5
517	8	0	0	600	0	8	-1	5	5
518	8	0	0	600	0	8	-1	5	5
519	8	0	0	600	0	8	-1	5	5
520	8	0	0	600	0	8	-1	5	5
521	8	0	0	600	0	8	-1	5	5
522	8	0	0	600	0	8	-1	5	5
523	8	0	0	600	0	8	-1	5	5
524	8	0	0	600	0	8	-1	5	5
525	8	0	0	600	0	8	-1	5	5
526	8	0	0	600	0	8	-1	5	5
527	8	0	0	600	0	8	-1	5	5
528	8	0	0	600	0	8	-1	5	5
529	8	0	0	600	0	8	-1	5	5
530	8	0	0	600	0	8	-1	5	5
531	8	0	0	600	0	8	-1	5	5
532	8	0	0	600	0	8	-1	5	5
533	8	0	0	600	0	8	-1	5	5
534	8	0	0	600	0	8	-1	5	5
535	8	0	0	600	0	8	-1	5	5
536	8	0	0	600	0	8	-1	5	5
537	8	0	0	600	0	8	-1	5	5
538	8	0	0	600	0	8	-1	5	5
539	8	0	0	600	0	8	-1	5	5
540	8	0	0	600	0	8	-1	5	5
541	8	0	0	600	0	8	-1	5	5
542	8	0	0	600	0	8	-1	5	5
543	8	0	0	600	0	8	-1	5	5
544	8	0	0	600	0	8	-1	5	5
545	8	0	0	600	0	8	-1	5	5
546	8	0	0	600	0	8	-1	5	5
547	8	0	0	600	0	8	-1	5	5
548	8	0	0	600	0	8	-1	5	5
549	8	0	0	600	0	8	-1	5	5
550	8	0	0	600	0	8	-1	5	5
551	8	0	0	600	0	8	-1	5	5
552	8	0	0	600	0	8	-1	5	5
553	8	0	0	600	0	8	-1	5	5
554	8	0	0	600	0	8	-1	5	5
555	8	0	0	600	0	8	-1	5	5
556	8	0	0	600	0	8	-1	5	5
557	8	0	0	600	0	8	-1	5	5
558	8	0	0	600	0	8	-1	5	5
559	8	0	0	600	0	8	-1	5	5
560	8	0	0	600	0	8	-1	5	5
561	8	0	0	600	0	8	-1	5	5
562	8	0	0	600	0	8	-1	5	5
563	8	0	0	600	0	8	-1	5	5
564	8	0	0	600	0	8	-1	5	5
565	8	0	0	600	0	8	-1	5	5
566	8	0	0	600	0	8	-1	5	5
567	8	0	0	600	0	8	-1	5	5
568	8	0	0	600	0	8	-1	5	5
569	8	0	0	600	0	8	-1	5	5
570	8	0	0	600	0	8	-1	5	5
571	8	0	0	600	0	8	-1	5	5
572	8	0	0	600	0	8	-1	5	5
573	8	0	0	600	0	8	-1	5	5
574	8	0	0	600	0	8	-1	5	5
575	8	0	0	600	0	8	-1	5	5
576	8	0	0	600	0	8	-1	5	5
577	8	0	0	600	0	8	-1	5	5
578	8	0	0	600	0	8	-1	5	5
579	8	0	0	600	0	8	-1	5	5
580	8	0	0	600	0	8	-1	5	5
581	8	0	0	600	0	8	-1	5	5
582	8	0	0	600	0	8	-1	5	5
583	8	0	0	600	0	8	-1	5	5
584	8	0	0	600	0	8	-1	5	5
585	8	0	0	600	0	8	-1	5	5
586	8	0	0	600	0	8	-1	5	5
587	8	0	0	600	0	8	-1	5	5
588	8	0	0	600	0	8	-1	5	5
589	8	0	0	600	0	8	-1	5	5
590	8	0	0	600	0	8	-1	5	5
591	8	0	0	600	0	8	-1	5	5
592	8	0	0	600	0	8	-1	5	5
593	8	0	0	600	0	8	-1	5	5
594	8	0	0	600	0	8	-1	5	5
595	8	0	0	600	0	8	-1	5	5
596	8	0	0	600	0	8	-1	5	5
597	8	0	0	600	0	8	-1	5	5
598	8	0	0	600	0	8	-1	5	5
599	8	0	0	600	0	8	-1	5	5
600	8	0	0	600	0	8	-1	5	5
601	8	0	0	600	0	8	-1	5	5
602	8	0	0	600	0	8	-1	5	5
603	8	0	0	600	0	8	-1	5	5
604	8	0	0	600	0	8	-1	5	5
605	8	0	0	600	0	8	-1	5	5
606	8	0	0	600	0	8	-1	5	5
607	8	0	0	600	0	8	-1	5	5
608	8	0	0	600	0	8	-1	5	5
609	8	0	0	600	0	8	-1	5	5
610	8	0	0	600	0	8	-1	5	5
611	8	0	0	600	0	8	-1	5	5
612	8	0	0	600	0	8	-1	5	5
613	8	0	0	600	0	8	-1	5	5
614	8	0	0	600	0	8	-1	5	5
615	8	0	0	600	0	8	-1	5	5
616	8	0	0	600	0	8	-1	5	5
617	8	0	0	600	0	8	-1	5	5
618	8	0	0	600	0	8	-1	5	5
619	8	0	0	600	0	8	-1	5	5
620	8	0	0	600	0	8	-1	5	5
621	8	0	0	600	0	8	-1	5	5
622	8	0	0	600	0	8	-1	5	5
623	8	0	0	600	0	8	-1	5	5
624	8	0	0	600	0	8	-1	5	5
625	8	0	0	600	0	8	-1	5	5
626	8	0	0	600	0	8	-1	5	5
627	8	0	0	600	0	8	-1	5	5
628	8	0	0	600	0	8	-1	5	5
629	8	0	0	600	0	8	-1	5	5
630	8	0	0	600	0	8	-1	5	5
631	8	0	0	600	0	8	-1	5	5
632	8	0	0	600	0	8	-1	5	5
633	8	0	0	600	0	8	-1	5	5
634	8	0	0	600	0	8	-1	5	5
635	8	0	0	600	0	8	-1	5	5
636	8	0	0	600	0	8	-1	5	5
637	8	0	0	600	0	8	-1	5	5
638	8	0	0	600	0	8	-1	5	5
639	8	0	0	600	0	8	-1	5	5
640	8	0	0	600	0	8	-1	5	5
641	8	0	0	600	0	8	-1	5	5
642	8	0	0	600	0	8	-1	5	5
643	8	0	0	600	0	8	-1	5	5
644	8	0	0	600	0	8	-1	5	5
645	8	0	0	600	0	8	-1	5	5
646	8	0	0	600	0	8	-1	5	5
647	8	0	0	600	0	8	-1	5	5
648	8	0	0	600	0	8	-1	5	5
649	8	0	0	600	0	8	-1	5	5
650	8	0	0	600	0	8	-1	5	5
651	8	0	0	600	0	8	-1	5	5
652	8	0	0	600	0	8	-1	5	5
653	8	0	0	600	0	8	-1	5	5
654	8	0	0	600	0	8	-1	5	5
655	8	0	0	600	0	8	-1	5	5
656	8	0	0	600	0	8	-1	5	5
657	8	0	0	600	0	8	-1	5	5
658	8	0	0	600	0	8	-1	5	5
659	8	0	0	600	0	8	-1	5	5
660	8	0	0	600	0	8	-1	5	5
661	8	0	0	600	0	8	-1	5	5
662	8	0	0	600	0	8	-1	5	5
663	8	0	0	600	0	8	-1	5	5
664	8	0	0	600	0	8	-1	5	5
665	8	0	0	600	0	8	-1	5	5
666	8	0	0	600	0	8	-1	5	5
667	8	0	0	600	0	8	-1	5	5
668	8	0	0	600	0	8	-1	5	5
669	8	0	0	600	0	8	-1	5	5
670	8	0	0	600	0	8	-1	5	5
671	8	0	0	600	0	8	-1	5	5
672	8	0	0	600	0	8	-1	5	5
673	8	0	0	600	0	8	-1	5	5
674	8	0	0	600	0	8	-1	5	5
675	8	0	0	600	0	8	-1	5	5
676	8	0	0	600	0	8	-1	5	5
677	8	0	0	600	0	8	-1	5	5
678	8	0	0	600	0	8	-1	5	5
679	8	0	0	600	0	8	-1	5	5
680	8	0	0	600	0	8	-1	5	5
681	8	0	0	600	0	8	-1	5	5
682	8	0	0	600	0	8	-1	5	5
683	8	0	0	600	0	8	-1	5	5
684	8	0	0	600	0	8	-1	5	5
685	8	0	0	600	0	8	-1	5	5
686	8	0	0	600	0	8	-1	5	5
687	8	0	0	600	0	8	-1	5	5
688	8	0	0	600	0	8	-1	5	5
689	8	0	0	600	0	8	-1	5	5
690	8	0	0	600	0	8	-1	5	5
691	8	0	0	600	0	8	-1	5	5
692	8	0	0	600	0	8	-1	5	5
693	8	0	0	600	0	8	-1	5	5
694	8	0	0	600	0	8	-1	5	5
695	8	0	0	600	0	8	-1	5	5
696	8	0	0	600	0	8	-1	5	5
697	8	0	0	600	0	8	-1	5	5
698	8	1	1	600	698	8	8	5	5
699	8	1	1	600	698	8	8	5	5
700	8	1	1	600	698	8	8	5	5
701	8	1	1	600	698	8	8	5	5
702	8	1	1	600	698	8	8	5	5
703	8	1	1	600	698	8	8	5	5
704	8	1	1	600	698	8	8	5	5
705	8	1	1	600	698	8	8	5	5
706	8	1	1	600	698	8	8	5	5
707	8	1	1	600	698	8	8	5	5
708	8	1	1	600	698	8	8	5	5
709	8	1	1	600	698	8	8	5	5
710	8	1	1	600	698	8	8	5	5
711	8	1	1	600	698	8	8	5	5
712	8	1	1	600	698	8	8	5	5
713	8	1	1	600	698	8	8	5	5
714	8	1	1	600	698	8	8	5	5
715	8	1	1	600	698	8	8	5	5
716	8	1	1	600	698	8	8	5	5
717	8	1	1	600	698	8	8	5	5
718	8	1	1	600	698	8	8	5	5
719	8	1	1	600	698	8	8	5	5
720	8	1	1	600	698	8	8	5	5
721	8	1	1	600	698	8	8	5	5
722	8	1	1	600	698	8	8	5	5
723	8	1	1	600	698	8	8	5	5
724	8	1	1	600	698	8	8	5	5
725	8	1	1	600	698	8	8	5	5
726	8	1	1	600	698	8	8	5	5
727	8	1	1	600	698	8	8	5	5
728	8	1	1	600	698	8	8	5	5
729	8	1	1	600	698	8	8	5	5
730	8	1	1	600	698	8	8	5	5
731	8	1	1	600	698	8	8	5	5
732	8	1	1	600	698	8	8	5	5
733	8	1	1	600	698	8	8	5	5
734	8	1	1	600	698	8	8	5	5
735	8	1	1	600	698	8	8	5	5
736	8	1	1	600	698	8	8	5	5
737	8	1	1	600	698	8	8	5	5
738	8	1	1	600	698	8	8	5	5
739	8	1	1	600	698	8	8	5	5
