1	9	0	0	600	0	9	-1	-3	-4
2	9	0	0	600	0	9	-1	-3	-4
3	9	0	0	600	0	9	-1	-3	-4
4	9	0	0	600	0	9	-1	-3	-4
5	9	0	0	600	0	9	-1	-3	-4
6	9	0	0	600	0	9	-1	-3	-4
7	9	0	0	600	0	9	-1	-3	-4
8	9	0	0	600	0	9	-1	-3	-4
9	9	0	0	600	0	9	-1	-3	-4
10	9	0	0	600	0	9	-1	-3	-4
11	9	0	0	600	0	9	-1	-3	-4
12	9	0	0	600	0	9	-1	-3	-4
13	9	0	0	600	0	9	-1	-3	-4
14	9	0	0	600	0	9	-1	-3	-4
15	9	0	0	600	0	9	-1	-3	-4
16	9	0	0	600	0	9	-1	-3	-4
17	9	0	0	600	0	9	-1	-3	-4
18	9	0	0	600	0	9	-1	-3	-4
19	9	0	0	600	0	9	-1	-3	-4
20	9	0	0	600	0	9	-1	-3	-4
21	9	0	0	600	0	9	-1	-3	-4
22	9	0	0	600	0	9	-1	-3	-4
23	9	0	0	600	0	9	-1	-3	-4
24	9	0	0	600	0	9	-1	-3	-4
25	9	0	0	600	0	9	-1	-3	-4
26	9	0	0	600	0	9	-1	-3	-4
27	9	0	0	600	0	9	-1	-3	-4
28	9	0	0	600	0	9	-1	-3	-4
29	9	0	0	600	0	9	-1	-3	-4
30	9	0	0	600	0	9	-1	-3	-4
31	9	0	0	600	0	9	-1	-3	-4
32	9	0	0	600	0	9	-1	-3	-4
33	9	0	0	600	0	9	-1	-3	-4
34	9	0	0	600	0	9	-1	-3	-4
35	9	0	0	600	0	9	-1	-3	-4
36	9	0	0	600	0	9	-1	-3	-4
37	9	0	0	600	0	9	-1	-3	-4
38	9	0	0	600	0	9	-1	-3	-4
39	9	0	0	600	0	9	-1	-3	-4
40	9	0	0	600	0	9	-1	-3	-4
41	9	0	0	600	0	9	-1	-3	-4
42	9	0	0	600	0	9	-1	-3	-4
43	9	0	0	600	0	9	-1	-3	-4
44	9	0	0	600	0	9	-1	-3	-4
45	9	0	0	600	0	9	-1	-3	-4
46	9	0	0	600	0	9	-1	-3	-4
47	9	0	0	600	0	9	-1	-3	-4
48	9	0	0	600	0	9	-1	-3	-4
49	9	0	0	600	0	9	-1	-3	-4
50	9	0	0	600	0	9	-1	-3	-4
51	9	0	0	600	0	9	-1	-3	-4
52	9	0	0	600	0	9	-1	-3	-4
53	9	0	0	600	0	9	-1	-3	-4
54	9	0	0	600	0	9	-1	-3	-4
55	9	0	0	600	0	9	-1	-3	-4
56	9	0	0	600	0	9	-1	-3	-4
57	9	0	0	600	0	9	-1	-3	-4
58	9	0	0	600	0	9	-1	-3	-4
59	9	0	0	600	0	9	-1	-3	-4
60	9	0	0	600	0	9	-1	-3	-4
61	9	0	0	600	0	9	-1	-3	-4
62	9	0	0	600	0	9	-1	-3	-4
63	9	0	0	600	0	9	-1	-3	-4
64	9	0	0	600	0	9	-1	-3	-4
65	9	0	0	600	0	9	-1	-3	-4
66	9	0	0	600	0	9	-1	-3	-4
67	9	0	0	600	0	9	-1	-3	-4
68	9	0	0	600	0	9	-1	-3	-4
69	9	0	0	600	0	9	-1	-3	-4
70	9	0	0	600	0	9	-1	-3	-4
71	9	0	0	600	0	9	-1	-3	-4
72	9	0	0	600	0	9	-1	-3	-4
73	9	0	0	600	0	9	-1	-3	-4
74	9	0	0	600	0	9	-1	-3	-4
75	9	0	0	600	0	9	-1	-3	-4
76	9	0	0	600	0	9	-1	-3	-4
77	9	0	0	600	0	9	-1	-3	-4
78	9	0	0	600	0	9	-1	-3	-4
79	9	0	0	600	0	9	-1	-3	-4
80	9	0	0	600	0	9	-1	-3	-4
81	9	0	0	600	0	9	-1	-3	-4
82	9	0	0	600	0	9	-1	-3	-4
83	9	0	0	600	0	9	-1	-3	-4
84	9	0	0	600	0	9	-1	-3	-4
85	9	0	0	600	0	9	-1	-3	-4
86	9	0	0	600	0	9	-1	-3	-4
87	9	0	0	600	0	9	-1	-3	-4
88	9	0	0	600	0	9	-1	-3	-4
89	9	0	0	600	0	9	-1	-3	-4
90	9	0	0	600	0	9	-1	-3	-4
91	9	0	0	600	0	9	-1	-3	-4
92	9	0	0	600	0	9	-1	-3	-4
93	9	0	0	600	0	9	-1	-3	-4
94	9	0	0	600	0	9	-1	-3	-4
95	9	0	0	600	0	9	-1	-3	-4
96	9	0	0	600	0	9	-1	-3	-4
97	9	0	0	600	0	9	-1	-3	-4
98	9	0	0	600	0	9	-1	-3	-4
99	9	0	0	600	0	9	-1	-3	-4
100	9	0	0	600	0	9	-1	-3	-4
101	9	0	0	600	0	9	-1	-3	-4
102	9	0	0	600	0	9	-1	-3	-4
103	9	0	0	600	0	9	-1	-3	-4
104	9	0	0	600	0	9	-1	-3	-4
105	9	0	0	600	0	9	-1	-3	-4
106	9	0	0	600	0	9	-1	-3	-4
107	9	0	0	600	0	9	-1	-3	-4
108	9	0	0	600	0	9	-1	-3	-4
109	9	0	0	600	0	9	-1	-3	-4
110	9	0	0	600	0	9	-1	-3	-4
111	9	0	0	600	0	9	-1	-3	-4
112	9	0	0	600	0	9	-1	-3	-4
113	9	0	0	600	0	9	-1	-3	-4
114	9	0	0	600	0	9	-1	-3	-4
115	9	0	0	600	0	9	-1	-3	-4
116	9	0	0	600	0	9	-1	-3	-4
117	9	0	0	600	0	9	-1	-3	-4
118	9	0	0	600	0	9	-1	-3	-4
119	9	0	0	600	0	9	-1	-3	-4
120	9	0	0	600	0	9	-1	-3	-4
121	9	0	0	600	0	9	-1	-3	-4
122	9	0	0	600	0	9	-1	-3	-4
123	9	0	0	600	0	9	-1	-3	-4
124	9	0	0	600	0	9	-1	-3	-4
125	9	0	0	600	0	9	-1	-3	-4
126	9	0	0	600	0	9	-1	-3	-4
127	9	0	0	600	0	9	-1	-3	-4
128	9	0	0	600	0	9	-1	-3	-4
129	9	0	0	600	0	9	-1	-3	-4
130	9	0	0	600	0	9	-1	-3	-4
131	9	0	0	600	0	9	-1	-3	-4
132	9	0	0	600	0	9	-1	-3	-4
133	9	0	0	600	0	9	-1	-3	-4
134	9	0	0	600	0	9	-1	-3	-4
135	9	0	0	600	0	9	-1	-3	-4
136	9	0	0	600	0	9	-1	-3	-4
137	9	0	0	600	0	9	-1	-3	-4
138	9	0	0	600	0	9	-1	-3	-4
139	9	0	0	600	0	9	-1	-3	-4
140	9	0	0	600	0	9	-1	-3	-4
141	9	0	0	600	0	9	-1	-3	-4
142	9	0	0	600	0	9	-1	-3	-4
143	9	0	0	600	0	9	-1	-3	-4
144	9	0	0	600	0	9	-1	-3	-4
145	9	0	0	600	0	9	-1	-3	-4
146	9	0	0	600	0	9	-1	-3	-4
147	9	0	0	600	0	9	-1	-3	-4
148	9	0	0	600	0	9	-1	-3	-4
149	9	0	0	600	0	9	-1	-3	-4
150	9	0	0	600	0	9	-1	-3	-4
151	9	0	0	600	0	9	-1	-3	-4
152	9	0	0	600	0	9	-1	-3	-4
153	9	0	0	600	0	9	-1	-3	-4
154	9	0	0	600	0	9	-1	-3	-4
155	9	0	0	600	0	9	-1	-3	-4
156	9	0	0	600	0	9	-1	-3	-4
157	9	0	0	600	0	9	-1	-3	-4
158	9	0	0	600	0	9	-1	-3	-4
159	9	0	0	600	0	9	-1	-3	-4
160	9	0	0	600	0	9	-1	-3	-4
161	9	0	0	600	0	9	-1	-3	-4
162	9	0	0	600	0	9	-1	-3	-4
163	9	0	0	600	0	9	-1	-3	-4
164	9	0	0	600	0	9	-1	-3	-4
165	9	0	0	600	0	9	-1	-3	-4
166	9	0	0	600	0	9	-1	-3	-4
167	9	0	0	600	0	9	-1	-3	-4
168	9	0	0	600	0	9	-1	-3	-4
169	9	0	0	600	0	9	-1	-3	-4
170	9	0	0	600	0	9	-1	-3	-4
171	9	0	0	600	0	9	-1	-3	-4
172	9	0	0	600	0	9	-1	-3	-4
173	9	0	0	600	0	9	-1	-3	-4
174	9	0	0	600	0	9	-1	-3	-4
175	9	0	0	600	0	9	-1	-3	-4
176	9	0	0	600	0	9	-1	-3	-4
177	9	0	0	600	0	9	-1	-3	-4
178	9	0	0	600	0	9	-1	-3	-4
179	9	0	0	600	0	9	-1	-3	-4
180	9	0	0	600	0	9	-1	-3	-4
181	9	0	0	600	0	9	-1	-3	-4
182	9	0	0	600	0	9	-1	-3	-4
183	9	0	0	600	0	9	-1	-3	-4
184	9	0	0	600	0	9	-1	-3	-4
185	9	0	0	600	0	9	-1	-3	-4
186	9	0	0	600	0	9	-1	-3	-4
187	9	0	0	600	0	9	-1	-3	-4
188	9	0	0	600	0	9	-1	-3	-4
189	9	0	0	600	0	9	-1	-3	-4
190	9	0	0	600	0	9	-1	-3	-4
191	9	0	0	600	0	9	-1	-3	-4
192	9	0	0	600	0	9	-1	-3	-4
193	9	0	0	600	0	9	-1	-3	-4
194	9	0	0	600	0	9	-1	-3	-4
195	9	0	0	600	0	9	-1	-3	-4
196	9	0	0	600	0	9	-1	-3	-4
197	9	0	0	600	0	9	-1	-3	-4
198	9	0	0	600	0	9	-1	-3	-4
199	9	0	0	600	0	9	-1	-3	-4
200	9	0	0	600	0	9	-1	-3	-4
201	9	0	0	600	0	9	-1	-3	-4
202	9	0	0	600	0	9	-1	-3	-4
203	9	0	0	600	0	9	-1	-3	-4
204	9	0	0	600	0	9	-1	-3	-4
205	9	0	0	600	0	9	-1	-3	-4
206	9	0	0	600	0	9	-1	-3	-4
207	9	0	0	600	0	9	-1	-3	-4
208	9	0	0	600	0	9	-1	-3	-4
209	9	0	0	600	0	9	-1	-3	-4
210	9	0	0	600	0	9	-1	-3	-4
211	9	0	0	600	0	9	-1	-3	-4
212	9	0	0	600	0	9	-1	-3	-4
213	9	0	0	600	0	9	-1	-3	-4
214	9	0	0	600	0	9	-1	-3	-4
215	9	0	0	600	0	9	-1	-3	-4
216	9	0	0	600	0	9	-1	-3	-4
217	9	0	0	600	0	9	-1	-3	-4
218	9	0	0	600	0	9	-1	-3	-4
219	9	0	0	600	0	9	-1	-3	-4
220	9	0	0	600	0	9	-1	-3	-4
221	9	0	0	600	0	9	-1	-3	-4
222	9	0	0	600	0	9	-1	-3	-4
223	9	0	0	600	0	9	-1	-3	-4
224	9	0	0	600	0	9	-1	-3	-4
225	9	0	0	600	0	9	-1	-3	-4
226	9	0	0	600	0	9	-1	-3	-4
227	9	0	0	600	0	9	-1	-3	-4
228	9	0	0	600	0	9	-1	-3	-4
229	9	0	0	600	0	9	-1	-3	-4
230	9	0	0	600	0	9	-1	-3	-4
231	9	0	0	600	0	9	-1	-3	-4
232	9	0	0	600	0	9	-1	-3	-4
233	9	0	0	600	0	9	-1	-3	-4
234	9	0	0	600	0	9	-1	-3	-4
235	9	0	0	600	0	9	-1	-3	-4
236	9	0	0	600	0	9	-1	-3	-4
237	9	0	0	600	0	9	-1	-3	-4
238	9	0	0	600	0	9	-1	-3	-4
239	9	0	0	600	0	9	-1	-3	-4
240	9	0	0	600	0	9	-1	-3	-4
241	9	0	0	600	0	9	-1	-3	-4
242	9	0	0	600	0	9	-1	-3	-4
243	9	0	0	600	0	9	-1	-3	-4
244	9	0	0	600	0	9	-1	-3	-4
245	9	0	0	600	0	9	-1	-3	-4
246	9	0	0	600	0	9	-1	-3	-4
247	9	0	0	600	0	9	-1	-3	-4
248	9	0	0	600	0	9	-1	-3	-4
249	9	0	0	600	0	9	-1	-3	-4
250	9	0	0	600	0	9	-1	-3	-4
251	9	0	0	600	0	9	-1	-3	-4
252	9	0	0	600	0	9	-1	-3	-4
253	9	0	0	600	0	9	-1	-3	-4
254	9	0	0	600	0	9	-1	-3	-4
255	9	0	0	600	0	9	-1	-3	-4
256	9	0	0	600	0	9	-1	-3	-4
257	9	0	0	600	0	9	-1	-3	-4
258	9	0	0	600	0	9	-1	-3	-4
259	9	0	0	600	0	9	-1	-3	-4
260	9	0	0	600	0	9	-1	-3	-4
261	9	0	0	600	0	9	-1	-3	-4
262	9	0	0	600	0	9	-1	-3	-4
263	9	0	0	600	0	9	-1	-3	-4
264	9	0	0	600	0	9	-1	-3	-4
265	9	0	0	600	0	9	-1	-3	-4
266	9	0	0	600	0	9	-1	-3	-4
267	9	0	0	600	0	9	-1	-3	-4
268	9	0	0	600	0	9	-1	-3	-4
269	9	0	0	600	0	9	-1	-3	-4
270	9	0	0	600	0	9	-1	-3	-4
271	9	0	0	600	0	9	-1	-3	-4
272	9	0	0	600	0	9	-1	-3	-4
273	9	0	0	600	0	9	-1	-3	-4
274	9	0	0	600	0	9	-1	-3	-4
275	9	0	0	600	0	9	-1	-3	-4
276	9	0	0	600	0	9	-1	-3	-4
277	9	0	0	600	0	9	-1	-3	-4
278	9	0	0	600	0	9	-1	-3	-4
279	9	0	0	600	0	9	-1	-3	-4
280	9	0	0	600	0	9	-1	-3	-4
281	9	0	0	600	0	9	-1	-3	-4
282	9	0	0	600	0	9	-1	-3	-4
283	9	0	0	600	0	9	-1	-3	-4
284	9	0	0	600	0	9	-1	-3	-4
285	9	0	0	600	0	9	-1	-3	-4
286	9	0	0	600	0	9	-1	-3	-4
287	9	0	0	600	0	9	-1	-3	-4
288	9	0	0	600	0	9	-1	-3	-4
289	9	0	0	600	0	9	-1	-3	-4
290	9	0	0	600	0	9	-1	-3	-4
291	9	0	0	600	0	9	-1	-3	-4
292	9	0	0	600	0	9	-1	-3	-4
293	9	0	0	600	0	9	-1	-3	-4
294	9	0	0	600	0	9	-1	-3	-4
295	9	0	0	600	0	9	-1	-3	-4
296	9	0	0	600	0	9	-1	-3	-4
297	9	0	0	600	0	9	-1	-3	-4
298	9	0	0	600	0	9	-1	-3	-4
299	9	0	0	600	0	9	-1	-3	-4
300	9	0	0	600	0	9	-1	-3	-4
301	9	0	0	600	0	9	-1	-3	-4
302	9	0	0	600	0	9	-1	-3	-4
303	9	0	0	600	0	9	-1	-3	-4
304	9	0	0	600	0	9	-1	-3	-4
305	9	0	0	600	0	9	-1	-3	-4
306	9	0	0	600	0	9	-1	-3	-4
307	9	0	0	600	0	9	-1	-3	-4
308	9	0	0	600	0	9	-1	-3	-4
309	9	0	0	600	0	9	-1	-3	-4
310	9	0	0	600	0	9	-1	-3	-4
311	9	0	0	600	0	9	-1	-3	-4
312	9	0	0	600	0	9	-1	-3	-4
313	9	0	0	600	0	9	-1	-3	-4
314	9	0	0	600	0	9	-1	-3	-4
315	9	0	0	600	0	9	-1	-3	-4
316	9	0	0	600	0	9	-1	-3	-4
317	9	0	0	600	0	9	-1	-3	-4
318	9	0	0	600	0	9	-1	-3	-4
319	9	0	0	600	0	9	-1	-3	-4
320	9	0	0	600	0	9	-1	-3	-4
321	9	0	0	600	0	9	-1	-3	-4
322	9	0	0	600	0	9	-1	-3	-4
323	9	0	0	600	0	9	-1	-3	-4
324	9	0	0	600	0	9	-1	-3	-4
325	9	0	0	600	0	9	-1	-3	-4
326	9	0	0	600	0	9	-1	-3	-4
327	9	0	0	600	0	9	-1	-3	-4
328	9	0	0	600	0	9	-1	-3	-4
329	9	0	0	600	0	9	-1	-3	-4
330	9	0	0	600	0	9	-1	-3	-4
331	9	0	0	600	0	9	-1	-3	-4
332	9	0	0	600	0	9	-1	-3	-4
333	9	0	0	600	0	9	-1	-3	-4
334	9	0	0	600	0	9	-1	-3	-4
335	9	0	0	600	0	9	-1	-3	-4
336	9	0	0	600	0	9	-1	-3	-4
337	9	0	0	600	0	9	-1	-3	-4
338	9	0	0	600	0	9	-1	-3	-4
339	9	0	0	600	0	9	-1	-3	-4
340	9	0	0	600	0	9	-1	-3	-4
341	9	0	0	600	0	9	-1	-3	-4
342	9	0	0	600	0	9	-1	-3	-4
343	9	0	0	600	0	9	-1	-3	-4
344	9	0	0	600	0	9	-1	-3	-4
345	9	0	0	600	0	9	-1	-3	-4
346	9	0	0	600	0	9	-1	-3	-4
347	9	0	0	600	0	9	-1	-3	-4
348	9	0	0	600	0	9	-1	-3	-4
349	9	0	0	600	0	9	-1	-3	-4
350	9	0	0	600	0	9	-1	-3	-4
351	9	0	0	600	0	9	-1	-3	-4
352	9	0	0	600	0	9	-1	-3	-4
353	9	0	0	600	0	9	-1	-3	-4
354	9	0	0	600	0	9	-1	-3	-4
355	9	0	0	600	0	9	-1	-3	-4
356	9	0	0	600	0	9	-1	-3	-4
357	9	0	0	600	0	9	-1	-3	-4
358	9	0	0	600	0	9	-1	-3	-4
359	9	0	0	600	0	9	-1	-3	-4
360	9	0	0	600	0	9	-1	-3	-4
361	9	0	0	600	0	9	-1	-3	-4
362	9	0	0	600	0	9	-1	-3	-4
363	9	0	0	600	0	9	-1	-3	-4
364	9	0	0	600	0	9	-1	-3	-4
365	9	0	0	600	0	9	-1	-3	-4
366	9	0	0	600	0	9	-1	-3	-4
367	9	0	0	600	0	9	-1	-3	-4
368	9	0	0	600	0	9	-1	-3	-4
369	9	0	0	600	0	9	-1	-3	-4
370	9	0	0	600	0	9	-1	-3	-4
371	9	0	0	600	0	9	-1	-3	-4
372	9	0	0	600	0	9	-1	-3	-4
373	9	0	0	600	0	9	-1	-3	-4
374	9	0	0	600	0	9	-1	-3	-4
375	9	0	0	600	0	9	-1	-3	-4
376	9	0	0	600	0	9	-1	-3	-4
377	9	0	0	600	0	9	-1	-3	-4
378	9	0	0	600	0	9	-1	-3	-4
379	9	0	0	600	0	9	-1	-3	-4
380	9	0	0	600	0	9	-1	-3	-4
381	9	0	0	600	0	9	-1	-3	-4
382	9	0	0	600	0	9	-1	-3	-4
383	9	0	0	600	0	9	-1	-3	-4
384	9	0	0	600	0	9	-1	-3	-4
385	9	0	0	600	0	9	-1	-3	-4
386	9	0	0	600	0	9	-1	-3	-4
387	9	0	0	600	0	9	-1	-3	-4
388	9	0	0	600	0	9	-1	-3	-4
389	9	0	0	600	0	9	-1	-3	-4
390	9	0	0	600	0	9	-1	-3	-4
391	9	0	0	600	0	9	-1	-3	-4
392	9	0	0	600	0	9	-1	-3	-4
393	9	0	0	600	0	9	-1	-3	-4
394	9	0	0	600	0	9	-1	-3	-4
395	9	0	0	600	0	9	-1	-3	-4
396	9	0	0	600	0	9	-1	-3	-4
397	9	0	0	600	0	9	-1	-3	-4
398	9	0	0	600	0	9	-1	-3	-4
399	9	0	0	600	0	9	-1	-3	-4
400	9	0	0	600	0	9	-1	-3	-4
401	9	0	0	600	0	9	-1	-3	-4
402	9	0	0	600	0	9	-1	-3	-4
403	9	0	0	600	0	9	-1	-3	-4
404	9	0	0	600	0	9	-1	-3	-4
405	9	0	0	600	0	9	-1	-3	-4
406	9	0	0	600	0	9	-1	-3	-4
407	9	0	0	600	0	9	-1	-3	-4
408	9	0	0	600	0	9	-1	-3	-4
409	9	0	0	600	0	9	-1	-3	-4
410	9	0	0	600	0	9	-1	-3	-4
411	9	0	0	600	0	9	-1	-3	-4
412	9	0	0	600	0	9	-1	-3	-4
413	9	0	0	600	0	9	-1	-3	-4
414	9	0	0	600	0	9	-1	-3	-4
415	9	0	0	600	0	9	-1	-3	-4
416	9	0	0	600	0	9	-1	-3	-4
417	9	0	0	600	0	9	-1	-3	-4
418	9	0	0	600	0	9	-1	-3	-4
419	9	0	0	600	0	9	-1	-3	-4
420	9	0	0	600	0	9	-1	-3	-4
421	9	0	0	600	0	9	-1	-3	-4
422	9	0	0	600	0	9	-1	-3	-4
423	9	0	0	600	0	9	-1	-3	-4
424	9	0	0	600	0	9	-1	-3	-4
425	9	0	0	600	0	9	-1	-3	-4
426	9	0	0	600	0	9	-1	-3	-4
427	9	0	0	600	0	9	-1	-3	-4
428	9	0	0	600	0	9	-1	-3	-4
429	9	0	0	600	0	9	-1	-3	-4
430	9	0	0	600	0	9	-1	-3	-4
431	9	0	0	600	0	9	-1	-3	-4
432	9	0	0	600	0	9	-1	-3	-4
433	9	0	0	600	0	9	-1	-3	-4
434	9	0	0	600	0	9	-1	-3	-4
435	9	0	0	600	0	9	-1	-3	-4
436	9	0	0	600	0	9	-1	-3	-4
437	9	0	0	600	0	9	-1	-3	-4
438	9	0	0	600	0	9	-1	-3	-4
439	9	0	0	600	0	9	-1	-3	-4
440	9	0	0	600	0	9	-1	-3	-4
441	9	0	0	600	0	9	-1	-3	-4
442	9	0	0	600	0	9	-1	-3	-4
443	9	0	0	600	0	9	-1	-3	-4
444	9	0	0	600	0	9	-1	-3	-4
445	9	0	0	600	0	9	-1	-3	-4
446	9	0	0	600	0	9	-1	-3	-4
447	9	0	0	600	0	9	-1	-3	-4
448	9	0	0	600	0	9	-1	-3	-4
449	9	0	0	600	0	9	-1	-3	-4
450	9	0	0	600	0	9	-1	-3	-4
451	9	0	0	600	0	9	-1	-3	-4
452	9	0	0	600	0	9	-1	-3	-4
453	9	0	0	600	0	9	-1	-3	-4
454	9	0	0	600	0	9	-1	-3	-4
455	9	0	0	600	0	9	-1	-3	-4
456	9	0	0	600	0	9	-1	-3	-4
457	9	0	0	600	0	9	-1	-3	-4
458	9	0	0	600	0	9	-1	-3	-4
459	9	0	0	600	0	9	-1	-3	-4
460	9	0	0	600	0	9	-1	-3	-4
461	9	0	0	600	0	9	-1	-3	-4
462	9	0	0	600	0	9	-1	-3	-4
463	9	0	0	600	0	9	-1	-3	-4
464	9	0	0	600	0	9	-1	-3	-4
465	9	0	0	600	0	9	-1	-3	-4
466	9	0	0	600	0	9	-1	-3	-4
467	9	0	0	600	0	9	-1	-3	-4
468	9	0	0	600	0	9	-1	-3	-4
469	9	0	0	600	0	9	-1	-3	-4
470	9	0	0	600	0	9	-1	-3	-4
471	9	0	0	600	0	9	-1	-3	-4
472	9	0	0	600	0	9	-1	-3	-4
473	9	0	0	600	0	9	-1	-3	-4
474	9	0	0	600	0	9	-1	-3	-4
475	9	0	0	600	0	9	-1	-3	-4
476	9	0	0	600	0	9	-1	-3	-4
477	9	0	0	600	0	9	-1	-3	-4
478	9	0	0	600	0	9	-1	-3	-4
479	9	0	0	600	0	9	-1	-3	-4
480	9	0	0	600	0	9	-1	-3	-4
481	9	0	0	600	0	9	-1	-3	-4
482	9	0	0	600	0	9	-1	-3	-4
483	9	0	0	600	0	9	-1	-3	-4
484	9	0	0	600	0	9	-1	-3	-4
485	9	0	0	600	0	9	-1	-3	-4
486	9	0	0	600	0	9	-1	-3	-4
487	9	0	0	600	0	9	-1	-3	-4
488	9	0	0	600	0	9	-1	-3	-4
489	9	0	0	600	0	9	-1	-3	-4
490	9	0	0	600	0	9	-1	-3	-4
491	9	0	0	600	0	9	-1	-3	-4
492	9	0	0	600	0	9	-1	-3	-4
493	9	0	0	600	0	9	-1	-3	-4
494	9	0	0	600	0	9	-1	-3	-4
495	9	0	0	600	0	9	-1	-3	-4
496	9	0	0	600	0	9	-1	-3	-4
497	9	0	0	600	0	9	-1	-3	-4
498	9	0	0	600	0	9	-1	-3	-4
499	9	0	0	600	0	9	-1	-3	-4
500	9	0	0	600	0	9	-1	-3	-4
501	9	0	0	600	0	9	-1	-3	-4
502	9	0	0	600	0	9	-1	-3	-4
503	9	0	0	600	0	9	-1	-3	-4
504	9	0	0	600	0	9	-1	-3	-4
505	9	0	0	600	0	9	-1	-3	-4
506	9	0	0	600	0	9	-1	-3	-4
507	9	0	0	600	0	9	-1	-3	-4
508	9	0	0	600	0	9	-1	-3	-4
509	9	0	0	600	0	9	-1	-3	-4
510	9	0	0	600	0	9	-1	-3	-4
511	9	0	0	600	0	9	-1	-3	-4
512	9	0	0	600	0	9	-1	-3	-4
513	9	0	0	600	0	9	-1	-3	-4
514	9	0	0	600	0	9	-1	-3	-4
515	9	0	0	600	0	9	-1	-3	-4
516	9	0	0	600	0	9	-1	-3	-4
517	9	0	0	600	0	9	-1	-3	-4
518	9	0	0	600	0	9	-1	-3	-4
519	9	0	0	600	0	9	-1	-3	-4
520	9	0	0	600	0	9	-1	-3	-4
521	9	0	0	600	0	9	-1	-3	-4
522	9	0	0	600	0	9	-1	-3	-4
523	9	0	0	600	0	9	-1	-3	-4
524	9	0	0	600	0	9	-1	-3	-4
525	9	0	0	600	0	9	-1	-3	-4
526	9	0	0	600	0	9	-1	-3	-4
527	9	0	0	600	0	9	-1	-3	-4
528	9	0	0	600	0	9	-1	-3	-4
529	9	0	0	600	0	9	-1	-3	-4
530	9	0	0	600	0	9	-1	-3	-4
531	9	0	0	600	0	9	-1	-3	-4
532	9	0	0	600	0	9	-1	-3	-4
533	9	0	0	600	0	9	-1	-3	-4
534	9	0	0	600	0	9	-1	-3	-4
535	9	0	0	600	0	9	-1	-3	-4
536	9	0	0	600	0	9	-1	-3	-4
537	9	0	0	600	0	9	-1	-3	-4
538	9	0	0	600	0	9	-1	-3	-4
539	9	0	0	600	0	9	-1	-3	-4
540	9	0	0	600	0	9	-1	-3	-4
541	9	0	0	600	0	9	-1	-3	-4
542	9	0	0	600	0	9	-1	-3	-4
543	9	0	0	600	0	9	-1	-3	-4
544	9	0	0	600	0	9	-1	-3	-4
545	9	0	0	600	0	9	-1	-3	-4
546	9	0	0	600	0	9	-1	-3	-4
547	9	0	0	600	0	9	-1	-3	-4
548	9	0	0	600	0	9	-1	-3	-4
549	9	0	0	600	0	9	-1	-3	-4
550	9	0	0	600	0	9	-1	-3	-4
551	9	0	0	600	0	9	-1	-3	-4
552	9	0	0	600	0	9	-1	-3	-4
553	9	0	0	600	0	9	-1	-3	-4
554	9	0	0	600	0	9	-1	-3	-4
555	9	0	0	600	0	9	-1	-3	-4
556	9	0	0	600	0	9	-1	-3	-4
557	9	0	0	600	0	9	-1	-3	-4
558	9	0	0	600	0	9	-1	-3	-4
559	9	0	0	600	0	9	-1	-3	-4
560	9	0	0	600	0	9	-1	-3	-4
561	9	0	0	600	0	9	-1	-3	-4
562	9	0	0	600	0	9	-1	-3	-4
563	9	0	0	600	0	9	-1	-3	-4
564	9	0	0	600	0	9	-1	-3	-4
565	9	0	0	600	0	9	-1	-3	-4
566	9	0	0	600	0	9	-1	-3	-4
567	9	0	0	600	0	9	-1	-3	-4
568	9	0	0	600	0	9	-1	-3	-4
569	9	0	0	600	0	9	-1	-3	-4
570	9	0	0	600	0	9	-1	-3	-4
571	9	0	0	600	0	9	-1	-3	-4
572	9	0	0	600	0	9	-1	-3	-4
573	9	0	0	600	0	9	-1	-3	-4
574	9	0	0	600	0	9	-1	-3	-4
575	9	0	0	600	0	9	-1	-3	-4
576	9	0	0	600	0	9	-1	-3	-4
577	9	0	0	600	0	9	-1	-3	-4
578	9	0	0	600	0	9	-1	-3	-4
579	9	0	0	600	0	9	-1	-3	-4
580	9	0	0	600	0	9	-1	-3	-4
581	9	0	0	600	0	9	-1	-3	-4
582	9	0	0	600	0	9	-1	-3	-4
583	9	0	0	600	0	9	-1	-3	-4
584	9	0	0	600	0	9	-1	-3	-4
585	9	0	0	600	0	9	-1	-3	-4
586	9	0	0	600	0	9	-1	-3	-4
587	9	0	0	600	0	9	-1	-3	-4
588	9	0	0	600	0	9	-1	-3	-4
589	9	0	0	600	0	9	-1	-3	-4
590	9	0	0	600	0	9	-1	-3	-4
591	9	0	0	600	0	9	-1	-3	-4
592	9	0	0	600	0	9	-1	-3	-4
593	9	0	0	600	0	9	-1	-3	-4
594	9	0	0	600	0	9	-1	-3	-4
595	9	0	0	600	0	9	-1	-3	-4
596	9	0	0	600	0	9	-1	-3	-4
597	9	0	0	600	0	9	-1	-3	-4
598	9	0	0	600	0	9	-1	-3	-4
599	9	0	0	600	0	9	-1	-3	-4
600	9	0	0	600	0	9	-1	-3	-4
601	9	0	0	600	0	9	-1	-3	-4
602	9	0	0	600	0	9	-1	-3	-4
603	9	0	0	600	0	9	-1	-3	-4
604	9	0	0	600	0	9	-1	-3	-4
605	9	0	0	600	0	9	-1	-3	-4
606	9	0	0	600	0	9	-1	-3	-4
607	9	0	0	600	0	9	-1	-3	-4
608	9	0	0	600	0	9	-1	-3	-4
609	9	0	0	600	0	9	-1	-3	-4
610	9	0	0	600	0	9	-1	-3	-4
611	9	0	0	600	0	9	-1	-3	-4
612	9	0	0	600	0	9	-1	-3	-4
613	9	0	0	600	0	9	-1	-3	-4
614	9	0	0	600	0	9	-1	-3	-4
615	9	0	0	600	0	9	-1	-3	-4
616	9	0	0	600	0	9	-1	-3	-4
617	9	0	0	600	0	9	-1	-3	-4
618	9	0	0	600	0	9	-1	-3	-4
619	9	1	0	600	618	9	14	-3	-4
620	9	1	0	600	618	9	14	-3	-4
621	9	1	0	600	618	9	14	-3	-4
622	9	1	0	600	618	9	14	-3	-4
623	9	1	0	600	618	9	14	-3	-4
624	9	1	0	600	618	9	14	-3	-4
625	9	1	0	600	618	9	14	-3	-4
626	9	1	0	600	618	9	14	-3	-4
627	9	1	0	600	618	9	14	-3	-4
628	9	1	0	600	618	9	14	-3	-4
629	9	1	0	600	618	9	14	-3	-4
630	9	1	0	600	618	9	14	-3	-4
631	9	1	0	600	618	9	14	-3	-4
632	9	1	0	600	618	9	14	-3	-4
633	9	1	0	600	618	9	14	-3	-4
634	9	1	0	600	618	9	14	-3	-4
635	9	1	0	600	618	9	14	-3	-4
636	9	1	0	600	618	9	14	-3	-4
637	9	1	0	600	618	9	14	-3	-4
638	9	1	0	600	618	9	14	-3	-4
639	9	1	0	600	618	9	14	-3	-4
640	9	1	0	600	618	9	14	-3	-4
641	9	1	0	600	618	9	14	-3	-4
642	9	1	0	600	618	9	14	-3	-4
643	9	1	0	600	618	9	14	-3	-4
644	9	1	0	600	618	9	14	-3	-4
645	9	1	0	600	618	9	14	-3	-4
646	9	1	0	600	618	9	14	-3	-4
647	9	1	0	600	618	9	14	-3	-4
648	9	1	0	600	618	9	14	-3	-4
649	9	1	0	600	618	9	14	-3	-4
650	9	1	0	600	618	9	14	-3	-4
651	9	1	0	600	618	9	14	-3	-4
652	9	1	0	600	618	9	14	-3	-4
653	9	1	0	600	618	9	14	-3	-4
654	9	1	0	600	618	9	14	-3	-4
655	9	1	0	600	618	9	14	-3	-4
656	9	1	0	600	618	9	14	-3	-4
657	9	1	0	600	618	9	14	-3	-4
