1	9	0	0	900	0	9	-1	-5	0
2	9	0	0	900	0	9	-1	-5	0
3	9	0	0	900	0	9	-1	-5	0
4	9	0	0	900	0	9	-1	-5	0
5	9	0	0	900	0	9	-1	-5	0
6	9	0	0	900	0	9	-1	-5	0
7	9	0	0	900	0	9	-1	-5	0
8	9	0	0	900	0	9	-1	-5	0
9	9	0	0	900	0	9	-1	-5	0
10	9	0	0	900	0	9	-1	-5	0
11	9	0	0	900	0	9	-1	-5	0
12	9	0	0	900	0	9	-1	-5	0
13	9	0	0	900	0	9	-1	-5	0
14	9	0	0	900	0	9	-1	-5	0
15	9	0	0	900	0	9	-1	-5	0
16	9	0	0	900	0	9	-1	-5	0
17	9	0	0	900	0	9	-1	-5	0
18	9	0	0	900	0	9	-1	-5	0
19	9	0	0	900	0	9	-1	-5	0
20	9	0	0	900	0	9	-1	-5	0
21	9	0	0	900	0	9	-1	-5	0
22	9	0	0	900	0	9	-1	-5	0
23	9	0	0	900	0	9	-1	-5	0
24	9	0	0	900	0	9	-1	-5	0
25	9	0	0	900	0	9	-1	-5	0
26	9	0	0	900	0	9	-1	-5	0
27	9	0	0	900	0	9	-1	-5	0
28	9	0	0	900	0	9	-1	-5	0
29	9	0	0	900	0	9	-1	-5	0
30	9	0	0	900	0	9	-1	-5	0
31	9	0	0	900	0	9	-1	-5	0
32	9	0	0	900	0	9	-1	-5	0
33	9	0	0	900	0	9	-1	-5	0
34	9	0	0	900	0	9	-1	-5	0
35	9	0	0	900	0	9	-1	-5	0
36	9	0	0	900	0	9	-1	-5	0
37	9	0	0	900	0	9	-1	-5	0
38	9	0	0	900	0	9	-1	-5	0
39	9	0	0	900	0	9	-1	-5	0
40	9	0	0	900	0	9	-1	-5	0
41	9	0	0	900	0	9	-1	-5	0
42	9	0	0	900	0	9	-1	-5	0
43	9	0	0	900	0	9	-1	-5	0
44	9	0	0	900	0	9	-1	-5	0
45	9	0	0	900	0	9	-1	-5	0
46	9	0	0	900	0	9	-1	-5	0
47	9	0	0	900	0	9	-1	-5	0
48	9	0	0	900	0	9	-1	-5	0
49	9	0	0	900	0	9	-1	-5	0
50	9	0	0	900	0	9	-1	-5	0
51	9	0	0	900	0	9	-1	-5	0
52	9	0	0	900	0	9	-1	-5	0
53	9	0	0	900	0	9	-1	-5	0
54	9	0	0	900	0	9	-1	-5	0
55	9	0	0	900	0	9	-1	-5	0
56	9	0	0	900	0	9	-1	-5	0
57	9	0	0	900	0	9	-1	-5	0
58	9	0	0	900	0	9	-1	-5	0
59	9	0	0	900	0	9	-1	-5	0
60	9	0	0	900	0	9	-1	-5	0
61	9	0	0	900	0	9	-1	-5	0
62	9	0	0	900	0	9	-1	-5	0
63	9	0	0	900	0	9	-1	-5	0
64	9	0	0	900	0	9	-1	-5	0
65	9	0	0	900	0	9	-1	-5	0
66	9	0	0	900	0	9	-1	-5	0
67	9	0	0	900	0	9	-1	-5	0
68	9	0	0	900	0	9	-1	-5	0
69	9	0	0	900	0	9	-1	-5	0
70	9	0	0	900	0	9	-1	-5	0
71	9	0	0	900	0	9	-1	-5	0
72	9	0	0	900	0	9	-1	-5	0
73	9	0	0	900	0	9	-1	-5	0
74	9	0	0	900	0	9	-1	-5	0
75	9	0	0	900	0	9	-1	-5	0
76	9	0	0	900	0	9	-1	-5	0
77	9	0	0	900	0	9	-1	-5	0
78	9	0	0	900	0	9	-1	-5	0
79	9	0	0	900	0	9	-1	-5	0
80	9	0	0	900	0	9	-1	-5	0
81	9	0	0	900	0	9	-1	-5	0
82	9	0	0	900	0	9	-1	-5	0
83	9	0	0	900	0	9	-1	-5	0
84	9	0	0	900	0	9	-1	-5	0
85	9	0	0	900	0	9	-1	-5	0
86	9	0	0	900	0	9	-1	-5	0
87	9	0	0	900	0	9	-1	-5	0
88	9	0	0	900	0	9	-1	-5	0
89	9	0	0	900	0	9	-1	-5	0
90	9	0	0	900	0	9	-1	-5	0
91	9	0	0	900	0	9	-1	-5	0
92	9	0	0	900	0	9	-1	-5	0
93	9	0	0	900	0	9	-1	-5	0
94	9	0	0	900	0	9	-1	-5	0
95	9	0	0	900	0	9	-1	-5	0
96	9	0	0	900	0	9	-1	-5	0
97	9	0	0	900	0	9	-1	-5	0
98	9	0	0	900	0	9	-1	-5	0
99	9	0	0	900	0	9	-1	-5	0
100	9	0	0	900	0	9	-1	-5	0
101	9	0	0	900	0	9	-1	-5	0
102	9	0	0	900	0	9	-1	-5	0
103	9	0	0	900	0	9	-1	-5	0
104	9	0	0	900	0	9	-1	-5	0
105	9	0	0	900	0	9	-1	-5	0
106	9	0	0	900	0	9	-1	-5	0
107	9	0	0	900	0	9	-1	-5	0
108	9	0	0	900	0	9	-1	-5	0
109	9	0	0	900	0	9	-1	-5	0
110	9	0	0	900	0	9	-1	-5	0
111	9	0	0	900	0	9	-1	-5	0
112	9	0	0	900	0	9	-1	-5	0
113	9	0	0	900	0	9	-1	-5	0
114	9	0	0	900	0	9	-1	-5	0
115	9	0	0	900	0	9	-1	-5	0
116	9	0	0	900	0	9	-1	-5	0
117	9	0	0	900	0	9	-1	-5	0
118	9	0	0	900	0	9	-1	-5	0
119	9	0	0	900	0	9	-1	-5	0
120	9	0	0	900	0	9	-1	-5	0
121	9	0	0	900	0	9	-1	-5	0
122	9	0	0	900	0	9	-1	-5	0
123	9	0	0	900	0	9	-1	-5	0
124	9	0	0	900	0	9	-1	-5	0
125	9	0	0	900	0	9	-1	-5	0
126	9	0	0	900	0	9	-1	-5	0
127	9	0	0	900	0	9	-1	-5	0
128	9	0	0	900	0	9	-1	-5	0
129	9	0	0	900	0	9	-1	-5	0
130	9	0	0	900	0	9	-1	-5	0
131	9	0	0	900	0	9	-1	-5	0
132	9	0	0	900	0	9	-1	-5	0
133	9	0	0	900	0	9	-1	-5	0
134	9	0	0	900	0	9	-1	-5	0
135	9	0	0	900	0	9	-1	-5	0
136	9	0	0	900	0	9	-1	-5	0
137	9	0	0	900	0	9	-1	-5	0
138	9	0	0	900	0	9	-1	-5	0
139	9	0	0	900	0	9	-1	-5	0
140	9	0	0	900	0	9	-1	-5	0
141	9	0	0	900	0	9	-1	-5	0
142	9	0	0	900	0	9	-1	-5	0
143	9	0	0	900	0	9	-1	-5	0
144	9	0	0	900	0	9	-1	-5	0
145	9	0	0	900	0	9	-1	-5	0
146	9	0	0	900	0	9	-1	-5	0
147	9	0	0	900	0	9	-1	-5	0
148	9	0	0	900	0	9	-1	-5	0
149	9	0	0	900	0	9	-1	-5	0
150	9	0	0	900	0	9	-1	-5	0
151	9	0	0	900	0	9	-1	-5	0
152	9	0	0	900	0	9	-1	-5	0
153	9	0	0	900	0	9	-1	-5	0
154	9	0	0	900	0	9	-1	-5	0
155	9	0	0	900	0	9	-1	-5	0
156	9	0	0	900	0	9	-1	-5	0
157	9	0	0	900	0	9	-1	-5	0
158	9	0	0	900	0	9	-1	-5	0
159	9	0	0	900	0	9	-1	-5	0
160	9	0	0	900	0	9	-1	-5	0
161	9	0	0	900	0	9	-1	-5	0
162	9	0	0	900	0	9	-1	-5	0
163	9	0	0	900	0	9	-1	-5	0
164	9	0	0	900	0	9	-1	-5	0
165	9	0	0	900	0	9	-1	-5	0
166	9	0	0	900	0	9	-1	-5	0
167	9	0	0	900	0	9	-1	-5	0
168	9	0	0	900	0	9	-1	-5	0
169	9	0	0	900	0	9	-1	-5	0
170	9	0	0	900	0	9	-1	-5	0
171	9	0	0	900	0	9	-1	-5	0
172	9	0	0	900	0	9	-1	-5	0
173	9	0	0	900	0	9	-1	-5	0
174	9	0	0	900	0	9	-1	-5	0
175	9	0	0	900	0	9	-1	-5	0
176	9	0	0	900	0	9	-1	-5	0
177	9	0	0	900	0	9	-1	-5	0
178	9	0	0	900	0	9	-1	-5	0
179	9	0	0	900	0	9	-1	-5	0
180	9	0	0	900	0	9	-1	-5	0
181	9	0	0	900	0	9	-1	-5	0
182	9	0	0	900	0	9	-1	-5	0
183	9	0	0	900	0	9	-1	-5	0
184	9	0	0	900	0	9	-1	-5	0
185	9	0	0	900	0	9	-1	-5	0
186	9	0	0	900	0	9	-1	-5	0
187	9	0	0	900	0	9	-1	-5	0
188	9	0	0	900	0	9	-1	-5	0
189	9	0	0	900	0	9	-1	-5	0
190	9	0	0	900	0	9	-1	-5	0
191	9	0	0	900	0	9	-1	-5	0
192	9	0	0	900	0	9	-1	-5	0
193	9	0	0	900	0	9	-1	-5	0
194	9	0	0	900	0	9	-1	-5	0
195	9	0	0	900	0	9	-1	-5	0
196	9	0	0	900	0	9	-1	-5	0
197	9	0	0	900	0	9	-1	-5	0
198	9	0	0	900	0	9	-1	-5	0
199	9	0	0	900	0	9	-1	-5	0
200	9	0	0	900	0	9	-1	-5	0
201	9	0	0	900	0	9	-1	-5	0
202	9	0	0	900	0	9	-1	-5	0
203	9	0	0	900	0	9	-1	-5	0
204	9	0	0	900	0	9	-1	-5	0
205	9	0	0	900	0	9	-1	-5	0
206	9	0	0	900	0	9	-1	-5	0
207	9	0	0	900	0	9	-1	-5	0
208	9	0	0	900	0	9	-1	-5	0
209	9	0	0	900	0	9	-1	-5	0
210	9	0	0	900	0	9	-1	-5	0
211	9	0	0	900	0	9	-1	-5	0
212	9	0	0	900	0	9	-1	-5	0
213	9	0	0	900	0	9	-1	-5	0
214	9	0	0	900	0	9	-1	-5	0
215	9	0	0	900	0	9	-1	-5	0
216	9	0	0	900	0	9	-1	-5	0
217	9	0	0	900	0	9	-1	-5	0
218	9	0	0	900	0	9	-1	-5	0
219	9	0	0	900	0	9	-1	-5	0
220	9	0	0	900	0	9	-1	-5	0
221	9	0	0	900	0	9	-1	-5	0
222	9	0	0	900	0	9	-1	-5	0
223	9	0	0	900	0	9	-1	-5	0
224	9	0	0	900	0	9	-1	-5	0
225	9	0	0	900	0	9	-1	-5	0
226	9	0	0	900	0	9	-1	-5	0
227	9	0	0	900	0	9	-1	-5	0
228	9	0	0	900	0	9	-1	-5	0
229	9	0	0	900	0	9	-1	-5	0
230	9	0	0	900	0	9	-1	-5	0
231	9	0	0	900	0	9	-1	-5	0
232	9	0	0	900	0	9	-1	-5	0
233	9	0	0	900	0	9	-1	-5	0
234	9	0	0	900	0	9	-1	-5	0
235	9	0	0	900	0	9	-1	-5	0
236	9	0	0	900	0	9	-1	-5	0
237	9	0	0	900	0	9	-1	-5	0
238	9	0	0	900	0	9	-1	-5	0
239	9	0	0	900	0	9	-1	-5	0
240	9	0	0	900	0	9	-1	-5	0
241	9	0	0	900	0	9	-1	-5	0
242	9	0	0	900	0	9	-1	-5	0
243	9	0	0	900	0	9	-1	-5	0
244	9	0	0	900	0	9	-1	-5	0
245	9	0	0	900	0	9	-1	-5	0
246	9	0	0	900	0	9	-1	-5	0
247	9	0	0	900	0	9	-1	-5	0
248	9	0	0	900	0	9	-1	-5	0
249	9	0	0	900	0	9	-1	-5	0
250	9	0	0	900	0	9	-1	-5	0
251	9	0	0	900	0	9	-1	-5	0
252	9	0	0	900	0	9	-1	-5	0
253	9	0	0	900	0	9	-1	-5	0
254	9	0	0	900	0	9	-1	-5	0
255	9	0	0	900	0	9	-1	-5	0
256	9	0	0	900	0	9	-1	-5	0
257	9	0	0	900	0	9	-1	-5	0
258	9	0	0	900	0	9	-1	-5	0
259	9	0	0	900	0	9	-1	-5	0
260	9	0	0	900	0	9	-1	-5	0
261	9	0	0	900	0	9	-1	-5	0
262	9	0	0	900	0	9	-1	-5	0
263	9	0	0	900	0	9	-1	-5	0
264	9	0	0	900	0	9	-1	-5	0
265	9	0	0	900	0	9	-1	-5	0
266	9	0	0	900	0	9	-1	-5	0
267	9	0	0	900	0	9	-1	-5	0
268	9	0	0	900	0	9	-1	-5	0
269	9	0	0	900	0	9	-1	-5	0
270	9	0	0	900	0	9	-1	-5	0
271	9	0	0	900	0	9	-1	-5	0
272	9	0	0	900	0	9	-1	-5	0
273	9	0	0	900	0	9	-1	-5	0
274	9	0	0	900	0	9	-1	-5	0
275	9	0	0	900	0	9	-1	-5	0
276	9	0	0	900	0	9	-1	-5	0
277	9	0	0	900	0	9	-1	-5	0
278	9	0	0	900	0	9	-1	-5	0
279	9	0	0	900	0	9	-1	-5	0
280	9	0	0	900	0	9	-1	-5	0
281	9	0	0	900	0	9	-1	-5	0
282	9	0	0	900	0	9	-1	-5	0
283	9	0	0	900	0	9	-1	-5	0
284	9	0	0	900	0	9	-1	-5	0
285	9	0	0	900	0	9	-1	-5	0
286	9	0	0	900	0	9	-1	-5	0
287	9	0	0	900	0	9	-1	-5	0
288	9	0	0	900	0	9	-1	-5	0
289	9	0	0	900	0	9	-1	-5	0
290	9	0	0	900	0	9	-1	-5	0
291	9	0	0	900	0	9	-1	-5	0
292	9	0	0	900	0	9	-1	-5	0
293	9	0	0	900	0	9	-1	-5	0
294	9	0	0	900	0	9	-1	-5	0
295	9	0	0	900	0	9	-1	-5	0
296	9	0	0	900	0	9	-1	-5	0
297	9	0	0	900	0	9	-1	-5	0
298	9	0	0	900	0	9	-1	-5	0
299	9	0	0	900	0	9	-1	-5	0
300	9	0	0	900	0	9	-1	-5	0
301	9	0	0	900	0	9	-1	-5	0
302	9	0	0	900	0	9	-1	-5	0
303	9	0	0	900	0	9	-1	-5	0
304	9	0	0	900	0	9	-1	-5	0
305	9	0	0	900	0	9	-1	-5	0
306	9	0	0	900	0	9	-1	-5	0
307	9	0	0	900	0	9	-1	-5	0
308	9	0	0	900	0	9	-1	-5	0
309	9	0	0	900	0	9	-1	-5	0
310	9	0	0	900	0	9	-1	-5	0
311	9	0	0	900	0	9	-1	-5	0
312	9	0	0	900	0	9	-1	-5	0
313	9	0	0	900	0	9	-1	-5	0
314	9	0	0	900	0	9	-1	-5	0
315	9	0	0	900	0	9	-1	-5	0
316	9	0	0	900	0	9	-1	-5	0
317	9	0	0	900	0	9	-1	-5	0
318	9	0	0	900	0	9	-1	-5	0
319	9	0	0	900	0	9	-1	-5	0
320	9	0	0	900	0	9	-1	-5	0
321	9	0	0	900	0	9	-1	-5	0
322	9	0	0	900	0	9	-1	-5	0
323	9	0	0	900	0	9	-1	-5	0
324	9	0	0	900	0	9	-1	-5	0
325	9	0	0	900	0	9	-1	-5	0
326	9	0	0	900	0	9	-1	-5	0
327	9	0	0	900	0	9	-1	-5	0
328	9	0	0	900	0	9	-1	-5	0
329	9	0	0	900	0	9	-1	-5	0
330	9	0	0	900	0	9	-1	-5	0
331	9	0	0	900	0	9	-1	-5	0
332	9	0	0	900	0	9	-1	-5	0
333	9	0	0	900	0	9	-1	-5	0
334	9	0	0	900	0	9	-1	-5	0
335	9	0	0	900	0	9	-1	-5	0
336	9	0	0	900	0	9	-1	-5	0
337	9	0	0	900	0	9	-1	-5	0
338	9	0	0	900	0	9	-1	-5	0
339	9	0	0	900	0	9	-1	-5	0
340	9	0	0	900	0	9	-1	-5	0
341	9	0	0	900	0	9	-1	-5	0
342	9	0	0	900	0	9	-1	-5	0
343	9	0	0	900	0	9	-1	-5	0
344	9	0	0	900	0	9	-1	-5	0
345	9	0	0	900	0	9	-1	-5	0
346	9	0	0	900	0	9	-1	-5	0
347	9	0	0	900	0	9	-1	-5	0
348	9	0	0	900	0	9	-1	-5	0
349	9	0	0	900	0	9	-1	-5	0
350	9	0	0	900	0	9	-1	-5	0
351	9	0	0	900	0	9	-1	-5	0
352	9	0	0	900	0	9	-1	-5	0
353	9	0	0	900	0	9	-1	-5	0
354	9	0	0	900	0	9	-1	-5	0
355	9	0	0	900	0	9	-1	-5	0
356	9	0	0	900	0	9	-1	-5	0
357	9	0	0	900	0	9	-1	-5	0
358	9	0	0	900	0	9	-1	-5	0
359	9	0	0	900	0	9	-1	-5	0
360	9	0	0	900	0	9	-1	-5	0
361	9	0	0	900	0	9	-1	-5	0
362	9	0	0	900	0	9	-1	-5	0
363	9	0	0	900	0	9	-1	-5	0
364	9	0	0	900	0	9	-1	-5	0
365	9	0	0	900	0	9	-1	-5	0
366	9	0	0	900	0	9	-1	-5	0
367	9	0	0	900	0	9	-1	-5	0
368	9	0	0	900	0	9	-1	-5	0
369	9	0	0	900	0	9	-1	-5	0
370	9	0	0	900	0	9	-1	-5	0
371	9	0	0	900	0	9	-1	-5	0
372	9	0	0	900	0	9	-1	-5	0
373	9	0	0	900	0	9	-1	-5	0
374	9	0	0	900	0	9	-1	-5	0
375	9	0	0	900	0	9	-1	-5	0
376	9	0	0	900	0	9	-1	-5	0
377	9	0	0	900	0	9	-1	-5	0
378	9	0	0	900	0	9	-1	-5	0
379	9	0	0	900	0	9	-1	-5	0
380	9	0	0	900	0	9	-1	-5	0
381	9	0	0	900	0	9	-1	-5	0
382	9	0	0	900	0	9	-1	-5	0
383	9	0	0	900	0	9	-1	-5	0
384	9	0	0	900	0	9	-1	-5	0
385	9	0	0	900	0	9	-1	-5	0
386	9	0	0	900	0	9	-1	-5	0
387	9	0	0	900	0	9	-1	-5	0
388	9	0	0	900	0	9	-1	-5	0
389	9	0	0	900	0	9	-1	-5	0
390	9	0	0	900	0	9	-1	-5	0
391	9	0	0	900	0	9	-1	-5	0
392	9	0	0	900	0	9	-1	-5	0
393	9	0	0	900	0	9	-1	-5	0
394	9	0	0	900	0	9	-1	-5	0
395	9	0	0	900	0	9	-1	-5	0
396	9	0	0	900	0	9	-1	-5	0
397	9	0	0	900	0	9	-1	-5	0
398	9	0	0	900	0	9	-1	-5	0
399	9	0	0	900	0	9	-1	-5	0
400	9	0	0	900	0	9	-1	-5	0
401	9	0	0	900	0	9	-1	-5	0
402	9	0	0	900	0	9	-1	-5	0
403	9	0	0	900	0	9	-1	-5	0
404	9	0	0	900	0	9	-1	-5	0
405	9	0	0	900	0	9	-1	-5	0
406	9	0	0	900	0	9	-1	-5	0
407	9	0	0	900	0	9	-1	-5	0
408	9	0	0	900	0	9	-1	-5	0
409	9	0	0	900	0	9	-1	-5	0
410	9	0	0	900	0	9	-1	-5	0
411	9	0	0	900	0	9	-1	-5	0
412	9	0	0	900	0	9	-1	-5	0
413	9	0	0	900	0	9	-1	-5	0
414	9	0	0	900	0	9	-1	-5	0
415	9	0	0	900	0	9	-1	-5	0
416	9	0	0	900	0	9	-1	-5	0
417	9	0	0	900	0	9	-1	-5	0
418	9	0	0	900	0	9	-1	-5	0
419	9	0	0	900	0	9	-1	-5	0
420	9	0	0	900	0	9	-1	-5	0
421	9	0	0	900	0	9	-1	-5	0
422	9	0	0	900	0	9	-1	-5	0
423	9	0	0	900	0	9	-1	-5	0
424	9	0	0	900	0	9	-1	-5	0
425	9	0	0	900	0	9	-1	-5	0
426	9	0	0	900	0	9	-1	-5	0
427	9	0	0	900	0	9	-1	-5	0
428	9	0	0	900	0	9	-1	-5	0
429	9	0	0	900	0	9	-1	-5	0
430	9	0	0	900	0	9	-1	-5	0
431	9	0	0	900	0	9	-1	-5	0
432	9	0	0	900	0	9	-1	-5	0
433	9	0	0	900	0	9	-1	-5	0
434	9	0	0	900	0	9	-1	-5	0
435	9	0	0	900	0	9	-1	-5	0
436	9	0	0	900	0	9	-1	-5	0
437	9	0	0	900	0	9	-1	-5	0
438	9	0	0	900	0	9	-1	-5	0
439	9	0	0	900	0	9	-1	-5	0
440	9	0	0	900	0	9	-1	-5	0
441	9	0	0	900	0	9	-1	-5	0
442	9	0	0	900	0	9	-1	-5	0
443	9	0	0	900	0	9	-1	-5	0
444	9	0	0	900	0	9	-1	-5	0
445	9	0	0	900	0	9	-1	-5	0
446	9	0	0	900	0	9	-1	-5	0
447	9	0	0	900	0	9	-1	-5	0
448	9	0	0	900	0	9	-1	-5	0
449	9	0	0	900	0	9	-1	-5	0
450	9	0	0	900	0	9	-1	-5	0
451	9	0	0	900	0	9	-1	-5	0
452	9	0	0	900	0	9	-1	-5	0
453	9	0	0	900	0	9	-1	-5	0
454	9	0	0	900	0	9	-1	-5	0
455	9	0	0	900	0	9	-1	-5	0
456	9	0	0	900	0	9	-1	-5	0
457	9	0	0	900	0	9	-1	-5	0
458	9	0	0	900	0	9	-1	-5	0
459	9	0	0	900	0	9	-1	-5	0
460	9	0	0	900	0	9	-1	-5	0
461	9	0	0	900	0	9	-1	-5	0
462	9	0	0	900	0	9	-1	-5	0
463	9	0	0	900	0	9	-1	-5	0
464	9	0	0	900	0	9	-1	-5	0
465	9	0	0	900	0	9	-1	-5	0
466	9	0	0	900	0	9	-1	-5	0
467	9	0	0	900	0	9	-1	-5	0
468	9	0	0	900	0	9	-1	-5	0
469	9	0	0	900	0	9	-1	-5	0
470	9	0	0	900	0	9	-1	-5	0
471	9	0	0	900	0	9	-1	-5	0
472	9	0	0	900	0	9	-1	-5	0
473	9	0	0	900	0	9	-1	-5	0
474	9	0	0	900	0	9	-1	-5	0
475	9	0	0	900	0	9	-1	-5	0
476	9	0	0	900	0	9	-1	-5	0
477	9	0	0	900	0	9	-1	-5	0
478	9	0	0	900	0	9	-1	-5	0
479	9	0	0	900	0	9	-1	-5	0
480	9	0	0	900	0	9	-1	-5	0
481	9	0	0	900	0	9	-1	-5	0
482	9	0	0	900	0	9	-1	-5	0
483	9	0	0	900	0	9	-1	-5	0
484	9	0	0	900	0	9	-1	-5	0
485	9	0	0	900	0	9	-1	-5	0
486	9	0	0	900	0	9	-1	-5	0
487	9	0	0	900	0	9	-1	-5	0
488	9	0	0	900	0	9	-1	-5	0
489	9	0	0	900	0	9	-1	-5	0
490	9	0	0	900	0	9	-1	-5	0
491	9	0	0	900	0	9	-1	-5	0
492	9	0	0	900	0	9	-1	-5	0
493	9	0	0	900	0	9	-1	-5	0
494	9	0	0	900	0	9	-1	-5	0
495	9	0	0	900	0	9	-1	-5	0
496	9	0	0	900	0	9	-1	-5	0
497	9	0	0	900	0	9	-1	-5	0
498	9	0	0	900	0	9	-1	-5	0
499	9	0	0	900	0	9	-1	-5	0
500	9	0	0	900	0	9	-1	-5	0
501	9	0	0	900	0	9	-1	-5	0
502	9	0	0	900	0	9	-1	-5	0
503	9	0	0	900	0	9	-1	-5	0
504	9	0	0	900	0	9	-1	-5	0
505	9	0	0	900	0	9	-1	-5	0
506	9	0	0	900	0	9	-1	-5	0
507	9	0	0	900	0	9	-1	-5	0
508	9	0	0	900	0	9	-1	-5	0
509	9	0	0	900	0	9	-1	-5	0
510	9	0	0	900	0	9	-1	-5	0
511	9	0	0	900	0	9	-1	-5	0
512	9	0	0	900	0	9	-1	-5	0
513	9	0	0	900	0	9	-1	-5	0
514	9	0	0	900	0	9	-1	-5	0
515	9	0	0	900	0	9	-1	-5	0
516	9	0	0	900	0	9	-1	-5	0
517	9	0	0	900	0	9	-1	-5	0
518	9	0	0	900	0	9	-1	-5	0
519	9	0	0	900	0	9	-1	-5	0
520	9	0	0	900	0	9	-1	-5	0
521	9	0	0	900	0	9	-1	-5	0
522	9	0	0	900	0	9	-1	-5	0
523	9	0	0	900	0	9	-1	-5	0
524	9	0	0	900	0	9	-1	-5	0
525	9	0	0	900	0	9	-1	-5	0
526	9	0	0	900	0	9	-1	-5	0
527	9	0	0	900	0	9	-1	-5	0
528	9	0	0	900	0	9	-1	-5	0
529	9	0	0	900	0	9	-1	-5	0
530	9	0	0	900	0	9	-1	-5	0
531	9	0	0	900	0	9	-1	-5	0
532	9	0	0	900	0	9	-1	-5	0
533	9	0	0	900	0	9	-1	-5	0
534	9	0	0	900	0	9	-1	-5	0
535	9	0	0	900	0	9	-1	-5	0
536	9	0	0	900	0	9	-1	-5	0
537	9	0	0	900	0	9	-1	-5	0
538	9	0	0	900	0	9	-1	-5	0
539	9	0	0	900	0	9	-1	-5	0
540	9	0	0	900	0	9	-1	-5	0
541	9	0	0	900	0	9	-1	-5	0
542	9	0	0	900	0	9	-1	-5	0
543	9	0	0	900	0	9	-1	-5	0
544	9	0	0	900	0	9	-1	-5	0
545	9	0	0	900	0	9	-1	-5	0
546	9	0	0	900	0	9	-1	-5	0
547	9	0	0	900	0	9	-1	-5	0
548	9	0	0	900	0	9	-1	-5	0
549	9	0	0	900	0	9	-1	-5	0
550	9	0	0	900	0	9	-1	-5	0
551	9	0	0	900	0	9	-1	-5	0
552	9	0	0	900	0	9	-1	-5	0
553	9	0	0	900	0	9	-1	-5	0
554	9	0	0	900	0	9	-1	-5	0
555	9	0	0	900	0	9	-1	-5	0
556	9	0	0	900	0	9	-1	-5	0
557	9	0	0	900	0	9	-1	-5	0
558	9	0	0	900	0	9	-1	-5	0
559	9	0	0	900	0	9	-1	-5	0
560	9	0	0	900	0	9	-1	-5	0
561	9	0	0	900	0	9	-1	-5	0
562	9	0	0	900	0	9	-1	-5	0
563	9	0	0	900	0	9	-1	-5	0
564	9	0	0	900	0	9	-1	-5	0
565	9	0	0	900	0	9	-1	-5	0
566	9	0	0	900	0	9	-1	-5	0
567	9	0	0	900	0	9	-1	-5	0
568	9	0	0	900	0	9	-1	-5	0
569	9	0	0	900	0	9	-1	-5	0
570	9	0	0	900	0	9	-1	-5	0
571	9	0	0	900	0	9	-1	-5	0
572	9	0	0	900	0	9	-1	-5	0
573	9	0	0	900	0	9	-1	-5	0
574	9	0	0	900	0	9	-1	-5	0
575	9	0	0	900	0	9	-1	-5	0
576	9	0	0	900	0	9	-1	-5	0
577	9	0	0	900	0	9	-1	-5	0
578	9	0	0	900	0	9	-1	-5	0
579	9	0	0	900	0	9	-1	-5	0
580	9	0	0	900	0	9	-1	-5	0
581	9	0	0	900	0	9	-1	-5	0
582	9	0	0	900	0	9	-1	-5	0
583	9	0	0	900	0	9	-1	-5	0
584	9	0	0	900	0	9	-1	-5	0
585	9	0	0	900	0	9	-1	-5	0
586	9	0	0	900	0	9	-1	-5	0
587	9	0	0	900	0	9	-1	-5	0
588	9	0	0	900	0	9	-1	-5	0
589	9	0	0	900	0	9	-1	-5	0
590	9	0	0	900	0	9	-1	-5	0
591	9	0	0	900	0	9	-1	-5	0
592	9	0	0	900	0	9	-1	-5	0
593	9	0	0	900	0	9	-1	-5	0
594	9	0	0	900	0	9	-1	-5	0
595	9	0	0	900	0	9	-1	-5	0
596	9	0	0	900	0	9	-1	-5	0
597	9	0	0	900	0	9	-1	-5	0
598	9	0	0	900	0	9	-1	-5	0
599	9	0	0	900	0	9	-1	-5	0
600	9	0	0	900	0	9	-1	-5	0
601	9	0	0	900	0	9	-1	-5	0
602	9	0	0	900	0	9	-1	-5	0
603	9	0	0	900	0	9	-1	-5	0
604	9	0	0	900	0	9	-1	-5	0
605	9	0	0	900	0	9	-1	-5	0
606	9	0	0	900	0	9	-1	-5	0
607	9	0	0	900	0	9	-1	-5	0
608	9	0	0	900	0	9	-1	-5	0
609	9	0	0	900	0	9	-1	-5	0
610	9	0	0	900	0	9	-1	-5	0
611	9	0	0	900	0	9	-1	-5	0
612	9	0	0	900	0	9	-1	-5	0
613	9	0	0	900	0	9	-1	-5	0
614	9	0	0	900	0	9	-1	-5	0
615	9	0	0	900	0	9	-1	-5	0
616	9	0	0	900	0	9	-1	-5	0
617	9	0	0	900	0	9	-1	-5	0
618	9	0	0	900	0	9	-1	-5	0
619	9	0	0	900	0	9	-1	-5	0
620	9	0	0	900	0	9	-1	-5	0
621	9	0	0	900	0	9	-1	-5	0
622	9	0	0	900	0	9	-1	-5	0
623	9	0	0	900	0	9	-1	-5	0
624	9	0	0	900	0	9	-1	-5	0
625	9	0	0	900	0	9	-1	-5	0
626	9	0	0	900	0	9	-1	-5	0
627	9	0	0	900	0	9	-1	-5	0
628	9	0	0	900	0	9	-1	-5	0
629	9	0	0	900	0	9	-1	-5	0
630	9	0	0	900	0	9	-1	-5	0
631	9	0	0	900	0	9	-1	-5	0
632	9	0	0	900	0	9	-1	-5	0
633	9	0	0	900	0	9	-1	-5	0
634	9	0	0	900	0	9	-1	-5	0
635	9	0	0	900	0	9	-1	-5	0
636	9	0	0	900	0	9	-1	-5	0
637	9	0	0	900	0	9	-1	-5	0
638	9	0	0	900	0	9	-1	-5	0
639	9	0	0	900	0	9	-1	-5	0
640	9	0	0	900	0	9	-1	-5	0
641	9	0	0	900	0	9	-1	-5	0
642	9	0	0	900	0	9	-1	-5	0
643	9	0	0	900	0	9	-1	-5	0
644	9	0	0	900	0	9	-1	-5	0
645	9	0	0	900	0	9	-1	-5	0
646	9	0	0	900	0	9	-1	-5	0
647	9	0	0	900	0	9	-1	-5	0
648	9	0	0	900	0	9	-1	-5	0
649	9	0	0	900	0	9	-1	-5	0
650	9	0	0	900	0	9	-1	-5	0
651	9	0	0	900	0	9	-1	-5	0
652	9	0	0	900	0	9	-1	-5	0
653	9	0	0	900	0	9	-1	-5	0
654	9	0	0	900	0	9	-1	-5	0
655	9	0	0	900	0	9	-1	-5	0
656	9	0	0	900	0	9	-1	-5	0
657	9	0	0	900	0	9	-1	-5	0
658	9	0	0	900	0	9	-1	-5	0
659	9	0	0	900	0	9	-1	-5	0
660	9	0	0	900	0	9	-1	-5	0
661	9	0	0	900	0	9	-1	-5	0
662	9	0	0	900	0	9	-1	-5	0
663	9	0	0	900	0	9	-1	-5	0
664	9	0	0	900	0	9	-1	-5	0
665	9	0	0	900	0	9	-1	-5	0
666	9	0	0	900	0	9	-1	-5	0
667	9	0	0	900	0	9	-1	-5	0
668	9	0	0	900	0	9	-1	-5	0
669	9	0	0	900	0	9	-1	-5	0
670	9	0	0	900	0	9	-1	-5	0
671	9	0	0	900	0	9	-1	-5	0
672	9	0	0	900	0	9	-1	-5	0
673	9	0	0	900	0	9	-1	-5	0
674	9	0	0	900	0	9	-1	-5	0
675	9	0	0	900	0	9	-1	-5	0
676	9	0	0	900	0	9	-1	-5	0
677	9	0	0	900	0	9	-1	-5	0
678	9	0	0	900	0	9	-1	-5	0
679	9	0	0	900	0	9	-1	-5	0
680	9	0	0	900	0	9	-1	-5	0
681	9	0	0	900	0	9	-1	-5	0
682	9	0	0	900	0	9	-1	-5	0
683	9	0	0	900	0	9	-1	-5	0
684	9	0	0	900	0	9	-1	-5	0
685	9	0	0	900	0	9	-1	-5	0
686	9	0	0	900	0	9	-1	-5	0
687	9	0	0	900	0	9	-1	-5	0
688	9	0	0	900	0	9	-1	-5	0
689	9	0	0	900	0	9	-1	-5	0
690	9	0	0	900	0	9	-1	-5	0
691	9	0	0	900	0	9	-1	-5	0
692	9	0	0	900	0	9	-1	-5	0
693	9	0	0	900	0	9	-1	-5	0
694	9	0	0	900	0	9	-1	-5	0
695	9	0	0	900	0	9	-1	-5	0
696	9	0	0	900	0	9	-1	-5	0
697	9	0	0	900	0	9	-1	-5	0
698	9	0	0	900	0	9	-1	-5	0
699	9	0	0	900	0	9	-1	-5	0
700	9	0	0	900	0	9	-1	-5	0
701	9	0	0	900	0	9	-1	-5	0
702	9	0	0	900	0	9	-1	-5	0
703	9	0	0	900	0	9	-1	-5	0
704	9	0	0	900	0	9	-1	-5	0
705	9	0	0	900	0	9	-1	-5	0
706	9	0	0	900	0	9	-1	-5	0
707	9	0	0	900	0	9	-1	-5	0
708	9	0	0	900	0	9	-1	-5	0
709	9	0	0	900	0	9	-1	-5	0
710	9	0	0	900	0	9	-1	-5	0
711	9	0	0	900	0	9	-1	-5	0
712	9	0	0	900	0	9	-1	-5	0
713	9	0	0	900	0	9	-1	-5	0
714	9	0	0	900	0	9	-1	-5	0
715	9	0	0	900	0	9	-1	-5	0
716	9	0	0	900	0	9	-1	-5	0
717	9	0	0	900	0	9	-1	-5	0
718	9	0	0	900	0	9	-1	-5	0
719	9	0	0	900	0	9	-1	-5	0
720	9	0	0	900	0	9	-1	-5	0
721	9	0	0	900	0	9	-1	-5	0
722	9	0	0	900	0	9	-1	-5	0
723	9	0	0	900	0	9	-1	-5	0
724	9	0	0	900	0	9	-1	-5	0
725	9	0	0	900	0	9	-1	-5	0
726	9	0	0	900	0	9	-1	-5	0
727	9	0	0	900	0	9	-1	-5	0
728	9	0	0	900	0	9	-1	-5	0
729	9	0	0	900	0	9	-1	-5	0
730	9	0	0	900	0	9	-1	-5	0
731	9	0	0	900	0	9	-1	-5	0
732	9	0	0	900	0	9	-1	-5	0
733	9	0	0	900	0	9	-1	-5	0
734	9	0	0	900	0	9	-1	-5	0
735	9	0	0	900	0	9	-1	-5	0
736	9	0	0	900	0	9	-1	-5	0
737	9	0	0	900	0	9	-1	-5	0
738	9	0	0	900	0	9	-1	-5	0
739	9	0	0	900	0	9	-1	-5	0
740	9	0	0	900	0	9	-1	-5	0
741	9	0	0	900	0	9	-1	-5	0
742	9	0	0	900	0	9	-1	-5	0
743	9	0	0	900	0	9	-1	-5	0
744	9	0	0	900	0	9	-1	-5	0
745	9	0	0	900	0	9	-1	-5	0
746	9	0	0	900	0	9	-1	-5	0
747	9	0	0	900	0	9	-1	-5	0
748	9	0	0	900	0	9	-1	-5	0
749	9	0	0	900	0	9	-1	-5	0
750	9	0	0	900	0	9	-1	-5	0
751	9	0	0	900	0	9	-1	-5	0
752	9	0	0	900	0	9	-1	-5	0
753	9	0	0	900	0	9	-1	-5	0
754	9	0	0	900	0	9	-1	-5	0
755	9	0	0	900	0	9	-1	-5	0
756	9	0	0	900	0	9	-1	-5	0
757	9	0	0	900	0	9	-1	-5	0
758	9	0	0	900	0	9	-1	-5	0
759	9	0	0	900	0	9	-1	-5	0
760	9	0	0	900	0	9	-1	-5	0
761	9	0	0	900	0	9	-1	-5	0
762	9	0	0	900	0	9	-1	-5	0
763	9	0	0	900	0	9	-1	-5	0
764	9	0	0	900	0	9	-1	-5	0
765	9	0	0	900	0	9	-1	-5	0
766	9	0	0	900	0	9	-1	-5	0
767	9	0	0	900	0	9	-1	-5	0
768	9	0	0	900	0	9	-1	-5	0
769	9	0	0	900	0	9	-1	-5	0
770	9	0	0	900	0	9	-1	-5	0
771	9	0	0	900	0	9	-1	-5	0
772	9	0	0	900	0	9	-1	-5	0
773	9	0	0	900	0	9	-1	-5	0
774	9	0	0	900	0	9	-1	-5	0
775	9	0	0	900	0	9	-1	-5	0
776	9	0	0	900	0	9	-1	-5	0
777	9	0	0	900	0	9	-1	-5	0
778	9	0	0	900	0	9	-1	-5	0
779	9	0	0	900	0	9	-1	-5	0
780	9	0	0	900	0	9	-1	-5	0
781	9	0	0	900	0	9	-1	-5	0
782	9	0	0	900	0	9	-1	-5	0
783	9	0	0	900	0	9	-1	-5	0
784	9	0	0	900	0	9	-1	-5	0
785	9	0	0	900	0	9	-1	-5	0
786	9	0	0	900	0	9	-1	-5	0
787	9	0	0	900	0	9	-1	-5	0
788	9	0	0	900	0	9	-1	-5	0
789	9	0	0	900	0	9	-1	-5	0
790	9	0	0	900	0	9	-1	-5	0
791	9	0	0	900	0	9	-1	-5	0
792	9	0	0	900	0	9	-1	-5	0
793	9	0	0	900	0	9	-1	-5	0
794	9	0	0	900	0	9	-1	-5	0
795	9	0	0	900	0	9	-1	-5	0
796	9	0	0	900	0	9	-1	-5	0
797	9	0	0	900	0	9	-1	-5	0
798	9	0	0	900	0	9	-1	-5	0
799	9	0	0	900	0	9	-1	-5	0
800	9	0	0	900	0	9	-1	-5	0
801	9	0	0	900	0	9	-1	-5	0
802	9	0	0	900	0	9	-1	-5	0
803	9	0	0	900	0	9	-1	-5	0
804	9	0	0	900	0	9	-1	-5	0
805	9	0	0	900	0	9	-1	-5	0
806	9	0	0	900	0	9	-1	-5	0
807	9	0	0	900	0	9	-1	-5	0
808	9	0	0	900	0	9	-1	-5	0
809	9	0	0	900	0	9	-1	-5	0
810	9	0	0	900	0	9	-1	-5	0
811	9	0	0	900	0	9	-1	-5	0
812	9	0	0	900	0	9	-1	-5	0
813	9	0	0	900	0	9	-1	-5	0
814	9	0	0	900	0	9	-1	-5	0
815	9	0	0	900	0	9	-1	-5	0
816	9	0	0	900	0	9	-1	-5	0
817	9	0	0	900	0	9	-1	-5	0
818	9	0	0	900	0	9	-1	-5	0
819	9	0	0	900	0	9	-1	-5	0
820	9	0	0	900	0	9	-1	-5	0
821	9	0	0	900	0	9	-1	-5	0
822	9	0	0	900	0	9	-1	-5	0
823	9	0	0	900	0	9	-1	-5	0
824	9	0	0	900	0	9	-1	-5	0
825	9	0	0	900	0	9	-1	-5	0
826	9	0	0	900	0	9	-1	-5	0
827	9	0	0	900	0	9	-1	-5	0
828	9	0	0	900	0	9	-1	-5	0
829	9	0	0	900	0	9	-1	-5	0
830	9	0	0	900	0	9	-1	-5	0
831	9	0	0	900	0	9	-1	-5	0
832	9	0	0	900	0	9	-1	-5	0
833	9	0	0	900	0	9	-1	-5	0
834	9	0	0	900	0	9	-1	-5	0
835	9	0	0	900	0	9	-1	-5	0
836	9	0	0	900	0	9	-1	-5	0
837	9	0	0	900	0	9	-1	-5	0
838	9	0	0	900	0	9	-1	-5	0
839	9	0	0	900	0	9	-1	-5	0
840	9	0	0	900	0	9	-1	-5	0
841	9	0	0	900	0	9	-1	-5	0
842	9	0	0	900	0	9	-1	-5	0
843	9	0	0	900	0	9	-1	-5	0
844	9	0	0	900	0	9	-1	-5	0
845	9	0	0	900	0	9	-1	-5	0
846	9	0	0	900	0	9	-1	-5	0
847	9	0	0	900	0	9	-1	-5	0
848	9	0	0	900	0	9	-1	-5	0
849	9	0	0	900	0	9	-1	-5	0
850	9	0	0	900	0	9	-1	-5	0
851	9	0	0	900	0	9	-1	-5	0
852	9	0	0	900	0	9	-1	-5	0
853	9	0	0	900	0	9	-1	-5	0
854	9	0	0	900	0	9	-1	-5	0
855	9	0	0	900	0	9	-1	-5	0
856	9	0	0	900	0	9	-1	-5	0
857	9	0	0	900	0	9	-1	-5	0
858	9	0	0	900	0	9	-1	-5	0
859	9	0	0	900	0	9	-1	-5	0
860	9	0	0	900	0	9	-1	-5	0
861	9	0	0	900	0	9	-1	-5	0
862	9	0	0	900	0	9	-1	-5	0
863	9	0	0	900	0	9	-1	-5	0
864	9	0	0	900	0	9	-1	-5	0
865	9	0	0	900	0	9	-1	-5	0
866	9	0	0	900	0	9	-1	-5	0
867	9	0	0	900	0	9	-1	-5	0
868	9	0	0	900	0	9	-1	-5	0
869	9	0	0	900	0	9	-1	-5	0
870	9	0	0	900	0	9	-1	-5	0
871	9	0	0	900	0	9	-1	-5	0
872	9	0	0	900	0	9	-1	-5	0
873	9	0	0	900	0	9	-1	-5	0
874	9	0	0	900	0	9	-1	-5	0
875	9	0	0	900	0	9	-1	-5	0
876	9	0	0	900	0	9	-1	-5	0
877	9	0	0	900	0	9	-1	-5	0
878	9	0	0	900	0	9	-1	-5	0
879	9	0	0	900	0	9	-1	-5	0
880	9	0	0	900	0	9	-1	-5	0
881	9	0	0	900	0	9	-1	-5	0
882	9	0	0	900	0	9	-1	-5	0
883	9	0	0	900	0	9	-1	-5	0
884	9	0	0	900	0	9	-1	-5	0
885	9	0	0	900	0	9	-1	-5	0
886	9	0	0	900	0	9	-1	-5	0
887	9	0	0	900	0	9	-1	-5	0
888	9	0	0	900	0	9	-1	-5	0
889	9	0	0	900	0	9	-1	-5	0
890	9	0	0	900	0	9	-1	-5	0
891	9	0	0	900	0	9	-1	-5	0
892	9	0	0	900	0	9	-1	-5	0
893	9	0	0	900	0	9	-1	-5	0
894	9	0	0	900	0	9	-1	-5	0
895	9	0	0	900	0	9	-1	-5	0
896	9	0	0	900	0	9	-1	-5	0
897	9	0	0	900	0	9	-1	-5	0
898	9	0	0	900	0	9	-1	-5	0
899	9	0	0	900	0	9	-1	-5	0
900	9	0	0	900	0	9	-1	-5	0
901	9	0	0	900	0	9	-1	-5	0
902	9	0	0	900	0	9	-1	-5	0
903	9	0	0	900	0	9	-1	-5	0
904	9	0	0	900	0	9	-1	-5	0
905	9	0	0	900	0	9	-1	-5	0
906	9	0	0	900	0	9	-1	-5	0
907	9	0	0	900	0	9	-1	-5	0
908	9	1	1	900	908	9	9	-5	0
909	9	1	1	900	908	9	9	-5	0
910	9	1	1	900	908	9	9	-5	0
911	9	1	1	900	908	9	9	-5	0
912	9	1	1	900	908	9	9	-5	0
913	9	1	1	900	908	9	9	-5	0
914	9	1	1	900	908	9	9	-5	0
915	9	1	1	900	908	9	9	-5	0
916	9	1	1	900	908	9	9	-5	0
917	9	1	1	900	908	9	9	-5	0
918	9	1	1	900	908	9	9	-5	0
919	9	1	1	900	908	9	9	-5	0
920	9	1	1	900	908	9	9	-5	0
921	9	1	1	900	908	9	9	-5	0
922	9	1	1	900	908	9	9	-5	0
923	9	1	1	900	908	9	9	-5	0
924	9	1	1	900	908	9	9	-5	0
925	9	1	1	900	908	9	9	-5	0
926	9	1	1	900	908	9	9	-5	0
927	9	1	1	900	908	9	9	-5	0
928	9	1	1	900	908	9	9	-5	0
929	9	1	1	900	908	9	9	-5	0
930	9	1	1	900	908	9	9	-5	0
931	9	1	1	900	908	9	9	-5	0
932	9	1	1	900	908	9	9	-5	0
933	9	1	1	900	908	9	9	-5	0
934	9	1	1	900	908	9	9	-5	0
935	9	1	1	900	908	9	9	-5	0
936	9	1	1	900	908	9	9	-5	0
937	9	1	1	900	908	9	9	-5	0
938	9	1	1	900	908	9	9	-5	0
939	9	1	1	900	908	9	9	-5	0
940	9	1	1	900	908	9	9	-5	0
941	9	1	1	900	908	9	9	-5	0
942	9	1	1	900	908	9	9	-5	0
943	9	1	1	900	908	9	9	-5	0
944	9	1	1	900	908	9	9	-5	0
945	9	1	1	900	908	9	9	-5	0
946	9	1	1	900	908	9	9	-5	0
947	9	1	1	900	908	9	9	-5	0
948	9	1	1	900	908	9	9	-5	0
949	9	1	1	900	908	9	9	-5	0
950	9	1	1	900	908	9	9	-5	0
951	9	1	1	900	908	9	9	-5	0
952	9	1	1	900	908	9	9	-5	0
953	9	1	1	900	908	9	9	-5	0
954	9	1	1	900	908	9	9	-5	0
955	9	1	1	900	908	9	9	-5	0
956	9	1	1	900	908	9	9	-5	0
957	9	1	1	900	908	9	9	-5	0
958	9	1	1	900	908	9	9	-5	0
959	9	1	1	900	908	9	9	-5	0
960	9	1	1	900	908	9	9	-5	0
961	9	1	1	900	908	9	9	-5	0
962	9	1	1	900	908	9	9	-5	0
963	9	1	1	900	908	9	9	-5	0
964	9	1	1	900	908	9	9	-5	0
965	9	1	1	900	908	9	9	-5	0
966	9	1	1	900	908	9	9	-5	0
967	9	1	1	900	908	9	9	-5	0
968	9	1	1	900	908	9	9	-5	0
969	9	1	1	900	908	9	9	-5	0
970	9	1	1	900	908	9	9	-5	0
971	9	1	1	900	908	9	9	-5	0
972	9	1	1	900	908	9	9	-5	0
973	9	1	1	900	908	9	9	-5	0
974	9	1	1	900	908	9	9	-5	0
975	9	1	1	900	908	9	9	-5	0
976	9	1	1	900	908	9	9	-5	0
977	9	1	1	900	908	9	9	-5	0
978	9	1	1	900	908	9	9	-5	0
979	9	1	1	900	908	9	9	-5	0
980	9	1	1	900	908	9	9	-5	0
981	9	1	1	900	908	9	9	-5	0
982	9	1	1	900	908	9	9	-5	0
983	9	1	1	900	908	9	9	-5	0
984	9	1	1	900	908	9	9	-5	0
985	9	1	1	900	908	9	9	-5	0
986	9	1	1	900	908	9	9	-5	0
987	9	1	1	900	908	9	9	-5	0
988	9	1	1	900	908	9	9	-5	0
989	9	1	1	900	908	9	9	-5	0
990	9	1	1	900	908	9	9	-5	0
991	9	1	1	900	908	9	9	-5	0
992	9	1	1	900	908	9	9	-5	0
993	9	1	1	900	908	9	9	-5	0
994	9	1	1	900	908	9	9	-5	0
995	9	1	1	900	908	9	9	-5	0
996	9	1	1	900	908	9	9	-5	0
997	9	1	1	900	908	9	9	-5	0
998	9	1	1	900	908	9	9	-5	0
999	9	1	1	900	908	9	9	-5	0
1000	9	1	1	900	908	9	9	-5	0
1001	9	1	1	900	908	9	9	-5	0
1002	9	1	1	900	908	9	9	-5	0
1003	9	1	1	900	908	9	9	-5	0
1004	9	1	1	900	908	9	9	-5	0
