1	8	0	0	900	0	8	-1	2	4
2	8	0	0	900	0	8	-1	2	4
3	8	0	0	900	0	8	-1	2	4
4	8	0	0	900	0	8	-1	2	4
5	8	0	0	900	0	8	-1	2	4
6	8	0	0	900	0	8	-1	2	4
7	8	0	0	900	0	8	-1	2	4
8	8	0	0	900	0	8	-1	2	4
9	8	0	0	900	0	8	-1	2	4
10	8	0	0	900	0	8	-1	2	4
11	8	0	0	900	0	8	-1	2	4
12	8	0	0	900	0	8	-1	2	4
13	8	0	0	900	0	8	-1	2	4
14	8	0	0	900	0	8	-1	2	4
15	8	0	0	900	0	8	-1	2	4
16	8	0	0	900	0	8	-1	2	4
17	8	0	0	900	0	8	-1	2	4
18	8	0	0	900	0	8	-1	2	4
19	8	0	0	900	0	8	-1	2	4
20	8	0	0	900	0	8	-1	2	4
21	8	0	0	900	0	8	-1	2	4
22	8	0	0	900	0	8	-1	2	4
23	8	0	0	900	0	8	-1	2	4
24	8	0	0	900	0	8	-1	2	4
25	8	0	0	900	0	8	-1	2	4
26	8	0	0	900	0	8	-1	2	4
27	8	0	0	900	0	8	-1	2	4
28	8	0	0	900	0	8	-1	2	4
29	8	0	0	900	0	8	-1	2	4
30	8	0	0	900	0	8	-1	2	4
31	8	0	0	900	0	8	-1	2	4
32	8	0	0	900	0	8	-1	2	4
33	8	0	0	900	0	8	-1	2	4
34	8	0	0	900	0	8	-1	2	4
35	8	0	0	900	0	8	-1	2	4
36	8	0	0	900	0	8	-1	2	4
37	8	0	0	900	0	8	-1	2	4
38	8	0	0	900	0	8	-1	2	4
39	8	0	0	900	0	8	-1	2	4
40	8	0	0	900	0	8	-1	2	4
41	8	0	0	900	0	8	-1	2	4
42	8	0	0	900	0	8	-1	2	4
43	8	0	0	900	0	8	-1	2	4
44	8	0	0	900	0	8	-1	2	4
45	8	0	0	900	0	8	-1	2	4
46	8	0	0	900	0	8	-1	2	4
47	8	0	0	900	0	8	-1	2	4
48	8	0	0	900	0	8	-1	2	4
49	8	0	0	900	0	8	-1	2	4
50	8	0	0	900	0	8	-1	2	4
51	8	0	0	900	0	8	-1	2	4
52	8	0	0	900	0	8	-1	2	4
53	8	0	0	900	0	8	-1	2	4
54	8	0	0	900	0	8	-1	2	4
55	8	0	0	900	0	8	-1	2	4
56	8	0	0	900	0	8	-1	2	4
57	8	0	0	900	0	8	-1	2	4
58	8	0	0	900	0	8	-1	2	4
59	8	0	0	900	0	8	-1	2	4
60	8	0	0	900	0	8	-1	2	4
61	8	0	0	900	0	8	-1	2	4
62	8	0	0	900	0	8	-1	2	4
63	8	0	0	900	0	8	-1	2	4
64	8	0	0	900	0	8	-1	2	4
65	8	0	0	900	0	8	-1	2	4
66	8	0	0	900	0	8	-1	2	4
67	8	0	0	900	0	8	-1	2	4
68	8	0	0	900	0	8	-1	2	4
69	8	0	0	900	0	8	-1	2	4
70	8	0	0	900	0	8	-1	2	4
71	8	0	0	900	0	8	-1	2	4
72	8	0	0	900	0	8	-1	2	4
73	8	0	0	900	0	8	-1	2	4
74	8	0	0	900	0	8	-1	2	4
75	8	0	0	900	0	8	-1	2	4
76	8	0	0	900	0	8	-1	2	4
77	8	0	0	900	0	8	-1	2	4
78	8	0	0	900	0	8	-1	2	4
79	8	0	0	900	0	8	-1	2	4
80	8	0	0	900	0	8	-1	2	4
81	8	0	0	900	0	8	-1	2	4
82	8	0	0	900	0	8	-1	2	4
83	8	0	0	900	0	8	-1	2	4
84	8	0	0	900	0	8	-1	2	4
85	8	0	0	900	0	8	-1	2	4
86	8	0	0	900	0	8	-1	2	4
87	8	0	0	900	0	8	-1	2	4
88	8	0	0	900	0	8	-1	2	4
89	8	0	0	900	0	8	-1	2	4
90	8	0	0	900	0	8	-1	2	4
91	8	0	0	900	0	8	-1	2	4
92	8	0	0	900	0	8	-1	2	4
93	8	0	0	900	0	8	-1	2	4
94	8	0	0	900	0	8	-1	2	4
95	8	0	0	900	0	8	-1	2	4
96	8	0	0	900	0	8	-1	2	4
97	8	0	0	900	0	8	-1	2	4
98	8	0	0	900	0	8	-1	2	4
99	8	0	0	900	0	8	-1	2	4
100	8	0	0	900	0	8	-1	2	4
101	8	0	0	900	0	8	-1	2	4
102	8	0	0	900	0	8	-1	2	4
103	8	0	0	900	0	8	-1	2	4
104	8	0	0	900	0	8	-1	2	4
105	8	0	0	900	0	8	-1	2	4
106	8	0	0	900	0	8	-1	2	4
107	8	0	0	900	0	8	-1	2	4
108	8	0	0	900	0	8	-1	2	4
109	8	0	0	900	0	8	-1	2	4
110	8	0	0	900	0	8	-1	2	4
111	8	0	0	900	0	8	-1	2	4
112	8	0	0	900	0	8	-1	2	4
113	8	0	0	900	0	8	-1	2	4
114	8	0	0	900	0	8	-1	2	4
115	8	0	0	900	0	8	-1	2	4
116	8	0	0	900	0	8	-1	2	4
117	8	0	0	900	0	8	-1	2	4
118	8	0	0	900	0	8	-1	2	4
119	8	0	0	900	0	8	-1	2	4
120	8	0	0	900	0	8	-1	2	4
121	8	0	0	900	0	8	-1	2	4
122	8	0	0	900	0	8	-1	2	4
123	8	0	0	900	0	8	-1	2	4
124	8	0	0	900	0	8	-1	2	4
125	8	0	0	900	0	8	-1	2	4
126	8	0	0	900	0	8	-1	2	4
127	8	0	0	900	0	8	-1	2	4
128	8	0	0	900	0	8	-1	2	4
129	8	0	0	900	0	8	-1	2	4
130	8	0	0	900	0	8	-1	2	4
131	8	0	0	900	0	8	-1	2	4
132	8	0	0	900	0	8	-1	2	4
133	8	0	0	900	0	8	-1	2	4
134	8	0	0	900	0	8	-1	2	4
135	8	0	0	900	0	8	-1	2	4
136	8	0	0	900	0	8	-1	2	4
137	8	0	0	900	0	8	-1	2	4
138	8	0	0	900	0	8	-1	2	4
139	8	0	0	900	0	8	-1	2	4
140	8	0	0	900	0	8	-1	2	4
141	8	0	0	900	0	8	-1	2	4
142	8	0	0	900	0	8	-1	2	4
143	8	0	0	900	0	8	-1	2	4
144	8	0	0	900	0	8	-1	2	4
145	8	0	0	900	0	8	-1	2	4
146	8	0	0	900	0	8	-1	2	4
147	8	0	0	900	0	8	-1	2	4
148	8	0	0	900	0	8	-1	2	4
149	8	0	0	900	0	8	-1	2	4
150	8	0	0	900	0	8	-1	2	4
151	8	0	0	900	0	8	-1	2	4
152	8	0	0	900	0	8	-1	2	4
153	8	0	0	900	0	8	-1	2	4
154	8	0	0	900	0	8	-1	2	4
155	8	0	0	900	0	8	-1	2	4
156	8	0	0	900	0	8	-1	2	4
157	8	0	0	900	0	8	-1	2	4
158	8	0	0	900	0	8	-1	2	4
159	8	0	0	900	0	8	-1	2	4
160	8	0	0	900	0	8	-1	2	4
161	8	0	0	900	0	8	-1	2	4
162	8	0	0	900	0	8	-1	2	4
163	8	0	0	900	0	8	-1	2	4
164	8	0	0	900	0	8	-1	2	4
165	8	0	0	900	0	8	-1	2	4
166	8	0	0	900	0	8	-1	2	4
167	8	0	0	900	0	8	-1	2	4
168	8	0	0	900	0	8	-1	2	4
169	8	0	0	900	0	8	-1	2	4
170	8	0	0	900	0	8	-1	2	4
171	8	0	0	900	0	8	-1	2	4
172	8	0	0	900	0	8	-1	2	4
173	8	0	0	900	0	8	-1	2	4
174	8	0	0	900	0	8	-1	2	4
175	8	0	0	900	0	8	-1	2	4
176	8	0	0	900	0	8	-1	2	4
177	8	0	0	900	0	8	-1	2	4
178	8	0	0	900	0	8	-1	2	4
179	8	0	0	900	0	8	-1	2	4
180	8	0	0	900	0	8	-1	2	4
181	8	0	0	900	0	8	-1	2	4
182	8	0	0	900	0	8	-1	2	4
183	8	0	0	900	0	8	-1	2	4
184	8	0	0	900	0	8	-1	2	4
185	8	0	0	900	0	8	-1	2	4
186	8	0	0	900	0	8	-1	2	4
187	8	0	0	900	0	8	-1	2	4
188	8	0	0	900	0	8	-1	2	4
189	8	0	0	900	0	8	-1	2	4
190	8	0	0	900	0	8	-1	2	4
191	8	0	0	900	0	8	-1	2	4
192	8	0	0	900	0	8	-1	2	4
193	8	0	0	900	0	8	-1	2	4
194	8	0	0	900	0	8	-1	2	4
195	8	0	0	900	0	8	-1	2	4
196	8	0	0	900	0	8	-1	2	4
197	8	0	0	900	0	8	-1	2	4
198	8	0	0	900	0	8	-1	2	4
199	8	0	0	900	0	8	-1	2	4
200	8	0	0	900	0	8	-1	2	4
201	8	0	0	900	0	8	-1	2	4
202	8	0	0	900	0	8	-1	2	4
203	8	0	0	900	0	8	-1	2	4
204	8	0	0	900	0	8	-1	2	4
205	8	0	0	900	0	8	-1	2	4
206	8	0	0	900	0	8	-1	2	4
207	8	0	0	900	0	8	-1	2	4
208	8	0	0	900	0	8	-1	2	4
209	8	0	0	900	0	8	-1	2	4
210	8	0	0	900	0	8	-1	2	4
211	8	0	0	900	0	8	-1	2	4
212	8	0	0	900	0	8	-1	2	4
213	8	0	0	900	0	8	-1	2	4
214	8	0	0	900	0	8	-1	2	4
215	8	0	0	900	0	8	-1	2	4
216	8	0	0	900	0	8	-1	2	4
217	8	0	0	900	0	8	-1	2	4
218	8	0	0	900	0	8	-1	2	4
219	8	0	0	900	0	8	-1	2	4
220	8	0	0	900	0	8	-1	2	4
221	8	0	0	900	0	8	-1	2	4
222	8	0	0	900	0	8	-1	2	4
223	8	0	0	900	0	8	-1	2	4
224	8	0	0	900	0	8	-1	2	4
225	8	0	0	900	0	8	-1	2	4
226	8	0	0	900	0	8	-1	2	4
227	8	0	0	900	0	8	-1	2	4
228	8	0	0	900	0	8	-1	2	4
229	8	0	0	900	0	8	-1	2	4
230	8	0	0	900	0	8	-1	2	4
231	8	0	0	900	0	8	-1	2	4
232	8	0	0	900	0	8	-1	2	4
233	8	0	0	900	0	8	-1	2	4
234	8	0	0	900	0	8	-1	2	4
235	8	0	0	900	0	8	-1	2	4
236	8	0	0	900	0	8	-1	2	4
237	8	0	0	900	0	8	-1	2	4
238	8	0	0	900	0	8	-1	2	4
239	8	0	0	900	0	8	-1	2	4
240	8	0	0	900	0	8	-1	2	4
241	8	0	0	900	0	8	-1	2	4
242	8	0	0	900	0	8	-1	2	4
243	8	0	0	900	0	8	-1	2	4
244	8	0	0	900	0	8	-1	2	4
245	8	0	0	900	0	8	-1	2	4
246	8	0	0	900	0	8	-1	2	4
247	8	0	0	900	0	8	-1	2	4
248	8	0	0	900	0	8	-1	2	4
249	8	0	0	900	0	8	-1	2	4
250	8	0	0	900	0	8	-1	2	4
251	8	0	0	900	0	8	-1	2	4
252	8	0	0	900	0	8	-1	2	4
253	8	0	0	900	0	8	-1	2	4
254	8	0	0	900	0	8	-1	2	4
255	8	0	0	900	0	8	-1	2	4
256	8	0	0	900	0	8	-1	2	4
257	8	0	0	900	0	8	-1	2	4
258	8	0	0	900	0	8	-1	2	4
259	8	0	0	900	0	8	-1	2	4
260	8	0	0	900	0	8	-1	2	4
261	8	0	0	900	0	8	-1	2	4
262	8	0	0	900	0	8	-1	2	4
263	8	0	0	900	0	8	-1	2	4
264	8	0	0	900	0	8	-1	2	4
265	8	0	0	900	0	8	-1	2	4
266	8	0	0	900	0	8	-1	2	4
267	8	0	0	900	0	8	-1	2	4
268	8	0	0	900	0	8	-1	2	4
269	8	0	0	900	0	8	-1	2	4
270	8	0	0	900	0	8	-1	2	4
271	8	0	0	900	0	8	-1	2	4
272	8	0	0	900	0	8	-1	2	4
273	8	0	0	900	0	8	-1	2	4
274	8	0	0	900	0	8	-1	2	4
275	8	0	0	900	0	8	-1	2	4
276	8	0	0	900	0	8	-1	2	4
277	8	0	0	900	0	8	-1	2	4
278	8	0	0	900	0	8	-1	2	4
279	8	0	0	900	0	8	-1	2	4
280	8	0	0	900	0	8	-1	2	4
281	8	0	0	900	0	8	-1	2	4
282	8	0	0	900	0	8	-1	2	4
283	8	0	0	900	0	8	-1	2	4
284	8	0	0	900	0	8	-1	2	4
285	8	0	0	900	0	8	-1	2	4
286	8	0	0	900	0	8	-1	2	4
287	8	0	0	900	0	8	-1	2	4
288	8	0	0	900	0	8	-1	2	4
289	8	0	0	900	0	8	-1	2	4
290	8	0	0	900	0	8	-1	2	4
291	8	0	0	900	0	8	-1	2	4
292	8	0	0	900	0	8	-1	2	4
293	8	0	0	900	0	8	-1	2	4
294	8	0	0	900	0	8	-1	2	4
295	8	0	0	900	0	8	-1	2	4
296	8	0	0	900	0	8	-1	2	4
297	8	0	0	900	0	8	-1	2	4
298	8	0	0	900	0	8	-1	2	4
299	8	0	0	900	0	8	-1	2	4
300	8	0	0	900	0	8	-1	2	4
301	8	0	0	900	0	8	-1	2	4
302	8	0	0	900	0	8	-1	2	4
303	8	0	0	900	0	8	-1	2	4
304	8	0	0	900	0	8	-1	2	4
305	8	0	0	900	0	8	-1	2	4
306	8	0	0	900	0	8	-1	2	4
307	8	0	0	900	0	8	-1	2	4
308	8	0	0	900	0	8	-1	2	4
309	8	0	0	900	0	8	-1	2	4
310	8	0	0	900	0	8	-1	2	4
311	8	0	0	900	0	8	-1	2	4
312	8	0	0	900	0	8	-1	2	4
313	8	0	0	900	0	8	-1	2	4
314	8	0	0	900	0	8	-1	2	4
315	8	0	0	900	0	8	-1	2	4
316	8	0	0	900	0	8	-1	2	4
317	8	0	0	900	0	8	-1	2	4
318	8	0	0	900	0	8	-1	2	4
319	8	0	0	900	0	8	-1	2	4
320	8	0	0	900	0	8	-1	2	4
321	8	0	0	900	0	8	-1	2	4
322	8	0	0	900	0	8	-1	2	4
323	8	0	0	900	0	8	-1	2	4
324	8	0	0	900	0	8	-1	2	4
325	8	0	0	900	0	8	-1	2	4
326	8	0	0	900	0	8	-1	2	4
327	8	0	0	900	0	8	-1	2	4
328	8	0	0	900	0	8	-1	2	4
329	8	0	0	900	0	8	-1	2	4
330	8	0	0	900	0	8	-1	2	4
331	8	0	0	900	0	8	-1	2	4
332	8	0	0	900	0	8	-1	2	4
333	8	0	0	900	0	8	-1	2	4
334	8	0	0	900	0	8	-1	2	4
335	8	0	0	900	0	8	-1	2	4
336	8	0	0	900	0	8	-1	2	4
337	8	0	0	900	0	8	-1	2	4
338	8	0	0	900	0	8	-1	2	4
339	8	0	0	900	0	8	-1	2	4
340	8	0	0	900	0	8	-1	2	4
341	8	0	0	900	0	8	-1	2	4
342	8	0	0	900	0	8	-1	2	4
343	8	0	0	900	0	8	-1	2	4
344	8	0	0	900	0	8	-1	2	4
345	8	0	0	900	0	8	-1	2	4
346	8	0	0	900	0	8	-1	2	4
347	8	0	0	900	0	8	-1	2	4
348	8	0	0	900	0	8	-1	2	4
349	8	0	0	900	0	8	-1	2	4
350	8	0	0	900	0	8	-1	2	4
351	8	0	0	900	0	8	-1	2	4
352	8	0	0	900	0	8	-1	2	4
353	8	0	0	900	0	8	-1	2	4
354	8	0	0	900	0	8	-1	2	4
355	8	0	0	900	0	8	-1	2	4
356	8	0	0	900	0	8	-1	2	4
357	8	0	0	900	0	8	-1	2	4
358	8	0	0	900	0	8	-1	2	4
359	8	0	0	900	0	8	-1	2	4
360	8	0	0	900	0	8	-1	2	4
361	8	0	0	900	0	8	-1	2	4
362	8	0	0	900	0	8	-1	2	4
363	8	0	0	900	0	8	-1	2	4
364	8	0	0	900	0	8	-1	2	4
365	8	0	0	900	0	8	-1	2	4
366	8	0	0	900	0	8	-1	2	4
367	8	0	0	900	0	8	-1	2	4
368	8	0	0	900	0	8	-1	2	4
369	8	0	0	900	0	8	-1	2	4
370	8	0	0	900	0	8	-1	2	4
371	8	0	0	900	0	8	-1	2	4
372	8	0	0	900	0	8	-1	2	4
373	8	0	0	900	0	8	-1	2	4
374	8	0	0	900	0	8	-1	2	4
375	8	0	0	900	0	8	-1	2	4
376	8	0	0	900	0	8	-1	2	4
377	8	0	0	900	0	8	-1	2	4
378	8	0	0	900	0	8	-1	2	4
379	8	0	0	900	0	8	-1	2	4
380	8	0	0	900	0	8	-1	2	4
381	8	0	0	900	0	8	-1	2	4
382	8	0	0	900	0	8	-1	2	4
383	8	0	0	900	0	8	-1	2	4
384	8	0	0	900	0	8	-1	2	4
385	8	0	0	900	0	8	-1	2	4
386	8	0	0	900	0	8	-1	2	4
387	8	0	0	900	0	8	-1	2	4
388	8	0	0	900	0	8	-1	2	4
389	8	0	0	900	0	8	-1	2	4
390	8	0	0	900	0	8	-1	2	4
391	8	0	0	900	0	8	-1	2	4
392	8	0	0	900	0	8	-1	2	4
393	8	0	0	900	0	8	-1	2	4
394	8	0	0	900	0	8	-1	2	4
395	8	0	0	900	0	8	-1	2	4
396	8	0	0	900	0	8	-1	2	4
397	8	0	0	900	0	8	-1	2	4
398	8	0	0	900	0	8	-1	2	4
399	8	0	0	900	0	8	-1	2	4
400	8	0	0	900	0	8	-1	2	4
401	8	0	0	900	0	8	-1	2	4
402	8	0	0	900	0	8	-1	2	4
403	8	0	0	900	0	8	-1	2	4
404	8	0	0	900	0	8	-1	2	4
405	8	0	0	900	0	8	-1	2	4
406	8	0	0	900	0	8	-1	2	4
407	8	0	0	900	0	8	-1	2	4
408	8	0	0	900	0	8	-1	2	4
409	8	0	0	900	0	8	-1	2	4
410	8	0	0	900	0	8	-1	2	4
411	8	0	0	900	0	8	-1	2	4
412	8	0	0	900	0	8	-1	2	4
413	8	0	0	900	0	8	-1	2	4
414	8	0	0	900	0	8	-1	2	4
415	8	0	0	900	0	8	-1	2	4
416	8	0	0	900	0	8	-1	2	4
417	8	0	0	900	0	8	-1	2	4
418	8	0	0	900	0	8	-1	2	4
419	8	0	0	900	0	8	-1	2	4
420	8	0	0	900	0	8	-1	2	4
421	8	0	0	900	0	8	-1	2	4
422	8	0	0	900	0	8	-1	2	4
423	8	0	0	900	0	8	-1	2	4
424	8	0	0	900	0	8	-1	2	4
425	8	0	0	900	0	8	-1	2	4
426	8	0	0	900	0	8	-1	2	4
427	8	0	0	900	0	8	-1	2	4
428	8	0	0	900	0	8	-1	2	4
429	8	0	0	900	0	8	-1	2	4
430	8	0	0	900	0	8	-1	2	4
431	8	0	0	900	0	8	-1	2	4
432	8	0	0	900	0	8	-1	2	4
433	8	0	0	900	0	8	-1	2	4
434	8	0	0	900	0	8	-1	2	4
435	8	0	0	900	0	8	-1	2	4
436	8	0	0	900	0	8	-1	2	4
437	8	0	0	900	0	8	-1	2	4
438	8	0	0	900	0	8	-1	2	4
439	8	0	0	900	0	8	-1	2	4
440	8	0	0	900	0	8	-1	2	4
441	8	0	0	900	0	8	-1	2	4
442	8	0	0	900	0	8	-1	2	4
443	8	0	0	900	0	8	-1	2	4
444	8	0	0	900	0	8	-1	2	4
445	8	0	0	900	0	8	-1	2	4
446	8	0	0	900	0	8	-1	2	4
447	8	0	0	900	0	8	-1	2	4
448	8	0	0	900	0	8	-1	2	4
449	8	0	0	900	0	8	-1	2	4
450	8	0	0	900	0	8	-1	2	4
451	8	0	0	900	0	8	-1	2	4
452	8	0	0	900	0	8	-1	2	4
453	8	0	0	900	0	8	-1	2	4
454	8	0	0	900	0	8	-1	2	4
455	8	0	0	900	0	8	-1	2	4
456	8	0	0	900	0	8	-1	2	4
457	8	0	0	900	0	8	-1	2	4
458	8	0	0	900	0	8	-1	2	4
459	8	0	0	900	0	8	-1	2	4
460	8	0	0	900	0	8	-1	2	4
461	8	0	0	900	0	8	-1	2	4
462	8	0	0	900	0	8	-1	2	4
463	8	0	0	900	0	8	-1	2	4
464	8	0	0	900	0	8	-1	2	4
465	8	0	0	900	0	8	-1	2	4
466	8	0	0	900	0	8	-1	2	4
467	8	0	0	900	0	8	-1	2	4
468	8	0	0	900	0	8	-1	2	4
469	8	0	0	900	0	8	-1	2	4
470	8	0	0	900	0	8	-1	2	4
471	8	0	0	900	0	8	-1	2	4
472	8	0	0	900	0	8	-1	2	4
473	8	0	0	900	0	8	-1	2	4
474	8	0	0	900	0	8	-1	2	4
475	8	0	0	900	0	8	-1	2	4
476	8	0	0	900	0	8	-1	2	4
477	8	0	0	900	0	8	-1	2	4
478	8	0	0	900	0	8	-1	2	4
479	8	0	0	900	0	8	-1	2	4
480	8	0	0	900	0	8	-1	2	4
481	8	0	0	900	0	8	-1	2	4
482	8	0	0	900	0	8	-1	2	4
483	8	0	0	900	0	8	-1	2	4
484	8	0	0	900	0	8	-1	2	4
485	8	0	0	900	0	8	-1	2	4
486	8	0	0	900	0	8	-1	2	4
487	8	0	0	900	0	8	-1	2	4
488	8	0	0	900	0	8	-1	2	4
489	8	0	0	900	0	8	-1	2	4
490	8	0	0	900	0	8	-1	2	4
491	8	0	0	900	0	8	-1	2	4
492	8	0	0	900	0	8	-1	2	4
493	8	0	0	900	0	8	-1	2	4
494	8	0	0	900	0	8	-1	2	4
495	8	0	0	900	0	8	-1	2	4
496	8	0	0	900	0	8	-1	2	4
497	8	0	0	900	0	8	-1	2	4
498	8	0	0	900	0	8	-1	2	4
499	8	0	0	900	0	8	-1	2	4
500	8	0	0	900	0	8	-1	2	4
501	8	0	0	900	0	8	-1	2	4
502	8	0	0	900	0	8	-1	2	4
503	8	0	0	900	0	8	-1	2	4
504	8	0	0	900	0	8	-1	2	4
505	8	0	0	900	0	8	-1	2	4
506	8	0	0	900	0	8	-1	2	4
507	8	0	0	900	0	8	-1	2	4
508	8	0	0	900	0	8	-1	2	4
509	8	0	0	900	0	8	-1	2	4
510	8	0	0	900	0	8	-1	2	4
511	8	0	0	900	0	8	-1	2	4
512	8	0	0	900	0	8	-1	2	4
513	8	0	0	900	0	8	-1	2	4
514	8	0	0	900	0	8	-1	2	4
515	8	0	0	900	0	8	-1	2	4
516	8	0	0	900	0	8	-1	2	4
517	8	0	0	900	0	8	-1	2	4
518	8	0	0	900	0	8	-1	2	4
519	8	0	0	900	0	8	-1	2	4
520	8	0	0	900	0	8	-1	2	4
521	8	0	0	900	0	8	-1	2	4
522	8	0	0	900	0	8	-1	2	4
523	8	0	0	900	0	8	-1	2	4
524	8	0	0	900	0	8	-1	2	4
525	8	0	0	900	0	8	-1	2	4
526	8	0	0	900	0	8	-1	2	4
527	8	0	0	900	0	8	-1	2	4
528	8	0	0	900	0	8	-1	2	4
529	8	0	0	900	0	8	-1	2	4
530	8	0	0	900	0	8	-1	2	4
531	8	0	0	900	0	8	-1	2	4
532	8	0	0	900	0	8	-1	2	4
533	8	0	0	900	0	8	-1	2	4
534	8	0	0	900	0	8	-1	2	4
535	8	0	0	900	0	8	-1	2	4
536	8	0	0	900	0	8	-1	2	4
537	8	0	0	900	0	8	-1	2	4
538	8	0	0	900	0	8	-1	2	4
539	8	0	0	900	0	8	-1	2	4
540	8	0	0	900	0	8	-1	2	4
541	8	0	0	900	0	8	-1	2	4
542	8	0	0	900	0	8	-1	2	4
543	8	0	0	900	0	8	-1	2	4
544	8	0	0	900	0	8	-1	2	4
545	8	0	0	900	0	8	-1	2	4
546	8	0	0	900	0	8	-1	2	4
547	8	0	0	900	0	8	-1	2	4
548	8	0	0	900	0	8	-1	2	4
549	8	0	0	900	0	8	-1	2	4
550	8	0	0	900	0	8	-1	2	4
551	8	0	0	900	0	8	-1	2	4
552	8	0	0	900	0	8	-1	2	4
553	8	0	0	900	0	8	-1	2	4
554	8	0	0	900	0	8	-1	2	4
555	8	0	0	900	0	8	-1	2	4
556	8	0	0	900	0	8	-1	2	4
557	8	0	0	900	0	8	-1	2	4
558	8	0	0	900	0	8	-1	2	4
559	8	0	0	900	0	8	-1	2	4
560	8	0	0	900	0	8	-1	2	4
561	8	0	0	900	0	8	-1	2	4
562	8	0	0	900	0	8	-1	2	4
563	8	0	0	900	0	8	-1	2	4
564	8	0	0	900	0	8	-1	2	4
565	8	0	0	900	0	8	-1	2	4
566	8	0	0	900	0	8	-1	2	4
567	8	0	0	900	0	8	-1	2	4
568	8	0	0	900	0	8	-1	2	4
569	8	0	0	900	0	8	-1	2	4
570	8	0	0	900	0	8	-1	2	4
571	8	0	0	900	0	8	-1	2	4
572	8	0	0	900	0	8	-1	2	4
573	8	0	0	900	0	8	-1	2	4
574	8	0	0	900	0	8	-1	2	4
575	8	0	0	900	0	8	-1	2	4
576	8	0	0	900	0	8	-1	2	4
577	8	0	0	900	0	8	-1	2	4
578	8	0	0	900	0	8	-1	2	4
579	8	0	0	900	0	8	-1	2	4
580	8	0	0	900	0	8	-1	2	4
581	8	0	0	900	0	8	-1	2	4
582	8	0	0	900	0	8	-1	2	4
583	8	0	0	900	0	8	-1	2	4
584	8	0	0	900	0	8	-1	2	4
585	8	0	0	900	0	8	-1	2	4
586	8	0	0	900	0	8	-1	2	4
587	8	0	0	900	0	8	-1	2	4
588	8	0	0	900	0	8	-1	2	4
589	8	0	0	900	0	8	-1	2	4
590	8	0	0	900	0	8	-1	2	4
591	8	0	0	900	0	8	-1	2	4
592	8	0	0	900	0	8	-1	2	4
593	8	0	0	900	0	8	-1	2	4
594	8	0	0	900	0	8	-1	2	4
595	8	0	0	900	0	8	-1	2	4
596	8	0	0	900	0	8	-1	2	4
597	8	0	0	900	0	8	-1	2	4
598	8	0	0	900	0	8	-1	2	4
599	8	0	0	900	0	8	-1	2	4
600	8	0	0	900	0	8	-1	2	4
601	8	0	0	900	0	8	-1	2	4
602	8	0	0	900	0	8	-1	2	4
603	8	0	0	900	0	8	-1	2	4
604	8	0	0	900	0	8	-1	2	4
605	8	0	0	900	0	8	-1	2	4
606	8	0	0	900	0	8	-1	2	4
607	8	0	0	900	0	8	-1	2	4
608	8	0	0	900	0	8	-1	2	4
609	8	0	0	900	0	8	-1	2	4
610	8	0	0	900	0	8	-1	2	4
611	8	0	0	900	0	8	-1	2	4
612	8	0	0	900	0	8	-1	2	4
613	8	0	0	900	0	8	-1	2	4
614	8	0	0	900	0	8	-1	2	4
615	8	0	0	900	0	8	-1	2	4
616	8	0	0	900	0	8	-1	2	4
617	8	0	0	900	0	8	-1	2	4
618	8	0	0	900	0	8	-1	2	4
619	8	0	0	900	0	8	-1	2	4
620	8	0	0	900	0	8	-1	2	4
621	8	0	0	900	0	8	-1	2	4
622	8	0	0	900	0	8	-1	2	4
623	8	0	0	900	0	8	-1	2	4
624	8	0	0	900	0	8	-1	2	4
625	8	0	0	900	0	8	-1	2	4
626	8	0	0	900	0	8	-1	2	4
627	8	0	0	900	0	8	-1	2	4
628	8	0	0	900	0	8	-1	2	4
629	8	0	0	900	0	8	-1	2	4
630	8	0	0	900	0	8	-1	2	4
631	8	0	0	900	0	8	-1	2	4
632	8	0	0	900	0	8	-1	2	4
633	8	0	0	900	0	8	-1	2	4
634	8	0	0	900	0	8	-1	2	4
635	8	0	0	900	0	8	-1	2	4
636	8	0	0	900	0	8	-1	2	4
637	8	0	0	900	0	8	-1	2	4
638	8	0	0	900	0	8	-1	2	4
639	8	0	0	900	0	8	-1	2	4
640	8	0	0	900	0	8	-1	2	4
641	8	0	0	900	0	8	-1	2	4
642	8	0	0	900	0	8	-1	2	4
643	8	0	0	900	0	8	-1	2	4
644	8	0	0	900	0	8	-1	2	4
645	8	0	0	900	0	8	-1	2	4
646	8	0	0	900	0	8	-1	2	4
647	8	0	0	900	0	8	-1	2	4
648	8	0	0	900	0	8	-1	2	4
649	8	0	0	900	0	8	-1	2	4
650	8	0	0	900	0	8	-1	2	4
651	8	0	0	900	0	8	-1	2	4
652	8	0	0	900	0	8	-1	2	4
653	8	0	0	900	0	8	-1	2	4
654	8	0	0	900	0	8	-1	2	4
655	8	0	0	900	0	8	-1	2	4
656	8	0	0	900	0	8	-1	2	4
657	8	0	0	900	0	8	-1	2	4
658	8	0	0	900	0	8	-1	2	4
659	8	0	0	900	0	8	-1	2	4
660	8	0	0	900	0	8	-1	2	4
661	8	0	0	900	0	8	-1	2	4
662	8	0	0	900	0	8	-1	2	4
663	8	0	0	900	0	8	-1	2	4
664	8	0	0	900	0	8	-1	2	4
665	8	0	0	900	0	8	-1	2	4
666	8	0	0	900	0	8	-1	2	4
667	8	0	0	900	0	8	-1	2	4
668	8	0	0	900	0	8	-1	2	4
669	8	0	0	900	0	8	-1	2	4
670	8	0	0	900	0	8	-1	2	4
671	8	0	0	900	0	8	-1	2	4
672	8	0	0	900	0	8	-1	2	4
673	8	0	0	900	0	8	-1	2	4
674	8	0	0	900	0	8	-1	2	4
675	8	0	0	900	0	8	-1	2	4
676	8	0	0	900	0	8	-1	2	4
677	8	0	0	900	0	8	-1	2	4
678	8	0	0	900	0	8	-1	2	4
679	8	0	0	900	0	8	-1	2	4
680	8	0	0	900	0	8	-1	2	4
681	8	0	0	900	0	8	-1	2	4
682	8	0	0	900	0	8	-1	2	4
683	8	0	0	900	0	8	-1	2	4
684	8	0	0	900	0	8	-1	2	4
685	8	0	0	900	0	8	-1	2	4
686	8	0	0	900	0	8	-1	2	4
687	8	0	0	900	0	8	-1	2	4
688	8	0	0	900	0	8	-1	2	4
689	8	0	0	900	0	8	-1	2	4
690	8	0	0	900	0	8	-1	2	4
691	8	0	0	900	0	8	-1	2	4
692	8	0	0	900	0	8	-1	2	4
693	8	0	0	900	0	8	-1	2	4
694	8	0	0	900	0	8	-1	2	4
695	8	0	0	900	0	8	-1	2	4
696	8	0	0	900	0	8	-1	2	4
697	8	0	0	900	0	8	-1	2	4
698	8	0	0	900	0	8	-1	2	4
699	8	0	0	900	0	8	-1	2	4
700	8	0	0	900	0	8	-1	2	4
701	8	0	0	900	0	8	-1	2	4
702	8	0	0	900	0	8	-1	2	4
703	8	0	0	900	0	8	-1	2	4
704	8	0	0	900	0	8	-1	2	4
705	8	0	0	900	0	8	-1	2	4
706	8	0	0	900	0	8	-1	2	4
707	8	0	0	900	0	8	-1	2	4
708	8	0	0	900	0	8	-1	2	4
709	8	0	0	900	0	8	-1	2	4
710	8	0	0	900	0	8	-1	2	4
711	8	0	0	900	0	8	-1	2	4
712	8	0	0	900	0	8	-1	2	4
713	8	0	0	900	0	8	-1	2	4
714	8	0	0	900	0	8	-1	2	4
715	8	0	0	900	0	8	-1	2	4
716	8	0	0	900	0	8	-1	2	4
717	8	0	0	900	0	8	-1	2	4
718	8	0	0	900	0	8	-1	2	4
719	8	0	0	900	0	8	-1	2	4
720	8	0	0	900	0	8	-1	2	4
721	8	0	0	900	0	8	-1	2	4
722	8	0	0	900	0	8	-1	2	4
723	8	0	0	900	0	8	-1	2	4
724	8	0	0	900	0	8	-1	2	4
725	8	0	0	900	0	8	-1	2	4
726	8	0	0	900	0	8	-1	2	4
727	8	0	0	900	0	8	-1	2	4
728	8	0	0	900	0	8	-1	2	4
729	8	0	0	900	0	8	-1	2	4
730	8	0	0	900	0	8	-1	2	4
731	8	0	0	900	0	8	-1	2	4
732	8	0	0	900	0	8	-1	2	4
733	8	0	0	900	0	8	-1	2	4
734	8	0	0	900	0	8	-1	2	4
735	8	0	0	900	0	8	-1	2	4
736	8	0	0	900	0	8	-1	2	4
737	8	0	0	900	0	8	-1	2	4
738	8	0	0	900	0	8	-1	2	4
739	8	0	0	900	0	8	-1	2	4
740	8	0	0	900	0	8	-1	2	4
741	8	0	0	900	0	8	-1	2	4
742	8	0	0	900	0	8	-1	2	4
743	8	0	0	900	0	8	-1	2	4
744	8	0	0	900	0	8	-1	2	4
745	8	0	0	900	0	8	-1	2	4
746	8	0	0	900	0	8	-1	2	4
747	8	0	0	900	0	8	-1	2	4
748	8	0	0	900	0	8	-1	2	4
749	8	0	0	900	0	8	-1	2	4
750	8	0	0	900	0	8	-1	2	4
751	8	0	0	900	0	8	-1	2	4
752	8	0	0	900	0	8	-1	2	4
753	8	0	0	900	0	8	-1	2	4
754	8	0	0	900	0	8	-1	2	4
755	8	0	0	900	0	8	-1	2	4
756	8	0	0	900	0	8	-1	2	4
757	8	0	0	900	0	8	-1	2	4
758	8	0	0	900	0	8	-1	2	4
759	8	0	0	900	0	8	-1	2	4
760	8	0	0	900	0	8	-1	2	4
761	8	0	0	900	0	8	-1	2	4
762	8	0	0	900	0	8	-1	2	4
763	8	0	0	900	0	8	-1	2	4
764	8	0	0	900	0	8	-1	2	4
765	8	0	0	900	0	8	-1	2	4
766	8	0	0	900	0	8	-1	2	4
767	8	0	0	900	0	8	-1	2	4
768	8	0	0	900	0	8	-1	2	4
769	8	0	0	900	0	8	-1	2	4
770	8	0	0	900	0	8	-1	2	4
771	8	0	0	900	0	8	-1	2	4
772	8	0	0	900	0	8	-1	2	4
773	8	0	0	900	0	8	-1	2	4
774	8	0	0	900	0	8	-1	2	4
775	8	0	0	900	0	8	-1	2	4
776	8	0	0	900	0	8	-1	2	4
777	8	0	0	900	0	8	-1	2	4
778	8	0	0	900	0	8	-1	2	4
779	8	0	0	900	0	8	-1	2	4
780	8	0	0	900	0	8	-1	2	4
781	8	0	0	900	0	8	-1	2	4
782	8	0	0	900	0	8	-1	2	4
783	8	0	0	900	0	8	-1	2	4
784	8	0	0	900	0	8	-1	2	4
785	8	0	0	900	0	8	-1	2	4
786	8	0	0	900	0	8	-1	2	4
787	8	0	0	900	0	8	-1	2	4
788	8	0	0	900	0	8	-1	2	4
789	8	0	0	900	0	8	-1	2	4
790	8	0	0	900	0	8	-1	2	4
791	8	0	0	900	0	8	-1	2	4
792	8	0	0	900	0	8	-1	2	4
793	8	0	0	900	0	8	-1	2	4
794	8	0	0	900	0	8	-1	2	4
795	8	0	0	900	0	8	-1	2	4
796	8	0	0	900	0	8	-1	2	4
797	8	0	0	900	0	8	-1	2	4
798	8	0	0	900	0	8	-1	2	4
799	8	0	0	900	0	8	-1	2	4
800	8	0	0	900	0	8	-1	2	4
801	8	0	0	900	0	8	-1	2	4
802	8	0	0	900	0	8	-1	2	4
803	8	0	0	900	0	8	-1	2	4
804	8	0	0	900	0	8	-1	2	4
805	8	0	0	900	0	8	-1	2	4
806	8	0	0	900	0	8	-1	2	4
807	8	0	0	900	0	8	-1	2	4
808	8	0	0	900	0	8	-1	2	4
809	8	0	0	900	0	8	-1	2	4
810	8	0	0	900	0	8	-1	2	4
811	8	0	0	900	0	8	-1	2	4
812	8	0	0	900	0	8	-1	2	4
813	8	0	0	900	0	8	-1	2	4
814	8	0	0	900	0	8	-1	2	4
815	8	0	0	900	0	8	-1	2	4
816	8	0	0	900	0	8	-1	2	4
817	8	0	0	900	0	8	-1	2	4
818	8	0	0	900	0	8	-1	2	4
819	8	0	0	900	0	8	-1	2	4
820	8	0	0	900	0	8	-1	2	4
821	8	0	0	900	0	8	-1	2	4
822	8	0	0	900	0	8	-1	2	4
823	8	0	0	900	0	8	-1	2	4
824	8	0	0	900	0	8	-1	2	4
825	8	0	0	900	0	8	-1	2	4
826	8	0	0	900	0	8	-1	2	4
827	8	0	0	900	0	8	-1	2	4
828	8	0	0	900	0	8	-1	2	4
829	8	0	0	900	0	8	-1	2	4
830	8	0	0	900	0	8	-1	2	4
831	8	0	0	900	0	8	-1	2	4
832	8	0	0	900	0	8	-1	2	4
833	8	0	0	900	0	8	-1	2	4
834	8	0	0	900	0	8	-1	2	4
835	8	0	0	900	0	8	-1	2	4
836	8	0	0	900	0	8	-1	2	4
837	8	0	0	900	0	8	-1	2	4
838	8	0	0	900	0	8	-1	2	4
839	8	0	0	900	0	8	-1	2	4
840	8	0	0	900	0	8	-1	2	4
841	8	0	0	900	0	8	-1	2	4
842	8	0	0	900	0	8	-1	2	4
843	8	0	0	900	0	8	-1	2	4
844	8	0	0	900	0	8	-1	2	4
845	8	0	0	900	0	8	-1	2	4
846	8	0	0	900	0	8	-1	2	4
847	8	0	0	900	0	8	-1	2	4
848	8	0	0	900	0	8	-1	2	4
849	8	0	0	900	0	8	-1	2	4
850	8	0	0	900	0	8	-1	2	4
851	8	0	0	900	0	8	-1	2	4
852	8	0	0	900	0	8	-1	2	4
853	8	0	0	900	0	8	-1	2	4
854	8	0	0	900	0	8	-1	2	4
855	8	0	0	900	0	8	-1	2	4
856	8	0	0	900	0	8	-1	2	4
857	8	0	0	900	0	8	-1	2	4
858	8	0	0	900	0	8	-1	2	4
859	8	0	0	900	0	8	-1	2	4
860	8	0	0	900	0	8	-1	2	4
861	8	0	0	900	0	8	-1	2	4
862	8	0	0	900	0	8	-1	2	4
863	8	0	0	900	0	8	-1	2	4
864	8	0	0	900	0	8	-1	2	4
865	8	0	0	900	0	8	-1	2	4
866	8	0	0	900	0	8	-1	2	4
867	8	0	0	900	0	8	-1	2	4
868	8	0	0	900	0	8	-1	2	4
869	8	0	0	900	0	8	-1	2	4
870	8	0	0	900	0	8	-1	2	4
871	8	0	0	900	0	8	-1	2	4
872	8	0	0	900	0	8	-1	2	4
873	8	0	0	900	0	8	-1	2	4
874	8	0	0	900	0	8	-1	2	4
875	8	0	0	900	0	8	-1	2	4
876	8	0	0	900	0	8	-1	2	4
877	8	0	0	900	0	8	-1	2	4
878	8	0	0	900	0	8	-1	2	4
879	8	0	0	900	0	8	-1	2	4
880	8	0	0	900	0	8	-1	2	4
881	8	0	0	900	0	8	-1	2	4
882	8	0	0	900	0	8	-1	2	4
883	8	0	0	900	0	8	-1	2	4
884	8	0	0	900	0	8	-1	2	4
885	8	0	0	900	0	8	-1	2	4
886	8	0	0	900	0	8	-1	2	4
887	8	0	0	900	0	8	-1	2	4
888	8	0	0	900	0	8	-1	2	4
889	8	0	0	900	0	8	-1	2	4
890	8	0	0	900	0	8	-1	2	4
891	8	0	0	900	0	8	-1	2	4
892	8	0	0	900	0	8	-1	2	4
893	8	0	0	900	0	8	-1	2	4
894	8	0	0	900	0	8	-1	2	4
895	8	0	0	900	0	8	-1	2	4
896	8	0	0	900	0	8	-1	2	4
897	8	0	0	900	0	8	-1	2	4
898	8	0	0	900	0	8	-1	2	4
899	8	0	0	900	0	8	-1	2	4
900	8	0	0	900	0	8	-1	2	4
901	8	0	0	900	0	8	-1	2	4
902	8	0	0	900	0	8	-1	2	4
903	8	0	0	900	0	8	-1	2	4
904	8	0	0	900	0	8	-1	2	4
905	8	0	0	900	0	8	-1	2	4
906	8	0	0	900	0	8	-1	2	4
907	8	0	0	900	0	8	-1	2	4
908	8	0	0	900	0	8	-1	2	4
909	8	0	0	900	0	8	-1	2	4
910	8	0	0	900	0	8	-1	2	4
911	8	0	0	900	0	8	-1	2	4
912	8	0	0	900	0	8	-1	2	4
913	8	0	0	900	0	8	-1	2	4
914	8	0	0	900	0	8	-1	2	4
915	8	0	0	900	0	8	-1	2	4
916	8	0	0	900	0	8	-1	2	4
917	8	0	0	900	0	8	-1	2	4
918	8	0	0	900	0	8	-1	2	4
919	8	1	1	900	919	8	8	2	4
920	8	1	1	900	919	8	8	2	4
921	8	1	1	900	919	8	8	2	4
922	8	1	1	900	919	8	8	2	4
923	8	1	1	900	919	8	8	2	4
924	8	1	1	900	919	8	8	2	4
925	8	1	1	900	919	8	8	2	4
926	8	1	1	900	919	8	8	2	4
927	8	1	1	900	919	8	8	2	4
928	8	1	1	900	919	8	8	2	4
929	8	1	1	900	919	8	8	2	4
930	8	1	1	900	919	8	8	2	4
931	8	1	1	900	919	8	8	2	4
932	8	1	1	900	919	8	8	2	4
933	8	1	1	900	919	8	8	2	4
934	8	1	1	900	919	8	8	2	4
935	8	1	1	900	919	8	8	2	4
936	8	1	1	900	919	8	8	2	4
937	8	1	1	900	919	8	8	2	4
938	8	1	1	900	919	8	8	2	4
939	8	1	1	900	919	8	8	2	4
940	8	1	1	900	919	8	8	2	4
941	8	1	1	900	919	8	8	2	4
942	8	1	1	900	919	8	8	2	4
943	8	1	1	900	919	8	8	2	4
944	8	1	1	900	919	8	8	2	4
945	8	1	1	900	919	8	8	2	4
946	8	1	1	900	919	8	8	2	4
947	8	1	1	900	919	8	8	2	4
948	8	1	1	900	919	8	8	2	4
949	8	1	1	900	919	8	8	2	4
950	8	1	1	900	919	8	8	2	4
951	8	1	1	900	919	8	8	2	4
952	8	1	1	900	919	8	8	2	4
953	8	1	1	900	919	8	8	2	4
954	8	1	1	900	919	8	8	2	4
955	8	1	1	900	919	8	8	2	4
956	8	1	1	900	919	8	8	2	4
957	8	1	1	900	919	8	8	2	4
958	8	1	1	900	919	8	8	2	4
959	8	1	1	900	919	8	8	2	4
960	8	1	1	900	919	8	8	2	4
961	8	1	1	900	919	8	8	2	4
962	8	1	1	900	919	8	8	2	4
963	8	1	1	900	919	8	8	2	4
964	8	1	1	900	919	8	8	2	4
965	8	1	1	900	919	8	8	2	4
