1	13	0	0	900	0	13	-1	-5	-3
2	13	0	0	900	0	13	-1	-5	-3
3	13	0	0	900	0	13	-1	-5	-3
4	13	0	0	900	0	13	-1	-5	-3
5	13	0	0	900	0	13	-1	-5	-3
6	13	0	0	900	0	13	-1	-5	-3
7	13	0	0	900	0	13	-1	-5	-3
8	13	0	0	900	0	13	-1	-5	-3
9	13	0	0	900	0	13	-1	-5	-3
10	13	0	0	900	0	13	-1	-5	-3
11	13	0	0	900	0	13	-1	-5	-3
12	13	0	0	900	0	13	-1	-5	-3
13	13	0	0	900	0	13	-1	-5	-3
14	13	0	0	900	0	13	-1	-5	-3
15	13	0	0	900	0	13	-1	-5	-3
16	13	0	0	900	0	13	-1	-5	-3
17	13	0	0	900	0	13	-1	-5	-3
18	13	0	0	900	0	13	-1	-5	-3
19	13	0	0	900	0	13	-1	-5	-3
20	13	0	0	900	0	13	-1	-5	-3
21	13	0	0	900	0	13	-1	-5	-3
22	13	0	0	900	0	13	-1	-5	-3
23	13	0	0	900	0	13	-1	-5	-3
24	13	0	0	900	0	13	-1	-5	-3
25	13	0	0	900	0	13	-1	-5	-3
26	13	0	0	900	0	13	-1	-5	-3
27	13	0	0	900	0	13	-1	-5	-3
28	13	0	0	900	0	13	-1	-5	-3
29	13	0	0	900	0	13	-1	-5	-3
30	13	0	0	900	0	13	-1	-5	-3
31	13	0	0	900	0	13	-1	-5	-3
32	13	0	0	900	0	13	-1	-5	-3
33	13	0	0	900	0	13	-1	-5	-3
34	13	0	0	900	0	13	-1	-5	-3
35	13	0	0	900	0	13	-1	-5	-3
36	13	0	0	900	0	13	-1	-5	-3
37	13	0	0	900	0	13	-1	-5	-3
38	13	0	0	900	0	13	-1	-5	-3
39	13	0	0	900	0	13	-1	-5	-3
40	13	0	0	900	0	13	-1	-5	-3
41	13	0	0	900	0	13	-1	-5	-3
42	13	0	0	900	0	13	-1	-5	-3
43	13	0	0	900	0	13	-1	-5	-3
44	13	0	0	900	0	13	-1	-5	-3
45	13	0	0	900	0	13	-1	-5	-3
46	13	0	0	900	0	13	-1	-5	-3
47	13	0	0	900	0	13	-1	-5	-3
48	13	0	0	900	0	13	-1	-5	-3
49	13	0	0	900	0	13	-1	-5	-3
50	13	0	0	900	0	13	-1	-5	-3
51	13	0	0	900	0	13	-1	-5	-3
52	13	0	0	900	0	13	-1	-5	-3
53	13	0	0	900	0	13	-1	-5	-3
54	13	0	0	900	0	13	-1	-5	-3
55	13	0	0	900	0	13	-1	-5	-3
56	13	0	0	900	0	13	-1	-5	-3
57	13	0	0	900	0	13	-1	-5	-3
58	13	0	0	900	0	13	-1	-5	-3
59	13	0	0	900	0	13	-1	-5	-3
60	13	0	0	900	0	13	-1	-5	-3
61	13	0	0	900	0	13	-1	-5	-3
62	13	0	0	900	0	13	-1	-5	-3
63	13	0	0	900	0	13	-1	-5	-3
64	13	0	0	900	0	13	-1	-5	-3
65	13	0	0	900	0	13	-1	-5	-3
66	13	0	0	900	0	13	-1	-5	-3
67	13	0	0	900	0	13	-1	-5	-3
68	13	0	0	900	0	13	-1	-5	-3
69	13	0	0	900	0	13	-1	-5	-3
70	13	0	0	900	0	13	-1	-5	-3
71	13	0	0	900	0	13	-1	-5	-3
72	13	0	0	900	0	13	-1	-5	-3
73	13	0	0	900	0	13	-1	-5	-3
74	13	0	0	900	0	13	-1	-5	-3
75	13	0	0	900	0	13	-1	-5	-3
76	13	0	0	900	0	13	-1	-5	-3
77	13	0	0	900	0	13	-1	-5	-3
78	13	0	0	900	0	13	-1	-5	-3
79	13	0	0	900	0	13	-1	-5	-3
80	13	0	0	900	0	13	-1	-5	-3
81	13	0	0	900	0	13	-1	-5	-3
82	13	0	0	900	0	13	-1	-5	-3
83	13	0	0	900	0	13	-1	-5	-3
84	13	0	0	900	0	13	-1	-5	-3
85	13	0	0	900	0	13	-1	-5	-3
86	13	0	0	900	0	13	-1	-5	-3
87	13	0	0	900	0	13	-1	-5	-3
88	13	0	0	900	0	13	-1	-5	-3
89	13	0	0	900	0	13	-1	-5	-3
90	13	0	0	900	0	13	-1	-5	-3
91	13	0	0	900	0	13	-1	-5	-3
92	13	0	0	900	0	13	-1	-5	-3
93	13	0	0	900	0	13	-1	-5	-3
94	13	0	0	900	0	13	-1	-5	-3
95	13	0	0	900	0	13	-1	-5	-3
96	13	0	0	900	0	13	-1	-5	-3
97	13	0	0	900	0	13	-1	-5	-3
98	13	0	0	900	0	13	-1	-5	-3
99	13	0	0	900	0	13	-1	-5	-3
100	13	0	0	900	0	13	-1	-5	-3
101	13	0	0	900	0	13	-1	-5	-3
102	13	0	0	900	0	13	-1	-5	-3
103	13	0	0	900	0	13	-1	-5	-3
104	13	0	0	900	0	13	-1	-5	-3
105	13	0	0	900	0	13	-1	-5	-3
106	13	0	0	900	0	13	-1	-5	-3
107	13	0	0	900	0	13	-1	-5	-3
108	13	0	0	900	0	13	-1	-5	-3
109	13	0	0	900	0	13	-1	-5	-3
110	13	0	0	900	0	13	-1	-5	-3
111	13	0	0	900	0	13	-1	-5	-3
112	13	0	0	900	0	13	-1	-5	-3
113	13	0	0	900	0	13	-1	-5	-3
114	13	0	0	900	0	13	-1	-5	-3
115	13	0	0	900	0	13	-1	-5	-3
116	13	0	0	900	0	13	-1	-5	-3
117	13	0	0	900	0	13	-1	-5	-3
118	13	0	0	900	0	13	-1	-5	-3
119	13	0	0	900	0	13	-1	-5	-3
120	13	0	0	900	0	13	-1	-5	-3
121	13	0	0	900	0	13	-1	-5	-3
122	13	0	0	900	0	13	-1	-5	-3
123	13	0	0	900	0	13	-1	-5	-3
124	13	0	0	900	0	13	-1	-5	-3
125	13	0	0	900	0	13	-1	-5	-3
126	13	0	0	900	0	13	-1	-5	-3
127	13	0	0	900	0	13	-1	-5	-3
128	13	0	0	900	0	13	-1	-5	-3
129	13	0	0	900	0	13	-1	-5	-3
130	13	0	0	900	0	13	-1	-5	-3
131	13	0	0	900	0	13	-1	-5	-3
132	13	0	0	900	0	13	-1	-5	-3
133	13	0	0	900	0	13	-1	-5	-3
134	13	0	0	900	0	13	-1	-5	-3
135	13	0	0	900	0	13	-1	-5	-3
136	13	0	0	900	0	13	-1	-5	-3
137	13	0	0	900	0	13	-1	-5	-3
138	13	0	0	900	0	13	-1	-5	-3
139	13	0	0	900	0	13	-1	-5	-3
140	13	0	0	900	0	13	-1	-5	-3
141	13	0	0	900	0	13	-1	-5	-3
142	13	0	0	900	0	13	-1	-5	-3
143	13	0	0	900	0	13	-1	-5	-3
144	13	0	0	900	0	13	-1	-5	-3
145	13	0	0	900	0	13	-1	-5	-3
146	13	0	0	900	0	13	-1	-5	-3
147	13	0	0	900	0	13	-1	-5	-3
148	13	0	0	900	0	13	-1	-5	-3
149	13	0	0	900	0	13	-1	-5	-3
150	13	0	0	900	0	13	-1	-5	-3
151	13	0	0	900	0	13	-1	-5	-3
152	13	0	0	900	0	13	-1	-5	-3
153	13	0	0	900	0	13	-1	-5	-3
154	13	0	0	900	0	13	-1	-5	-3
155	13	0	0	900	0	13	-1	-5	-3
156	13	0	0	900	0	13	-1	-5	-3
157	13	0	0	900	0	13	-1	-5	-3
158	13	0	0	900	0	13	-1	-5	-3
159	13	0	0	900	0	13	-1	-5	-3
160	13	0	0	900	0	13	-1	-5	-3
161	13	0	0	900	0	13	-1	-5	-3
162	13	0	0	900	0	13	-1	-5	-3
163	13	0	0	900	0	13	-1	-5	-3
164	13	0	0	900	0	13	-1	-5	-3
165	13	0	0	900	0	13	-1	-5	-3
166	13	0	0	900	0	13	-1	-5	-3
167	13	0	0	900	0	13	-1	-5	-3
168	13	0	0	900	0	13	-1	-5	-3
169	13	0	0	900	0	13	-1	-5	-3
170	13	0	0	900	0	13	-1	-5	-3
171	13	0	0	900	0	13	-1	-5	-3
172	13	0	0	900	0	13	-1	-5	-3
173	13	0	0	900	0	13	-1	-5	-3
174	13	0	0	900	0	13	-1	-5	-3
175	13	0	0	900	0	13	-1	-5	-3
176	13	0	0	900	0	13	-1	-5	-3
177	13	0	0	900	0	13	-1	-5	-3
178	13	0	0	900	0	13	-1	-5	-3
179	13	0	0	900	0	13	-1	-5	-3
180	13	0	0	900	0	13	-1	-5	-3
181	13	0	0	900	0	13	-1	-5	-3
182	13	0	0	900	0	13	-1	-5	-3
183	13	0	0	900	0	13	-1	-5	-3
184	13	0	0	900	0	13	-1	-5	-3
185	13	0	0	900	0	13	-1	-5	-3
186	13	0	0	900	0	13	-1	-5	-3
187	13	0	0	900	0	13	-1	-5	-3
188	13	0	0	900	0	13	-1	-5	-3
189	13	0	0	900	0	13	-1	-5	-3
190	13	0	0	900	0	13	-1	-5	-3
191	13	0	0	900	0	13	-1	-5	-3
192	13	0	0	900	0	13	-1	-5	-3
193	13	0	0	900	0	13	-1	-5	-3
194	13	0	0	900	0	13	-1	-5	-3
195	13	0	0	900	0	13	-1	-5	-3
196	13	0	0	900	0	13	-1	-5	-3
197	13	0	0	900	0	13	-1	-5	-3
198	13	0	0	900	0	13	-1	-5	-3
199	13	0	0	900	0	13	-1	-5	-3
200	13	0	0	900	0	13	-1	-5	-3
201	13	0	0	900	0	13	-1	-5	-3
202	13	0	0	900	0	13	-1	-5	-3
203	13	0	0	900	0	13	-1	-5	-3
204	13	0	0	900	0	13	-1	-5	-3
205	13	0	0	900	0	13	-1	-5	-3
206	13	0	0	900	0	13	-1	-5	-3
207	13	0	0	900	0	13	-1	-5	-3
208	13	0	0	900	0	13	-1	-5	-3
209	13	0	0	900	0	13	-1	-5	-3
210	13	0	0	900	0	13	-1	-5	-3
211	13	0	0	900	0	13	-1	-5	-3
212	13	0	0	900	0	13	-1	-5	-3
213	13	0	0	900	0	13	-1	-5	-3
214	13	0	0	900	0	13	-1	-5	-3
215	13	0	0	900	0	13	-1	-5	-3
216	13	0	0	900	0	13	-1	-5	-3
217	13	0	0	900	0	13	-1	-5	-3
218	13	0	0	900	0	13	-1	-5	-3
219	13	0	0	900	0	13	-1	-5	-3
220	13	0	0	900	0	13	-1	-5	-3
221	13	0	0	900	0	13	-1	-5	-3
222	13	0	0	900	0	13	-1	-5	-3
223	13	0	0	900	0	13	-1	-5	-3
224	13	0	0	900	0	13	-1	-5	-3
225	13	0	0	900	0	13	-1	-5	-3
226	13	0	0	900	0	13	-1	-5	-3
227	13	0	0	900	0	13	-1	-5	-3
228	13	0	0	900	0	13	-1	-5	-3
229	13	0	0	900	0	13	-1	-5	-3
230	13	0	0	900	0	13	-1	-5	-3
231	13	0	0	900	0	13	-1	-5	-3
232	13	0	0	900	0	13	-1	-5	-3
233	13	0	0	900	0	13	-1	-5	-3
234	13	0	0	900	0	13	-1	-5	-3
235	13	0	0	900	0	13	-1	-5	-3
236	13	0	0	900	0	13	-1	-5	-3
237	13	0	0	900	0	13	-1	-5	-3
238	13	0	0	900	0	13	-1	-5	-3
239	13	0	0	900	0	13	-1	-5	-3
240	13	0	0	900	0	13	-1	-5	-3
241	13	0	0	900	0	13	-1	-5	-3
242	13	0	0	900	0	13	-1	-5	-3
243	13	0	0	900	0	13	-1	-5	-3
244	13	0	0	900	0	13	-1	-5	-3
245	13	0	0	900	0	13	-1	-5	-3
246	13	0	0	900	0	13	-1	-5	-3
247	13	0	0	900	0	13	-1	-5	-3
248	13	0	0	900	0	13	-1	-5	-3
249	13	0	0	900	0	13	-1	-5	-3
250	13	0	0	900	0	13	-1	-5	-3
251	13	0	0	900	0	13	-1	-5	-3
252	13	0	0	900	0	13	-1	-5	-3
253	13	0	0	900	0	13	-1	-5	-3
254	13	0	0	900	0	13	-1	-5	-3
255	13	0	0	900	0	13	-1	-5	-3
256	13	0	0	900	0	13	-1	-5	-3
257	13	0	0	900	0	13	-1	-5	-3
258	13	0	0	900	0	13	-1	-5	-3
259	13	0	0	900	0	13	-1	-5	-3
260	13	0	0	900	0	13	-1	-5	-3
261	13	0	0	900	0	13	-1	-5	-3
262	13	0	0	900	0	13	-1	-5	-3
263	13	0	0	900	0	13	-1	-5	-3
264	13	0	0	900	0	13	-1	-5	-3
265	13	0	0	900	0	13	-1	-5	-3
266	13	0	0	900	0	13	-1	-5	-3
267	13	0	0	900	0	13	-1	-5	-3
268	13	0	0	900	0	13	-1	-5	-3
269	13	0	0	900	0	13	-1	-5	-3
270	13	0	0	900	0	13	-1	-5	-3
271	13	0	0	900	0	13	-1	-5	-3
272	13	0	0	900	0	13	-1	-5	-3
273	13	0	0	900	0	13	-1	-5	-3
274	13	0	0	900	0	13	-1	-5	-3
275	13	0	0	900	0	13	-1	-5	-3
276	13	0	0	900	0	13	-1	-5	-3
277	13	0	0	900	0	13	-1	-5	-3
278	13	0	0	900	0	13	-1	-5	-3
279	13	0	0	900	0	13	-1	-5	-3
280	13	0	0	900	0	13	-1	-5	-3
281	13	0	0	900	0	13	-1	-5	-3
282	13	0	0	900	0	13	-1	-5	-3
283	13	0	0	900	0	13	-1	-5	-3
284	13	0	0	900	0	13	-1	-5	-3
285	13	0	0	900	0	13	-1	-5	-3
286	13	0	0	900	0	13	-1	-5	-3
287	13	0	0	900	0	13	-1	-5	-3
288	13	0	0	900	0	13	-1	-5	-3
289	13	0	0	900	0	13	-1	-5	-3
290	13	0	0	900	0	13	-1	-5	-3
291	13	0	0	900	0	13	-1	-5	-3
292	13	0	0	900	0	13	-1	-5	-3
293	13	0	0	900	0	13	-1	-5	-3
294	13	0	0	900	0	13	-1	-5	-3
295	13	0	0	900	0	13	-1	-5	-3
296	13	0	0	900	0	13	-1	-5	-3
297	13	0	0	900	0	13	-1	-5	-3
298	13	0	0	900	0	13	-1	-5	-3
299	13	0	0	900	0	13	-1	-5	-3
300	13	0	0	900	0	13	-1	-5	-3
301	13	0	0	900	0	13	-1	-5	-3
302	13	0	0	900	0	13	-1	-5	-3
303	13	0	0	900	0	13	-1	-5	-3
304	13	0	0	900	0	13	-1	-5	-3
305	13	0	0	900	0	13	-1	-5	-3
306	13	0	0	900	0	13	-1	-5	-3
307	13	0	0	900	0	13	-1	-5	-3
308	13	0	0	900	0	13	-1	-5	-3
309	13	0	0	900	0	13	-1	-5	-3
310	13	0	0	900	0	13	-1	-5	-3
311	13	0	0	900	0	13	-1	-5	-3
312	13	0	0	900	0	13	-1	-5	-3
313	13	0	0	900	0	13	-1	-5	-3
314	13	0	0	900	0	13	-1	-5	-3
315	13	0	0	900	0	13	-1	-5	-3
316	13	0	0	900	0	13	-1	-5	-3
317	13	0	0	900	0	13	-1	-5	-3
318	13	0	0	900	0	13	-1	-5	-3
319	13	0	0	900	0	13	-1	-5	-3
320	13	0	0	900	0	13	-1	-5	-3
321	13	0	0	900	0	13	-1	-5	-3
322	13	0	0	900	0	13	-1	-5	-3
323	13	0	0	900	0	13	-1	-5	-3
324	13	0	0	900	0	13	-1	-5	-3
325	13	0	0	900	0	13	-1	-5	-3
326	13	0	0	900	0	13	-1	-5	-3
327	13	0	0	900	0	13	-1	-5	-3
328	13	0	0	900	0	13	-1	-5	-3
329	13	0	0	900	0	13	-1	-5	-3
330	13	0	0	900	0	13	-1	-5	-3
331	13	0	0	900	0	13	-1	-5	-3
332	13	0	0	900	0	13	-1	-5	-3
333	13	0	0	900	0	13	-1	-5	-3
334	13	0	0	900	0	13	-1	-5	-3
335	13	0	0	900	0	13	-1	-5	-3
336	13	0	0	900	0	13	-1	-5	-3
337	13	0	0	900	0	13	-1	-5	-3
338	13	0	0	900	0	13	-1	-5	-3
339	13	0	0	900	0	13	-1	-5	-3
340	13	0	0	900	0	13	-1	-5	-3
341	13	0	0	900	0	13	-1	-5	-3
342	13	0	0	900	0	13	-1	-5	-3
343	13	0	0	900	0	13	-1	-5	-3
344	13	0	0	900	0	13	-1	-5	-3
345	13	0	0	900	0	13	-1	-5	-3
346	13	0	0	900	0	13	-1	-5	-3
347	13	0	0	900	0	13	-1	-5	-3
348	13	0	0	900	0	13	-1	-5	-3
349	13	0	0	900	0	13	-1	-5	-3
350	13	0	0	900	0	13	-1	-5	-3
351	13	0	0	900	0	13	-1	-5	-3
352	13	0	0	900	0	13	-1	-5	-3
353	13	0	0	900	0	13	-1	-5	-3
354	13	0	0	900	0	13	-1	-5	-3
355	13	0	0	900	0	13	-1	-5	-3
356	13	0	0	900	0	13	-1	-5	-3
357	13	0	0	900	0	13	-1	-5	-3
358	13	0	0	900	0	13	-1	-5	-3
359	13	0	0	900	0	13	-1	-5	-3
360	13	0	0	900	0	13	-1	-5	-3
361	13	0	0	900	0	13	-1	-5	-3
362	13	0	0	900	0	13	-1	-5	-3
363	13	0	0	900	0	13	-1	-5	-3
364	13	0	0	900	0	13	-1	-5	-3
365	13	0	0	900	0	13	-1	-5	-3
366	13	0	0	900	0	13	-1	-5	-3
367	13	0	0	900	0	13	-1	-5	-3
368	13	0	0	900	0	13	-1	-5	-3
369	13	0	0	900	0	13	-1	-5	-3
370	13	0	0	900	0	13	-1	-5	-3
371	13	0	0	900	0	13	-1	-5	-3
372	13	0	0	900	0	13	-1	-5	-3
373	13	0	0	900	0	13	-1	-5	-3
374	13	0	0	900	0	13	-1	-5	-3
375	13	0	0	900	0	13	-1	-5	-3
376	13	0	0	900	0	13	-1	-5	-3
377	13	0	0	900	0	13	-1	-5	-3
378	13	0	0	900	0	13	-1	-5	-3
379	13	0	0	900	0	13	-1	-5	-3
380	13	0	0	900	0	13	-1	-5	-3
381	13	0	0	900	0	13	-1	-5	-3
382	13	0	0	900	0	13	-1	-5	-3
383	13	0	0	900	0	13	-1	-5	-3
384	13	0	0	900	0	13	-1	-5	-3
385	13	0	0	900	0	13	-1	-5	-3
386	13	0	0	900	0	13	-1	-5	-3
387	13	0	0	900	0	13	-1	-5	-3
388	13	0	0	900	0	13	-1	-5	-3
389	13	0	0	900	0	13	-1	-5	-3
390	13	0	0	900	0	13	-1	-5	-3
391	13	0	0	900	0	13	-1	-5	-3
392	13	0	0	900	0	13	-1	-5	-3
393	13	0	0	900	0	13	-1	-5	-3
394	13	0	0	900	0	13	-1	-5	-3
395	13	0	0	900	0	13	-1	-5	-3
396	13	0	0	900	0	13	-1	-5	-3
397	13	0	0	900	0	13	-1	-5	-3
398	13	0	0	900	0	13	-1	-5	-3
399	13	0	0	900	0	13	-1	-5	-3
400	13	0	0	900	0	13	-1	-5	-3
401	13	0	0	900	0	13	-1	-5	-3
402	13	0	0	900	0	13	-1	-5	-3
403	13	0	0	900	0	13	-1	-5	-3
404	13	0	0	900	0	13	-1	-5	-3
405	13	0	0	900	0	13	-1	-5	-3
406	13	0	0	900	0	13	-1	-5	-3
407	13	0	0	900	0	13	-1	-5	-3
408	13	0	0	900	0	13	-1	-5	-3
409	13	0	0	900	0	13	-1	-5	-3
410	13	0	0	900	0	13	-1	-5	-3
411	13	0	0	900	0	13	-1	-5	-3
412	13	0	0	900	0	13	-1	-5	-3
413	13	0	0	900	0	13	-1	-5	-3
414	13	0	0	900	0	13	-1	-5	-3
415	13	0	0	900	0	13	-1	-5	-3
416	13	0	0	900	0	13	-1	-5	-3
417	13	0	0	900	0	13	-1	-5	-3
418	13	0	0	900	0	13	-1	-5	-3
419	13	0	0	900	0	13	-1	-5	-3
420	13	0	0	900	0	13	-1	-5	-3
421	13	0	0	900	0	13	-1	-5	-3
422	13	0	0	900	0	13	-1	-5	-3
423	13	0	0	900	0	13	-1	-5	-3
424	13	0	0	900	0	13	-1	-5	-3
425	13	0	0	900	0	13	-1	-5	-3
426	13	0	0	900	0	13	-1	-5	-3
427	13	0	0	900	0	13	-1	-5	-3
428	13	0	0	900	0	13	-1	-5	-3
429	13	0	0	900	0	13	-1	-5	-3
430	13	0	0	900	0	13	-1	-5	-3
431	13	0	0	900	0	13	-1	-5	-3
432	13	0	0	900	0	13	-1	-5	-3
433	13	0	0	900	0	13	-1	-5	-3
434	13	0	0	900	0	13	-1	-5	-3
435	13	0	0	900	0	13	-1	-5	-3
436	13	0	0	900	0	13	-1	-5	-3
437	13	0	0	900	0	13	-1	-5	-3
438	13	0	0	900	0	13	-1	-5	-3
439	13	0	0	900	0	13	-1	-5	-3
440	13	0	0	900	0	13	-1	-5	-3
441	13	0	0	900	0	13	-1	-5	-3
442	13	0	0	900	0	13	-1	-5	-3
443	13	0	0	900	0	13	-1	-5	-3
444	13	0	0	900	0	13	-1	-5	-3
445	13	0	0	900	0	13	-1	-5	-3
446	13	0	0	900	0	13	-1	-5	-3
447	13	0	0	900	0	13	-1	-5	-3
448	13	0	0	900	0	13	-1	-5	-3
449	13	0	0	900	0	13	-1	-5	-3
450	13	0	0	900	0	13	-1	-5	-3
451	13	0	0	900	0	13	-1	-5	-3
452	13	0	0	900	0	13	-1	-5	-3
453	13	0	0	900	0	13	-1	-5	-3
454	13	0	0	900	0	13	-1	-5	-3
455	13	0	0	900	0	13	-1	-5	-3
456	13	0	0	900	0	13	-1	-5	-3
457	13	0	0	900	0	13	-1	-5	-3
458	13	0	0	900	0	13	-1	-5	-3
459	13	0	0	900	0	13	-1	-5	-3
460	13	0	0	900	0	13	-1	-5	-3
461	13	0	0	900	0	13	-1	-5	-3
462	13	0	0	900	0	13	-1	-5	-3
463	13	0	0	900	0	13	-1	-5	-3
464	13	0	0	900	0	13	-1	-5	-3
465	13	0	0	900	0	13	-1	-5	-3
466	13	0	0	900	0	13	-1	-5	-3
467	13	0	0	900	0	13	-1	-5	-3
468	13	0	0	900	0	13	-1	-5	-3
469	13	0	0	900	0	13	-1	-5	-3
470	13	0	0	900	0	13	-1	-5	-3
471	13	0	0	900	0	13	-1	-5	-3
472	13	0	0	900	0	13	-1	-5	-3
473	13	0	0	900	0	13	-1	-5	-3
474	13	0	0	900	0	13	-1	-5	-3
475	13	0	0	900	0	13	-1	-5	-3
476	13	0	0	900	0	13	-1	-5	-3
477	13	0	0	900	0	13	-1	-5	-3
478	13	0	0	900	0	13	-1	-5	-3
479	13	0	0	900	0	13	-1	-5	-3
480	13	0	0	900	0	13	-1	-5	-3
481	13	0	0	900	0	13	-1	-5	-3
482	13	0	0	900	0	13	-1	-5	-3
483	13	0	0	900	0	13	-1	-5	-3
484	13	0	0	900	0	13	-1	-5	-3
485	13	0	0	900	0	13	-1	-5	-3
486	13	0	0	900	0	13	-1	-5	-3
487	13	0	0	900	0	13	-1	-5	-3
488	13	0	0	900	0	13	-1	-5	-3
489	13	0	0	900	0	13	-1	-5	-3
490	13	0	0	900	0	13	-1	-5	-3
491	13	0	0	900	0	13	-1	-5	-3
492	13	0	0	900	0	13	-1	-5	-3
493	13	0	0	900	0	13	-1	-5	-3
494	13	0	0	900	0	13	-1	-5	-3
495	13	0	0	900	0	13	-1	-5	-3
496	13	0	0	900	0	13	-1	-5	-3
497	13	0	0	900	0	13	-1	-5	-3
498	13	0	0	900	0	13	-1	-5	-3
499	13	0	0	900	0	13	-1	-5	-3
500	13	0	0	900	0	13	-1	-5	-3
501	13	0	0	900	0	13	-1	-5	-3
502	13	0	0	900	0	13	-1	-5	-3
503	13	0	0	900	0	13	-1	-5	-3
504	13	0	0	900	0	13	-1	-5	-3
505	13	0	0	900	0	13	-1	-5	-3
506	13	0	0	900	0	13	-1	-5	-3
507	13	0	0	900	0	13	-1	-5	-3
508	13	0	0	900	0	13	-1	-5	-3
509	13	0	0	900	0	13	-1	-5	-3
510	13	0	0	900	0	13	-1	-5	-3
511	13	0	0	900	0	13	-1	-5	-3
512	13	0	0	900	0	13	-1	-5	-3
513	13	0	0	900	0	13	-1	-5	-3
514	13	0	0	900	0	13	-1	-5	-3
515	13	0	0	900	0	13	-1	-5	-3
516	13	0	0	900	0	13	-1	-5	-3
517	13	0	0	900	0	13	-1	-5	-3
518	13	0	0	900	0	13	-1	-5	-3
519	13	0	0	900	0	13	-1	-5	-3
520	13	0	0	900	0	13	-1	-5	-3
521	13	0	0	900	0	13	-1	-5	-3
522	13	0	0	900	0	13	-1	-5	-3
523	13	0	0	900	0	13	-1	-5	-3
524	13	0	0	900	0	13	-1	-5	-3
525	13	0	0	900	0	13	-1	-5	-3
526	13	0	0	900	0	13	-1	-5	-3
527	13	0	0	900	0	13	-1	-5	-3
528	13	0	0	900	0	13	-1	-5	-3
529	13	0	0	900	0	13	-1	-5	-3
530	13	0	0	900	0	13	-1	-5	-3
531	13	0	0	900	0	13	-1	-5	-3
532	13	0	0	900	0	13	-1	-5	-3
533	13	0	0	900	0	13	-1	-5	-3
534	13	0	0	900	0	13	-1	-5	-3
535	13	0	0	900	0	13	-1	-5	-3
536	13	0	0	900	0	13	-1	-5	-3
537	13	0	0	900	0	13	-1	-5	-3
538	13	0	0	900	0	13	-1	-5	-3
539	13	0	0	900	0	13	-1	-5	-3
540	13	0	0	900	0	13	-1	-5	-3
541	13	0	0	900	0	13	-1	-5	-3
542	13	0	0	900	0	13	-1	-5	-3
543	13	0	0	900	0	13	-1	-5	-3
544	13	0	0	900	0	13	-1	-5	-3
545	13	0	0	900	0	13	-1	-5	-3
546	13	0	0	900	0	13	-1	-5	-3
547	13	0	0	900	0	13	-1	-5	-3
548	13	0	0	900	0	13	-1	-5	-3
549	13	0	0	900	0	13	-1	-5	-3
550	13	0	0	900	0	13	-1	-5	-3
551	13	0	0	900	0	13	-1	-5	-3
552	13	0	0	900	0	13	-1	-5	-3
553	13	0	0	900	0	13	-1	-5	-3
554	13	0	0	900	0	13	-1	-5	-3
555	13	0	0	900	0	13	-1	-5	-3
556	13	0	0	900	0	13	-1	-5	-3
557	13	0	0	900	0	13	-1	-5	-3
558	13	0	0	900	0	13	-1	-5	-3
559	13	0	0	900	0	13	-1	-5	-3
560	13	0	0	900	0	13	-1	-5	-3
561	13	0	0	900	0	13	-1	-5	-3
562	13	0	0	900	0	13	-1	-5	-3
563	13	0	0	900	0	13	-1	-5	-3
564	13	0	0	900	0	13	-1	-5	-3
565	13	0	0	900	0	13	-1	-5	-3
566	13	0	0	900	0	13	-1	-5	-3
567	13	0	0	900	0	13	-1	-5	-3
568	13	0	0	900	0	13	-1	-5	-3
569	13	0	0	900	0	13	-1	-5	-3
570	13	0	0	900	0	13	-1	-5	-3
571	13	0	0	900	0	13	-1	-5	-3
572	13	0	0	900	0	13	-1	-5	-3
573	13	0	0	900	0	13	-1	-5	-3
574	13	0	0	900	0	13	-1	-5	-3
575	13	0	0	900	0	13	-1	-5	-3
576	13	0	0	900	0	13	-1	-5	-3
577	13	0	0	900	0	13	-1	-5	-3
578	13	0	0	900	0	13	-1	-5	-3
579	13	0	0	900	0	13	-1	-5	-3
580	13	0	0	900	0	13	-1	-5	-3
581	13	0	0	900	0	13	-1	-5	-3
582	13	0	0	900	0	13	-1	-5	-3
583	13	0	0	900	0	13	-1	-5	-3
584	13	0	0	900	0	13	-1	-5	-3
585	13	0	0	900	0	13	-1	-5	-3
586	13	0	0	900	0	13	-1	-5	-3
587	13	0	0	900	0	13	-1	-5	-3
588	13	0	0	900	0	13	-1	-5	-3
589	13	0	0	900	0	13	-1	-5	-3
590	13	0	0	900	0	13	-1	-5	-3
591	13	0	0	900	0	13	-1	-5	-3
592	13	0	0	900	0	13	-1	-5	-3
593	13	0	0	900	0	13	-1	-5	-3
594	13	0	0	900	0	13	-1	-5	-3
595	13	0	0	900	0	13	-1	-5	-3
596	13	0	0	900	0	13	-1	-5	-3
597	13	0	0	900	0	13	-1	-5	-3
598	13	0	0	900	0	13	-1	-5	-3
599	13	0	0	900	0	13	-1	-5	-3
600	13	0	0	900	0	13	-1	-5	-3
601	13	0	0	900	0	13	-1	-5	-3
602	13	0	0	900	0	13	-1	-5	-3
603	13	0	0	900	0	13	-1	-5	-3
604	13	0	0	900	0	13	-1	-5	-3
605	13	0	0	900	0	13	-1	-5	-3
606	13	0	0	900	0	13	-1	-5	-3
607	13	0	0	900	0	13	-1	-5	-3
608	13	0	0	900	0	13	-1	-5	-3
609	13	0	0	900	0	13	-1	-5	-3
610	13	0	0	900	0	13	-1	-5	-3
611	13	0	0	900	0	13	-1	-5	-3
612	13	0	0	900	0	13	-1	-5	-3
613	13	0	0	900	0	13	-1	-5	-3
614	13	0	0	900	0	13	-1	-5	-3
615	13	0	0	900	0	13	-1	-5	-3
616	13	0	0	900	0	13	-1	-5	-3
617	13	0	0	900	0	13	-1	-5	-3
618	13	0	0	900	0	13	-1	-5	-3
619	13	0	0	900	0	13	-1	-5	-3
620	13	0	0	900	0	13	-1	-5	-3
621	13	0	0	900	0	13	-1	-5	-3
622	13	0	0	900	0	13	-1	-5	-3
623	13	0	0	900	0	13	-1	-5	-3
624	13	0	0	900	0	13	-1	-5	-3
625	13	0	0	900	0	13	-1	-5	-3
626	13	0	0	900	0	13	-1	-5	-3
627	13	0	0	900	0	13	-1	-5	-3
628	13	0	0	900	0	13	-1	-5	-3
629	13	0	0	900	0	13	-1	-5	-3
630	13	0	0	900	0	13	-1	-5	-3
631	13	0	0	900	0	13	-1	-5	-3
632	13	0	0	900	0	13	-1	-5	-3
633	13	0	0	900	0	13	-1	-5	-3
634	13	0	0	900	0	13	-1	-5	-3
635	13	0	0	900	0	13	-1	-5	-3
636	13	0	0	900	0	13	-1	-5	-3
637	13	0	0	900	0	13	-1	-5	-3
638	13	0	0	900	0	13	-1	-5	-3
639	13	0	0	900	0	13	-1	-5	-3
640	13	0	0	900	0	13	-1	-5	-3
641	13	0	0	900	0	13	-1	-5	-3
642	13	0	0	900	0	13	-1	-5	-3
643	13	0	0	900	0	13	-1	-5	-3
644	13	0	0	900	0	13	-1	-5	-3
645	13	0	0	900	0	13	-1	-5	-3
646	13	0	0	900	0	13	-1	-5	-3
647	13	0	0	900	0	13	-1	-5	-3
648	13	0	0	900	0	13	-1	-5	-3
649	13	0	0	900	0	13	-1	-5	-3
650	13	0	0	900	0	13	-1	-5	-3
651	13	0	0	900	0	13	-1	-5	-3
652	13	0	0	900	0	13	-1	-5	-3
653	13	0	0	900	0	13	-1	-5	-3
654	13	0	0	900	0	13	-1	-5	-3
655	13	0	0	900	0	13	-1	-5	-3
656	13	0	0	900	0	13	-1	-5	-3
657	13	0	0	900	0	13	-1	-5	-3
658	13	0	0	900	0	13	-1	-5	-3
659	13	0	0	900	0	13	-1	-5	-3
660	13	0	0	900	0	13	-1	-5	-3
661	13	0	0	900	0	13	-1	-5	-3
662	13	0	0	900	0	13	-1	-5	-3
663	13	0	0	900	0	13	-1	-5	-3
664	13	0	0	900	0	13	-1	-5	-3
665	13	0	0	900	0	13	-1	-5	-3
666	13	0	0	900	0	13	-1	-5	-3
667	13	0	0	900	0	13	-1	-5	-3
668	13	0	0	900	0	13	-1	-5	-3
669	13	0	0	900	0	13	-1	-5	-3
670	13	0	0	900	0	13	-1	-5	-3
671	13	0	0	900	0	13	-1	-5	-3
672	13	0	0	900	0	13	-1	-5	-3
673	13	0	0	900	0	13	-1	-5	-3
674	13	0	0	900	0	13	-1	-5	-3
675	13	0	0	900	0	13	-1	-5	-3
676	13	0	0	900	0	13	-1	-5	-3
677	13	0	0	900	0	13	-1	-5	-3
678	13	0	0	900	0	13	-1	-5	-3
679	13	0	0	900	0	13	-1	-5	-3
680	13	0	0	900	0	13	-1	-5	-3
681	13	0	0	900	0	13	-1	-5	-3
682	13	0	0	900	0	13	-1	-5	-3
683	13	0	0	900	0	13	-1	-5	-3
684	13	0	0	900	0	13	-1	-5	-3
685	13	0	0	900	0	13	-1	-5	-3
686	13	0	0	900	0	13	-1	-5	-3
687	13	0	0	900	0	13	-1	-5	-3
688	13	0	0	900	0	13	-1	-5	-3
689	13	0	0	900	0	13	-1	-5	-3
690	13	0	0	900	0	13	-1	-5	-3
691	13	0	0	900	0	13	-1	-5	-3
692	13	0	0	900	0	13	-1	-5	-3
693	13	0	0	900	0	13	-1	-5	-3
694	13	0	0	900	0	13	-1	-5	-3
695	13	0	0	900	0	13	-1	-5	-3
696	13	0	0	900	0	13	-1	-5	-3
697	13	0	0	900	0	13	-1	-5	-3
698	13	0	0	900	0	13	-1	-5	-3
699	13	0	0	900	0	13	-1	-5	-3
700	13	0	0	900	0	13	-1	-5	-3
701	13	0	0	900	0	13	-1	-5	-3
702	13	0	0	900	0	13	-1	-5	-3
703	13	0	0	900	0	13	-1	-5	-3
704	13	0	0	900	0	13	-1	-5	-3
705	13	0	0	900	0	13	-1	-5	-3
706	13	0	0	900	0	13	-1	-5	-3
707	13	0	0	900	0	13	-1	-5	-3
708	13	0	0	900	0	13	-1	-5	-3
709	13	0	0	900	0	13	-1	-5	-3
710	13	0	0	900	0	13	-1	-5	-3
711	13	0	0	900	0	13	-1	-5	-3
712	13	0	0	900	0	13	-1	-5	-3
713	13	0	0	900	0	13	-1	-5	-3
714	13	0	0	900	0	13	-1	-5	-3
715	13	0	0	900	0	13	-1	-5	-3
716	13	0	0	900	0	13	-1	-5	-3
717	13	0	0	900	0	13	-1	-5	-3
718	13	0	0	900	0	13	-1	-5	-3
719	13	0	0	900	0	13	-1	-5	-3
720	13	0	0	900	0	13	-1	-5	-3
721	13	0	0	900	0	13	-1	-5	-3
722	13	0	0	900	0	13	-1	-5	-3
723	13	0	0	900	0	13	-1	-5	-3
724	13	0	0	900	0	13	-1	-5	-3
725	13	0	0	900	0	13	-1	-5	-3
726	13	0	0	900	0	13	-1	-5	-3
727	13	0	0	900	0	13	-1	-5	-3
728	13	0	0	900	0	13	-1	-5	-3
729	13	0	0	900	0	13	-1	-5	-3
730	13	0	0	900	0	13	-1	-5	-3
731	13	0	0	900	0	13	-1	-5	-3
732	13	0	0	900	0	13	-1	-5	-3
733	13	0	0	900	0	13	-1	-5	-3
734	13	0	0	900	0	13	-1	-5	-3
735	13	0	0	900	0	13	-1	-5	-3
736	13	0	0	900	0	13	-1	-5	-3
737	13	0	0	900	0	13	-1	-5	-3
738	13	0	0	900	0	13	-1	-5	-3
739	13	0	0	900	0	13	-1	-5	-3
740	13	0	0	900	0	13	-1	-5	-3
741	13	0	0	900	0	13	-1	-5	-3
742	13	0	0	900	0	13	-1	-5	-3
743	13	0	0	900	0	13	-1	-5	-3
744	13	0	0	900	0	13	-1	-5	-3
745	13	0	0	900	0	13	-1	-5	-3
746	13	0	0	900	0	13	-1	-5	-3
747	13	0	0	900	0	13	-1	-5	-3
748	13	0	0	900	0	13	-1	-5	-3
749	13	0	0	900	0	13	-1	-5	-3
750	13	0	0	900	0	13	-1	-5	-3
751	13	0	0	900	0	13	-1	-5	-3
752	13	0	0	900	0	13	-1	-5	-3
753	13	0	0	900	0	13	-1	-5	-3
754	13	0	0	900	0	13	-1	-5	-3
755	13	0	0	900	0	13	-1	-5	-3
756	13	0	0	900	0	13	-1	-5	-3
757	13	0	0	900	0	13	-1	-5	-3
758	13	0	0	900	0	13	-1	-5	-3
759	13	0	0	900	0	13	-1	-5	-3
760	13	0	0	900	0	13	-1	-5	-3
761	13	0	0	900	0	13	-1	-5	-3
762	13	0	0	900	0	13	-1	-5	-3
763	13	0	0	900	0	13	-1	-5	-3
764	13	0	0	900	0	13	-1	-5	-3
765	13	0	0	900	0	13	-1	-5	-3
766	13	0	0	900	0	13	-1	-5	-3
767	13	0	0	900	0	13	-1	-5	-3
768	13	0	0	900	0	13	-1	-5	-3
769	13	0	0	900	0	13	-1	-5	-3
770	13	0	0	900	0	13	-1	-5	-3
771	13	0	0	900	0	13	-1	-5	-3
772	13	0	0	900	0	13	-1	-5	-3
773	13	0	0	900	0	13	-1	-5	-3
774	13	0	0	900	0	13	-1	-5	-3
775	13	0	0	900	0	13	-1	-5	-3
776	13	0	0	900	0	13	-1	-5	-3
777	13	0	0	900	0	13	-1	-5	-3
778	13	0	0	900	0	13	-1	-5	-3
779	13	0	0	900	0	13	-1	-5	-3
780	13	0	0	900	0	13	-1	-5	-3
781	13	0	0	900	0	13	-1	-5	-3
782	13	0	0	900	0	13	-1	-5	-3
783	13	0	0	900	0	13	-1	-5	-3
784	13	0	0	900	0	13	-1	-5	-3
785	13	0	0	900	0	13	-1	-5	-3
786	13	0	0	900	0	13	-1	-5	-3
787	13	0	0	900	0	13	-1	-5	-3
788	13	0	0	900	0	13	-1	-5	-3
789	13	0	0	900	0	13	-1	-5	-3
790	13	0	0	900	0	13	-1	-5	-3
791	13	0	0	900	0	13	-1	-5	-3
792	13	0	0	900	0	13	-1	-5	-3
793	13	0	0	900	0	13	-1	-5	-3
794	13	0	0	900	0	13	-1	-5	-3
795	13	0	0	900	0	13	-1	-5	-3
796	13	0	0	900	0	13	-1	-5	-3
797	13	0	0	900	0	13	-1	-5	-3
798	13	0	0	900	0	13	-1	-5	-3
799	13	0	0	900	0	13	-1	-5	-3
800	13	0	0	900	0	13	-1	-5	-3
801	13	0	0	900	0	13	-1	-5	-3
802	13	0	0	900	0	13	-1	-5	-3
803	13	0	0	900	0	13	-1	-5	-3
804	13	0	0	900	0	13	-1	-5	-3
805	13	0	0	900	0	13	-1	-5	-3
806	13	0	0	900	0	13	-1	-5	-3
807	13	0	0	900	0	13	-1	-5	-3
808	13	0	0	900	0	13	-1	-5	-3
809	13	0	0	900	0	13	-1	-5	-3
810	13	0	0	900	0	13	-1	-5	-3
811	13	0	0	900	0	13	-1	-5	-3
812	13	0	0	900	0	13	-1	-5	-3
813	13	0	0	900	0	13	-1	-5	-3
814	13	0	0	900	0	13	-1	-5	-3
815	13	0	0	900	0	13	-1	-5	-3
816	13	0	0	900	0	13	-1	-5	-3
817	13	0	0	900	0	13	-1	-5	-3
818	13	0	0	900	0	13	-1	-5	-3
819	13	0	0	900	0	13	-1	-5	-3
820	13	0	0	900	0	13	-1	-5	-3
821	13	0	0	900	0	13	-1	-5	-3
822	13	0	0	900	0	13	-1	-5	-3
823	13	0	0	900	0	13	-1	-5	-3
824	13	0	0	900	0	13	-1	-5	-3
825	13	0	0	900	0	13	-1	-5	-3
826	13	0	0	900	0	13	-1	-5	-3
827	13	0	0	900	0	13	-1	-5	-3
828	13	0	0	900	0	13	-1	-5	-3
829	13	0	0	900	0	13	-1	-5	-3
830	13	0	0	900	0	13	-1	-5	-3
831	13	0	0	900	0	13	-1	-5	-3
832	13	0	0	900	0	13	-1	-5	-3
833	13	0	0	900	0	13	-1	-5	-3
834	13	0	0	900	0	13	-1	-5	-3
835	13	0	0	900	0	13	-1	-5	-3
836	13	0	0	900	0	13	-1	-5	-3
837	13	0	0	900	0	13	-1	-5	-3
838	13	0	0	900	0	13	-1	-5	-3
839	13	0	0	900	0	13	-1	-5	-3
840	13	0	0	900	0	13	-1	-5	-3
841	13	0	0	900	0	13	-1	-5	-3
842	13	0	0	900	0	13	-1	-5	-3
843	13	0	0	900	0	13	-1	-5	-3
844	13	0	0	900	0	13	-1	-5	-3
845	13	0	0	900	0	13	-1	-5	-3
846	13	0	0	900	0	13	-1	-5	-3
847	13	0	0	900	0	13	-1	-5	-3
848	13	0	0	900	0	13	-1	-5	-3
849	13	0	0	900	0	13	-1	-5	-3
850	13	0	0	900	0	13	-1	-5	-3
851	13	0	0	900	0	13	-1	-5	-3
852	13	0	0	900	0	13	-1	-5	-3
853	13	0	0	900	0	13	-1	-5	-3
854	13	0	0	900	0	13	-1	-5	-3
855	13	0	0	900	0	13	-1	-5	-3
856	13	0	0	900	0	13	-1	-5	-3
857	13	0	0	900	0	13	-1	-5	-3
858	13	0	0	900	0	13	-1	-5	-3
859	13	0	0	900	0	13	-1	-5	-3
860	13	0	0	900	0	13	-1	-5	-3
861	13	0	0	900	0	13	-1	-5	-3
862	13	0	0	900	0	13	-1	-5	-3
863	13	0	0	900	0	13	-1	-5	-3
864	13	0	0	900	0	13	-1	-5	-3
865	13	0	0	900	0	13	-1	-5	-3
866	13	0	0	900	0	13	-1	-5	-3
867	13	0	0	900	0	13	-1	-5	-3
868	13	0	0	900	0	13	-1	-5	-3
869	13	0	0	900	0	13	-1	-5	-3
870	13	0	0	900	0	13	-1	-5	-3
871	13	0	0	900	0	13	-1	-5	-3
872	13	0	0	900	0	13	-1	-5	-3
873	13	0	0	900	0	13	-1	-5	-3
874	13	0	0	900	0	13	-1	-5	-3
875	13	0	0	900	0	13	-1	-5	-3
876	13	0	0	900	0	13	-1	-5	-3
877	13	0	0	900	0	13	-1	-5	-3
878	13	0	0	900	0	13	-1	-5	-3
879	13	0	0	900	0	13	-1	-5	-3
880	13	0	0	900	0	13	-1	-5	-3
881	13	0	0	900	0	13	-1	-5	-3
882	13	0	0	900	0	13	-1	-5	-3
883	13	0	0	900	0	13	-1	-5	-3
884	13	0	0	900	0	13	-1	-5	-3
885	13	0	0	900	0	13	-1	-5	-3
886	13	0	0	900	0	13	-1	-5	-3
887	13	0	0	900	0	13	-1	-5	-3
888	13	0	0	900	0	13	-1	-5	-3
889	13	0	0	900	0	13	-1	-5	-3
890	13	0	0	900	0	13	-1	-5	-3
891	13	0	0	900	0	13	-1	-5	-3
892	13	0	0	900	0	13	-1	-5	-3
893	13	0	0	900	0	13	-1	-5	-3
894	13	0	0	900	0	13	-1	-5	-3
895	13	0	0	900	0	13	-1	-5	-3
896	13	0	0	900	0	13	-1	-5	-3
897	13	0	0	900	0	13	-1	-5	-3
898	13	0	0	900	0	13	-1	-5	-3
899	13	0	0	900	0	13	-1	-5	-3
900	13	0	0	900	0	13	-1	-5	-3
901	13	0	0	900	0	13	-1	-5	-3
902	13	0	0	900	0	13	-1	-5	-3
903	13	0	0	900	0	13	-1	-5	-3
904	13	0	0	900	0	13	-1	-5	-3
905	13	0	0	900	0	13	-1	-5	-3
906	13	0	0	900	0	13	-1	-5	-3
907	13	0	0	900	0	13	-1	-5	-3
908	13	0	0	900	0	13	-1	-5	-3
909	13	0	0	900	0	13	-1	-5	-3
910	13	0	0	900	0	13	-1	-5	-3
911	13	0	0	900	0	13	-1	-5	-3
912	13	0	0	900	0	13	-1	-5	-3
913	13	0	0	900	0	13	-1	-5	-3
914	13	0	0	900	0	13	-1	-5	-3
915	13	0	0	900	0	13	-1	-5	-3
916	13	0	0	900	0	13	-1	-5	-3
917	13	0	0	900	0	13	-1	-5	-3
918	13	0	0	900	0	13	-1	-5	-3
919	13	0	0	900	0	13	-1	-5	-3
920	13	1	1	900	920	13	13	-5	-3
921	13	1	1	900	920	13	13	-5	-3
922	13	1	1	900	920	13	13	-5	-3
923	13	1	1	900	920	13	13	-5	-3
924	13	1	1	900	920	13	13	-5	-3
925	13	1	1	900	920	13	13	-5	-3
926	13	1	1	900	920	13	13	-5	-3
927	13	1	1	900	920	13	13	-5	-3
928	13	1	1	900	920	13	13	-5	-3
929	13	1	1	900	920	13	13	-5	-3
930	13	1	1	900	920	13	13	-5	-3
931	13	1	1	900	920	13	13	-5	-3
932	13	1	1	900	920	13	13	-5	-3
933	13	1	1	900	920	13	13	-5	-3
934	13	1	1	900	920	13	13	-5	-3
935	13	1	1	900	920	13	13	-5	-3
936	13	1	1	900	920	13	13	-5	-3
937	13	1	1	900	920	13	13	-5	-3
938	13	1	1	900	920	13	13	-5	-3
939	13	1	1	900	920	13	13	-5	-3
940	13	1	1	900	920	13	13	-5	-3
941	13	1	1	900	920	13	13	-5	-3
942	13	1	1	900	920	13	13	-5	-3
943	13	1	1	900	920	13	13	-5	-3
944	13	1	1	900	920	13	13	-5	-3
945	13	1	1	900	920	13	13	-5	-3
946	13	1	1	900	920	13	13	-5	-3
947	13	1	1	900	920	13	13	-5	-3
948	13	1	1	900	920	13	13	-5	-3
949	13	1	1	900	920	13	13	-5	-3
950	13	1	1	900	920	13	13	-5	-3
951	13	1	1	900	920	13	13	-5	-3
952	13	1	1	900	920	13	13	-5	-3
953	13	1	1	900	920	13	13	-5	-3
954	13	1	1	900	920	13	13	-5	-3
955	13	1	1	900	920	13	13	-5	-3
956	13	1	1	900	920	13	13	-5	-3
957	13	1	1	900	920	13	13	-5	-3
958	13	1	1	900	920	13	13	-5	-3
959	13	1	1	900	920	13	13	-5	-3
960	13	1	1	900	920	13	13	-5	-3
961	13	1	1	900	920	13	13	-5	-3
962	13	1	1	900	920	13	13	-5	-3
963	13	1	1	900	920	13	13	-5	-3
964	13	1	1	900	920	13	13	-5	-3
965	13	1	1	900	920	13	13	-5	-3
966	13	1	1	900	920	13	13	-5	-3
967	13	1	1	900	920	13	13	-5	-3
968	13	1	1	900	920	13	13	-5	-3
969	13	1	1	900	920	13	13	-5	-3
