1	22	0	0	900	0	22	-1	0	-6
2	22	0	0	900	0	22	-1	0	-6
3	22	0	0	900	0	22	-1	0	-6
4	22	0	0	900	0	22	-1	0	-6
5	22	0	0	900	0	22	-1	0	-6
6	22	0	0	900	0	22	-1	0	-6
7	22	0	0	900	0	22	-1	0	-6
8	22	0	0	900	0	22	-1	0	-6
9	22	0	0	900	0	22	-1	0	-6
10	22	0	0	900	0	22	-1	0	-6
11	22	0	0	900	0	22	-1	0	-6
12	22	0	0	900	0	22	-1	0	-6
13	22	0	0	900	0	22	-1	0	-6
14	22	0	0	900	0	22	-1	0	-6
15	22	0	0	900	0	22	-1	0	-6
16	22	0	0	900	0	22	-1	0	-6
17	22	0	0	900	0	22	-1	0	-6
18	22	0	0	900	0	22	-1	0	-6
19	22	0	0	900	0	22	-1	0	-6
20	22	0	0	900	0	22	-1	0	-6
21	22	0	0	900	0	22	-1	0	-6
22	22	0	0	900	0	22	-1	0	-6
23	22	0	0	900	0	22	-1	0	-6
24	22	0	0	900	0	22	-1	0	-6
25	22	0	0	900	0	22	-1	0	-6
26	22	0	0	900	0	22	-1	0	-6
27	22	0	0	900	0	22	-1	0	-6
28	22	0	0	900	0	22	-1	0	-6
29	22	0	0	900	0	22	-1	0	-6
30	22	0	0	900	0	22	-1	0	-6
31	22	0	0	900	0	22	-1	0	-6
32	22	0	0	900	0	22	-1	0	-6
33	22	0	0	900	0	22	-1	0	-6
34	22	0	0	900	0	22	-1	0	-6
35	22	0	0	900	0	22	-1	0	-6
36	22	0	0	900	0	22	-1	0	-6
37	22	0	0	900	0	22	-1	0	-6
38	22	0	0	900	0	22	-1	0	-6
39	22	0	0	900	0	22	-1	0	-6
40	22	0	0	900	0	22	-1	0	-6
41	22	0	0	900	0	22	-1	0	-6
42	22	0	0	900	0	22	-1	0	-6
43	22	0	0	900	0	22	-1	0	-6
44	22	0	0	900	0	22	-1	0	-6
45	22	0	0	900	0	22	-1	0	-6
46	22	0	0	900	0	22	-1	0	-6
47	22	0	0	900	0	22	-1	0	-6
48	22	0	0	900	0	22	-1	0	-6
49	22	0	0	900	0	22	-1	0	-6
50	22	0	0	900	0	22	-1	0	-6
51	22	0	0	900	0	22	-1	0	-6
52	22	0	0	900	0	22	-1	0	-6
53	22	0	0	900	0	22	-1	0	-6
54	22	0	0	900	0	22	-1	0	-6
55	22	0	0	900	0	22	-1	0	-6
56	22	0	0	900	0	22	-1	0	-6
57	22	0	0	900	0	22	-1	0	-6
58	22	0	0	900	0	22	-1	0	-6
59	22	0	0	900	0	22	-1	0	-6
60	22	0	0	900	0	22	-1	0	-6
61	22	0	0	900	0	22	-1	0	-6
62	22	0	0	900	0	22	-1	0	-6
63	22	0	0	900	0	22	-1	0	-6
64	22	0	0	900	0	22	-1	0	-6
65	22	0	0	900	0	22	-1	0	-6
66	22	0	0	900	0	22	-1	0	-6
67	22	0	0	900	0	22	-1	0	-6
68	22	0	0	900	0	22	-1	0	-6
69	22	0	0	900	0	22	-1	0	-6
70	22	0	0	900	0	22	-1	0	-6
71	22	0	0	900	0	22	-1	0	-6
72	22	0	0	900	0	22	-1	0	-6
73	22	0	0	900	0	22	-1	0	-6
74	22	0	0	900	0	22	-1	0	-6
75	22	0	0	900	0	22	-1	0	-6
76	22	0	0	900	0	22	-1	0	-6
77	22	0	0	900	0	22	-1	0	-6
78	22	0	0	900	0	22	-1	0	-6
79	22	0	0	900	0	22	-1	0	-6
80	22	0	0	900	0	22	-1	0	-6
81	22	0	0	900	0	22	-1	0	-6
82	22	0	0	900	0	22	-1	0	-6
83	22	0	0	900	0	22	-1	0	-6
84	22	0	0	900	0	22	-1	0	-6
85	22	0	0	900	0	22	-1	0	-6
86	22	0	0	900	0	22	-1	0	-6
87	22	0	0	900	0	22	-1	0	-6
88	22	0	0	900	0	22	-1	0	-6
89	22	0	0	900	0	22	-1	0	-6
90	22	0	0	900	0	22	-1	0	-6
91	22	0	0	900	0	22	-1	0	-6
92	22	0	0	900	0	22	-1	0	-6
93	22	0	0	900	0	22	-1	0	-6
94	22	0	0	900	0	22	-1	0	-6
95	22	0	0	900	0	22	-1	0	-6
96	22	0	0	900	0	22	-1	0	-6
97	22	0	0	900	0	22	-1	0	-6
98	22	0	0	900	0	22	-1	0	-6
99	22	0	0	900	0	22	-1	0	-6
100	22	0	0	900	0	22	-1	0	-6
101	22	0	0	900	0	22	-1	0	-6
102	22	0	0	900	0	22	-1	0	-6
103	22	0	0	900	0	22	-1	0	-6
104	22	0	0	900	0	22	-1	0	-6
105	22	0	0	900	0	22	-1	0	-6
106	22	0	0	900	0	22	-1	0	-6
107	22	0	0	900	0	22	-1	0	-6
108	22	0	0	900	0	22	-1	0	-6
109	22	0	0	900	0	22	-1	0	-6
110	22	0	0	900	0	22	-1	0	-6
111	22	0	0	900	0	22	-1	0	-6
112	22	0	0	900	0	22	-1	0	-6
113	22	0	0	900	0	22	-1	0	-6
114	22	0	0	900	0	22	-1	0	-6
115	22	0	0	900	0	22	-1	0	-6
116	22	0	0	900	0	22	-1	0	-6
117	22	0	0	900	0	22	-1	0	-6
118	22	0	0	900	0	22	-1	0	-6
119	22	0	0	900	0	22	-1	0	-6
120	22	0	0	900	0	22	-1	0	-6
121	22	0	0	900	0	22	-1	0	-6
122	22	0	0	900	0	22	-1	0	-6
123	22	0	0	900	0	22	-1	0	-6
124	22	0	0	900	0	22	-1	0	-6
125	22	0	0	900	0	22	-1	0	-6
126	22	0	0	900	0	22	-1	0	-6
127	22	0	0	900	0	22	-1	0	-6
128	22	0	0	900	0	22	-1	0	-6
129	22	0	0	900	0	22	-1	0	-6
130	22	0	0	900	0	22	-1	0	-6
131	22	0	0	900	0	22	-1	0	-6
132	22	0	0	900	0	22	-1	0	-6
133	22	0	0	900	0	22	-1	0	-6
134	22	0	0	900	0	22	-1	0	-6
135	22	0	0	900	0	22	-1	0	-6
136	22	0	0	900	0	22	-1	0	-6
137	22	0	0	900	0	22	-1	0	-6
138	22	0	0	900	0	22	-1	0	-6
139	22	0	0	900	0	22	-1	0	-6
140	22	0	0	900	0	22	-1	0	-6
141	22	0	0	900	0	22	-1	0	-6
142	22	0	0	900	0	22	-1	0	-6
143	22	0	0	900	0	22	-1	0	-6
144	22	0	0	900	0	22	-1	0	-6
145	22	0	0	900	0	22	-1	0	-6
146	22	0	0	900	0	22	-1	0	-6
147	22	0	0	900	0	22	-1	0	-6
148	22	0	0	900	0	22	-1	0	-6
149	22	0	0	900	0	22	-1	0	-6
150	22	0	0	900	0	22	-1	0	-6
151	22	0	0	900	0	22	-1	0	-6
152	22	0	0	900	0	22	-1	0	-6
153	22	0	0	900	0	22	-1	0	-6
154	22	0	0	900	0	22	-1	0	-6
155	22	0	0	900	0	22	-1	0	-6
156	22	0	0	900	0	22	-1	0	-6
157	22	0	0	900	0	22	-1	0	-6
158	22	0	0	900	0	22	-1	0	-6
159	22	0	0	900	0	22	-1	0	-6
160	22	0	0	900	0	22	-1	0	-6
161	22	0	0	900	0	22	-1	0	-6
162	22	0	0	900	0	22	-1	0	-6
163	22	0	0	900	0	22	-1	0	-6
164	22	0	0	900	0	22	-1	0	-6
165	22	0	0	900	0	22	-1	0	-6
166	22	0	0	900	0	22	-1	0	-6
167	22	0	0	900	0	22	-1	0	-6
168	22	0	0	900	0	22	-1	0	-6
169	22	0	0	900	0	22	-1	0	-6
170	22	0	0	900	0	22	-1	0	-6
171	22	0	0	900	0	22	-1	0	-6
172	22	0	0	900	0	22	-1	0	-6
173	22	0	0	900	0	22	-1	0	-6
174	22	0	0	900	0	22	-1	0	-6
175	22	0	0	900	0	22	-1	0	-6
176	22	0	0	900	0	22	-1	0	-6
177	22	0	0	900	0	22	-1	0	-6
178	22	0	0	900	0	22	-1	0	-6
179	22	0	0	900	0	22	-1	0	-6
180	22	0	0	900	0	22	-1	0	-6
181	22	0	0	900	0	22	-1	0	-6
182	22	0	0	900	0	22	-1	0	-6
183	22	0	0	900	0	22	-1	0	-6
184	22	0	0	900	0	22	-1	0	-6
185	22	0	0	900	0	22	-1	0	-6
186	22	0	0	900	0	22	-1	0	-6
187	22	0	0	900	0	22	-1	0	-6
188	22	0	0	900	0	22	-1	0	-6
189	22	0	0	900	0	22	-1	0	-6
190	22	0	0	900	0	22	-1	0	-6
191	22	0	0	900	0	22	-1	0	-6
192	22	0	0	900	0	22	-1	0	-6
193	22	0	0	900	0	22	-1	0	-6
194	22	0	0	900	0	22	-1	0	-6
195	22	0	0	900	0	22	-1	0	-6
196	22	0	0	900	0	22	-1	0	-6
197	22	0	0	900	0	22	-1	0	-6
198	22	0	0	900	0	22	-1	0	-6
199	22	0	0	900	0	22	-1	0	-6
200	22	0	0	900	0	22	-1	0	-6
201	22	0	0	900	0	22	-1	0	-6
202	22	0	0	900	0	22	-1	0	-6
203	22	0	0	900	0	22	-1	0	-6
204	22	0	0	900	0	22	-1	0	-6
205	22	0	0	900	0	22	-1	0	-6
206	22	0	0	900	0	22	-1	0	-6
207	22	0	0	900	0	22	-1	0	-6
208	22	0	0	900	0	22	-1	0	-6
209	22	0	0	900	0	22	-1	0	-6
210	22	0	0	900	0	22	-1	0	-6
211	22	0	0	900	0	22	-1	0	-6
212	22	0	0	900	0	22	-1	0	-6
213	22	0	0	900	0	22	-1	0	-6
214	22	0	0	900	0	22	-1	0	-6
215	22	0	0	900	0	22	-1	0	-6
216	22	0	0	900	0	22	-1	0	-6
217	22	0	0	900	0	22	-1	0	-6
218	22	0	0	900	0	22	-1	0	-6
219	22	0	0	900	0	22	-1	0	-6
220	22	0	0	900	0	22	-1	0	-6
221	22	0	0	900	0	22	-1	0	-6
222	22	0	0	900	0	22	-1	0	-6
223	22	0	0	900	0	22	-1	0	-6
224	22	0	0	900	0	22	-1	0	-6
225	22	0	0	900	0	22	-1	0	-6
226	22	0	0	900	0	22	-1	0	-6
227	22	0	0	900	0	22	-1	0	-6
228	22	0	0	900	0	22	-1	0	-6
229	22	0	0	900	0	22	-1	0	-6
230	22	0	0	900	0	22	-1	0	-6
231	22	0	0	900	0	22	-1	0	-6
232	22	0	0	900	0	22	-1	0	-6
233	22	0	0	900	0	22	-1	0	-6
234	22	0	0	900	0	22	-1	0	-6
235	22	0	0	900	0	22	-1	0	-6
236	22	0	0	900	0	22	-1	0	-6
237	22	0	0	900	0	22	-1	0	-6
238	22	0	0	900	0	22	-1	0	-6
239	22	0	0	900	0	22	-1	0	-6
240	22	0	0	900	0	22	-1	0	-6
241	22	0	0	900	0	22	-1	0	-6
242	22	0	0	900	0	22	-1	0	-6
243	22	0	0	900	0	22	-1	0	-6
244	22	0	0	900	0	22	-1	0	-6
245	22	0	0	900	0	22	-1	0	-6
246	22	0	0	900	0	22	-1	0	-6
247	22	0	0	900	0	22	-1	0	-6
248	22	0	0	900	0	22	-1	0	-6
249	22	0	0	900	0	22	-1	0	-6
250	22	0	0	900	0	22	-1	0	-6
251	22	0	0	900	0	22	-1	0	-6
252	22	0	0	900	0	22	-1	0	-6
253	22	0	0	900	0	22	-1	0	-6
254	22	0	0	900	0	22	-1	0	-6
255	22	0	0	900	0	22	-1	0	-6
256	22	0	0	900	0	22	-1	0	-6
257	22	0	0	900	0	22	-1	0	-6
258	22	0	0	900	0	22	-1	0	-6
259	22	0	0	900	0	22	-1	0	-6
260	22	0	0	900	0	22	-1	0	-6
261	22	0	0	900	0	22	-1	0	-6
262	22	0	0	900	0	22	-1	0	-6
263	22	0	0	900	0	22	-1	0	-6
264	22	0	0	900	0	22	-1	0	-6
265	22	0	0	900	0	22	-1	0	-6
266	22	0	0	900	0	22	-1	0	-6
267	22	0	0	900	0	22	-1	0	-6
268	22	0	0	900	0	22	-1	0	-6
269	22	0	0	900	0	22	-1	0	-6
270	22	0	0	900	0	22	-1	0	-6
271	22	0	0	900	0	22	-1	0	-6
272	22	0	0	900	0	22	-1	0	-6
273	22	0	0	900	0	22	-1	0	-6
274	22	0	0	900	0	22	-1	0	-6
275	22	0	0	900	0	22	-1	0	-6
276	22	0	0	900	0	22	-1	0	-6
277	22	0	0	900	0	22	-1	0	-6
278	22	0	0	900	0	22	-1	0	-6
279	22	0	0	900	0	22	-1	0	-6
280	22	0	0	900	0	22	-1	0	-6
281	22	0	0	900	0	22	-1	0	-6
282	22	0	0	900	0	22	-1	0	-6
283	22	0	0	900	0	22	-1	0	-6
284	22	0	0	900	0	22	-1	0	-6
285	22	0	0	900	0	22	-1	0	-6
286	22	0	0	900	0	22	-1	0	-6
287	22	0	0	900	0	22	-1	0	-6
288	22	0	0	900	0	22	-1	0	-6
289	22	0	0	900	0	22	-1	0	-6
290	22	0	0	900	0	22	-1	0	-6
291	22	0	0	900	0	22	-1	0	-6
292	22	0	0	900	0	22	-1	0	-6
293	22	0	0	900	0	22	-1	0	-6
294	22	0	0	900	0	22	-1	0	-6
295	22	0	0	900	0	22	-1	0	-6
296	22	0	0	900	0	22	-1	0	-6
297	22	0	0	900	0	22	-1	0	-6
298	22	0	0	900	0	22	-1	0	-6
299	22	0	0	900	0	22	-1	0	-6
300	22	0	0	900	0	22	-1	0	-6
301	22	0	0	900	0	22	-1	0	-6
302	22	0	0	900	0	22	-1	0	-6
303	22	0	0	900	0	22	-1	0	-6
304	22	0	0	900	0	22	-1	0	-6
305	22	0	0	900	0	22	-1	0	-6
306	22	0	0	900	0	22	-1	0	-6
307	22	0	0	900	0	22	-1	0	-6
308	22	0	0	900	0	22	-1	0	-6
309	22	0	0	900	0	22	-1	0	-6
310	22	0	0	900	0	22	-1	0	-6
311	22	0	0	900	0	22	-1	0	-6
312	22	0	0	900	0	22	-1	0	-6
313	22	0	0	900	0	22	-1	0	-6
314	22	0	0	900	0	22	-1	0	-6
315	22	0	0	900	0	22	-1	0	-6
316	22	0	0	900	0	22	-1	0	-6
317	22	0	0	900	0	22	-1	0	-6
318	22	0	0	900	0	22	-1	0	-6
319	22	0	0	900	0	22	-1	0	-6
320	22	0	0	900	0	22	-1	0	-6
321	22	0	0	900	0	22	-1	0	-6
322	22	0	0	900	0	22	-1	0	-6
323	22	0	0	900	0	22	-1	0	-6
324	22	0	0	900	0	22	-1	0	-6
325	22	0	0	900	0	22	-1	0	-6
326	22	0	0	900	0	22	-1	0	-6
327	22	0	0	900	0	22	-1	0	-6
328	22	0	0	900	0	22	-1	0	-6
329	22	0	0	900	0	22	-1	0	-6
330	22	0	0	900	0	22	-1	0	-6
331	22	0	0	900	0	22	-1	0	-6
332	22	0	0	900	0	22	-1	0	-6
333	22	0	0	900	0	22	-1	0	-6
334	22	0	0	900	0	22	-1	0	-6
335	22	0	0	900	0	22	-1	0	-6
336	22	0	0	900	0	22	-1	0	-6
337	22	0	0	900	0	22	-1	0	-6
338	22	0	0	900	0	22	-1	0	-6
339	22	0	0	900	0	22	-1	0	-6
340	22	0	0	900	0	22	-1	0	-6
341	22	0	0	900	0	22	-1	0	-6
342	22	0	0	900	0	22	-1	0	-6
343	22	0	0	900	0	22	-1	0	-6
344	22	0	0	900	0	22	-1	0	-6
345	22	0	0	900	0	22	-1	0	-6
346	22	0	0	900	0	22	-1	0	-6
347	22	0	0	900	0	22	-1	0	-6
348	22	0	0	900	0	22	-1	0	-6
349	22	0	0	900	0	22	-1	0	-6
350	22	0	0	900	0	22	-1	0	-6
351	22	0	0	900	0	22	-1	0	-6
352	22	0	0	900	0	22	-1	0	-6
353	22	0	0	900	0	22	-1	0	-6
354	22	0	0	900	0	22	-1	0	-6
355	22	0	0	900	0	22	-1	0	-6
356	22	0	0	900	0	22	-1	0	-6
357	22	0	0	900	0	22	-1	0	-6
358	22	0	0	900	0	22	-1	0	-6
359	22	0	0	900	0	22	-1	0	-6
360	22	0	0	900	0	22	-1	0	-6
361	22	0	0	900	0	22	-1	0	-6
362	22	0	0	900	0	22	-1	0	-6
363	22	0	0	900	0	22	-1	0	-6
364	22	0	0	900	0	22	-1	0	-6
365	22	0	0	900	0	22	-1	0	-6
366	22	0	0	900	0	22	-1	0	-6
367	22	0	0	900	0	22	-1	0	-6
368	22	0	0	900	0	22	-1	0	-6
369	22	0	0	900	0	22	-1	0	-6
370	22	0	0	900	0	22	-1	0	-6
371	22	0	0	900	0	22	-1	0	-6
372	22	0	0	900	0	22	-1	0	-6
373	22	0	0	900	0	22	-1	0	-6
374	22	0	0	900	0	22	-1	0	-6
375	22	0	0	900	0	22	-1	0	-6
376	22	0	0	900	0	22	-1	0	-6
377	22	0	0	900	0	22	-1	0	-6
378	22	0	0	900	0	22	-1	0	-6
379	22	0	0	900	0	22	-1	0	-6
380	22	0	0	900	0	22	-1	0	-6
381	22	0	0	900	0	22	-1	0	-6
382	22	0	0	900	0	22	-1	0	-6
383	22	0	0	900	0	22	-1	0	-6
384	22	0	0	900	0	22	-1	0	-6
385	22	0	0	900	0	22	-1	0	-6
386	22	0	0	900	0	22	-1	0	-6
387	22	0	0	900	0	22	-1	0	-6
388	22	0	0	900	0	22	-1	0	-6
389	22	0	0	900	0	22	-1	0	-6
390	22	0	0	900	0	22	-1	0	-6
391	22	0	0	900	0	22	-1	0	-6
392	22	0	0	900	0	22	-1	0	-6
393	22	0	0	900	0	22	-1	0	-6
394	22	0	0	900	0	22	-1	0	-6
395	22	0	0	900	0	22	-1	0	-6
396	22	0	0	900	0	22	-1	0	-6
397	22	0	0	900	0	22	-1	0	-6
398	22	0	0	900	0	22	-1	0	-6
399	22	0	0	900	0	22	-1	0	-6
400	22	0	0	900	0	22	-1	0	-6
401	22	0	0	900	0	22	-1	0	-6
402	22	0	0	900	0	22	-1	0	-6
403	22	0	0	900	0	22	-1	0	-6
404	22	0	0	900	0	22	-1	0	-6
405	22	0	0	900	0	22	-1	0	-6
406	22	0	0	900	0	22	-1	0	-6
407	22	0	0	900	0	22	-1	0	-6
408	22	0	0	900	0	22	-1	0	-6
409	22	0	0	900	0	22	-1	0	-6
410	22	0	0	900	0	22	-1	0	-6
411	22	0	0	900	0	22	-1	0	-6
412	22	0	0	900	0	22	-1	0	-6
413	22	0	0	900	0	22	-1	0	-6
414	22	0	0	900	0	22	-1	0	-6
415	22	0	0	900	0	22	-1	0	-6
416	22	0	0	900	0	22	-1	0	-6
417	22	0	0	900	0	22	-1	0	-6
418	22	0	0	900	0	22	-1	0	-6
419	22	0	0	900	0	22	-1	0	-6
420	22	0	0	900	0	22	-1	0	-6
421	22	0	0	900	0	22	-1	0	-6
422	22	0	0	900	0	22	-1	0	-6
423	22	0	0	900	0	22	-1	0	-6
424	22	0	0	900	0	22	-1	0	-6
425	22	0	0	900	0	22	-1	0	-6
426	22	0	0	900	0	22	-1	0	-6
427	22	0	0	900	0	22	-1	0	-6
428	22	0	0	900	0	22	-1	0	-6
429	22	0	0	900	0	22	-1	0	-6
430	22	0	0	900	0	22	-1	0	-6
431	22	0	0	900	0	22	-1	0	-6
432	22	0	0	900	0	22	-1	0	-6
433	22	0	0	900	0	22	-1	0	-6
434	22	0	0	900	0	22	-1	0	-6
435	22	0	0	900	0	22	-1	0	-6
436	22	0	0	900	0	22	-1	0	-6
437	22	0	0	900	0	22	-1	0	-6
438	22	0	0	900	0	22	-1	0	-6
439	22	0	0	900	0	22	-1	0	-6
440	22	0	0	900	0	22	-1	0	-6
441	22	0	0	900	0	22	-1	0	-6
442	22	0	0	900	0	22	-1	0	-6
443	22	0	0	900	0	22	-1	0	-6
444	22	0	0	900	0	22	-1	0	-6
445	22	0	0	900	0	22	-1	0	-6
446	22	0	0	900	0	22	-1	0	-6
447	22	0	0	900	0	22	-1	0	-6
448	22	0	0	900	0	22	-1	0	-6
449	22	0	0	900	0	22	-1	0	-6
450	22	0	0	900	0	22	-1	0	-6
451	22	0	0	900	0	22	-1	0	-6
452	22	0	0	900	0	22	-1	0	-6
453	22	0	0	900	0	22	-1	0	-6
454	22	0	0	900	0	22	-1	0	-6
455	22	0	0	900	0	22	-1	0	-6
456	22	0	0	900	0	22	-1	0	-6
457	22	0	0	900	0	22	-1	0	-6
458	22	0	0	900	0	22	-1	0	-6
459	22	0	0	900	0	22	-1	0	-6
460	22	0	0	900	0	22	-1	0	-6
461	22	0	0	900	0	22	-1	0	-6
462	22	0	0	900	0	22	-1	0	-6
463	22	0	0	900	0	22	-1	0	-6
464	22	0	0	900	0	22	-1	0	-6
465	22	0	0	900	0	22	-1	0	-6
466	22	0	0	900	0	22	-1	0	-6
467	22	0	0	900	0	22	-1	0	-6
468	22	0	0	900	0	22	-1	0	-6
469	22	0	0	900	0	22	-1	0	-6
470	22	0	0	900	0	22	-1	0	-6
471	22	0	0	900	0	22	-1	0	-6
472	22	0	0	900	0	22	-1	0	-6
473	22	0	0	900	0	22	-1	0	-6
474	22	0	0	900	0	22	-1	0	-6
475	22	0	0	900	0	22	-1	0	-6
476	22	0	0	900	0	22	-1	0	-6
477	22	0	0	900	0	22	-1	0	-6
478	22	0	0	900	0	22	-1	0	-6
479	22	0	0	900	0	22	-1	0	-6
480	22	0	0	900	0	22	-1	0	-6
481	22	0	0	900	0	22	-1	0	-6
482	22	0	0	900	0	22	-1	0	-6
483	22	0	0	900	0	22	-1	0	-6
484	22	0	0	900	0	22	-1	0	-6
485	22	0	0	900	0	22	-1	0	-6
486	22	0	0	900	0	22	-1	0	-6
487	22	0	0	900	0	22	-1	0	-6
488	22	0	0	900	0	22	-1	0	-6
489	22	0	0	900	0	22	-1	0	-6
490	22	0	0	900	0	22	-1	0	-6
491	22	0	0	900	0	22	-1	0	-6
492	22	0	0	900	0	22	-1	0	-6
493	22	0	0	900	0	22	-1	0	-6
494	22	0	0	900	0	22	-1	0	-6
495	22	0	0	900	0	22	-1	0	-6
496	22	0	0	900	0	22	-1	0	-6
497	22	0	0	900	0	22	-1	0	-6
498	22	0	0	900	0	22	-1	0	-6
499	22	0	0	900	0	22	-1	0	-6
500	22	0	0	900	0	22	-1	0	-6
501	22	0	0	900	0	22	-1	0	-6
502	22	0	0	900	0	22	-1	0	-6
503	22	0	0	900	0	22	-1	0	-6
504	22	0	0	900	0	22	-1	0	-6
505	22	0	0	900	0	22	-1	0	-6
506	22	0	0	900	0	22	-1	0	-6
507	22	0	0	900	0	22	-1	0	-6
508	22	0	0	900	0	22	-1	0	-6
509	22	0	0	900	0	22	-1	0	-6
510	22	0	0	900	0	22	-1	0	-6
511	22	0	0	900	0	22	-1	0	-6
512	22	0	0	900	0	22	-1	0	-6
513	22	0	0	900	0	22	-1	0	-6
514	22	0	0	900	0	22	-1	0	-6
515	22	0	0	900	0	22	-1	0	-6
516	22	0	0	900	0	22	-1	0	-6
517	22	0	0	900	0	22	-1	0	-6
518	22	0	0	900	0	22	-1	0	-6
519	22	0	0	900	0	22	-1	0	-6
520	22	0	0	900	0	22	-1	0	-6
521	22	0	0	900	0	22	-1	0	-6
522	22	0	0	900	0	22	-1	0	-6
523	22	0	0	900	0	22	-1	0	-6
524	22	0	0	900	0	22	-1	0	-6
525	22	0	0	900	0	22	-1	0	-6
526	22	0	0	900	0	22	-1	0	-6
527	22	0	0	900	0	22	-1	0	-6
528	22	0	0	900	0	22	-1	0	-6
529	22	0	0	900	0	22	-1	0	-6
530	22	0	0	900	0	22	-1	0	-6
531	22	0	0	900	0	22	-1	0	-6
532	22	0	0	900	0	22	-1	0	-6
533	22	0	0	900	0	22	-1	0	-6
534	22	0	0	900	0	22	-1	0	-6
535	22	0	0	900	0	22	-1	0	-6
536	22	0	0	900	0	22	-1	0	-6
537	22	0	0	900	0	22	-1	0	-6
538	22	0	0	900	0	22	-1	0	-6
539	22	0	0	900	0	22	-1	0	-6
540	22	0	0	900	0	22	-1	0	-6
541	22	0	0	900	0	22	-1	0	-6
542	22	0	0	900	0	22	-1	0	-6
543	22	0	0	900	0	22	-1	0	-6
544	22	0	0	900	0	22	-1	0	-6
545	22	0	0	900	0	22	-1	0	-6
546	22	0	0	900	0	22	-1	0	-6
547	22	0	0	900	0	22	-1	0	-6
548	22	0	0	900	0	22	-1	0	-6
549	22	0	0	900	0	22	-1	0	-6
550	22	0	0	900	0	22	-1	0	-6
551	22	0	0	900	0	22	-1	0	-6
552	22	0	0	900	0	22	-1	0	-6
553	22	0	0	900	0	22	-1	0	-6
554	22	0	0	900	0	22	-1	0	-6
555	22	0	0	900	0	22	-1	0	-6
556	22	0	0	900	0	22	-1	0	-6
557	22	0	0	900	0	22	-1	0	-6
558	22	0	0	900	0	22	-1	0	-6
559	22	0	0	900	0	22	-1	0	-6
560	22	0	0	900	0	22	-1	0	-6
561	22	0	0	900	0	22	-1	0	-6
562	22	0	0	900	0	22	-1	0	-6
563	22	0	0	900	0	22	-1	0	-6
564	22	0	0	900	0	22	-1	0	-6
565	22	0	0	900	0	22	-1	0	-6
566	22	0	0	900	0	22	-1	0	-6
567	22	0	0	900	0	22	-1	0	-6
568	22	0	0	900	0	22	-1	0	-6
569	22	0	0	900	0	22	-1	0	-6
570	22	0	0	900	0	22	-1	0	-6
571	22	0	0	900	0	22	-1	0	-6
572	22	0	0	900	0	22	-1	0	-6
573	22	0	0	900	0	22	-1	0	-6
574	22	0	0	900	0	22	-1	0	-6
575	22	0	0	900	0	22	-1	0	-6
576	22	0	0	900	0	22	-1	0	-6
577	22	0	0	900	0	22	-1	0	-6
578	22	0	0	900	0	22	-1	0	-6
579	22	0	0	900	0	22	-1	0	-6
580	22	0	0	900	0	22	-1	0	-6
581	22	0	0	900	0	22	-1	0	-6
582	22	0	0	900	0	22	-1	0	-6
583	22	0	0	900	0	22	-1	0	-6
584	22	0	0	900	0	22	-1	0	-6
585	22	0	0	900	0	22	-1	0	-6
586	22	0	0	900	0	22	-1	0	-6
587	22	0	0	900	0	22	-1	0	-6
588	22	0	0	900	0	22	-1	0	-6
589	22	0	0	900	0	22	-1	0	-6
590	22	0	0	900	0	22	-1	0	-6
591	22	0	0	900	0	22	-1	0	-6
592	22	0	0	900	0	22	-1	0	-6
593	22	0	0	900	0	22	-1	0	-6
594	22	0	0	900	0	22	-1	0	-6
595	22	0	0	900	0	22	-1	0	-6
596	22	0	0	900	0	22	-1	0	-6
597	22	0	0	900	0	22	-1	0	-6
598	22	0	0	900	0	22	-1	0	-6
599	22	0	0	900	0	22	-1	0	-6
600	22	0	0	900	0	22	-1	0	-6
601	22	0	0	900	0	22	-1	0	-6
602	22	0	0	900	0	22	-1	0	-6
603	22	0	0	900	0	22	-1	0	-6
604	22	0	0	900	0	22	-1	0	-6
605	22	0	0	900	0	22	-1	0	-6
606	22	0	0	900	0	22	-1	0	-6
607	22	0	0	900	0	22	-1	0	-6
608	22	0	0	900	0	22	-1	0	-6
609	22	0	0	900	0	22	-1	0	-6
610	22	0	0	900	0	22	-1	0	-6
611	22	0	0	900	0	22	-1	0	-6
612	22	0	0	900	0	22	-1	0	-6
613	22	0	0	900	0	22	-1	0	-6
614	22	0	0	900	0	22	-1	0	-6
615	22	0	0	900	0	22	-1	0	-6
616	22	0	0	900	0	22	-1	0	-6
617	22	0	0	900	0	22	-1	0	-6
618	22	0	0	900	0	22	-1	0	-6
619	22	0	0	900	0	22	-1	0	-6
620	22	0	0	900	0	22	-1	0	-6
621	22	0	0	900	0	22	-1	0	-6
622	22	0	0	900	0	22	-1	0	-6
623	22	0	0	900	0	22	-1	0	-6
624	22	0	0	900	0	22	-1	0	-6
625	22	0	0	900	0	22	-1	0	-6
626	22	0	0	900	0	22	-1	0	-6
627	22	0	0	900	0	22	-1	0	-6
628	22	0	0	900	0	22	-1	0	-6
629	22	0	0	900	0	22	-1	0	-6
630	22	0	0	900	0	22	-1	0	-6
631	22	0	0	900	0	22	-1	0	-6
632	22	0	0	900	0	22	-1	0	-6
633	22	0	0	900	0	22	-1	0	-6
634	22	0	0	900	0	22	-1	0	-6
635	22	0	0	900	0	22	-1	0	-6
636	22	0	0	900	0	22	-1	0	-6
637	22	0	0	900	0	22	-1	0	-6
638	22	0	0	900	0	22	-1	0	-6
639	22	0	0	900	0	22	-1	0	-6
640	22	0	0	900	0	22	-1	0	-6
641	22	0	0	900	0	22	-1	0	-6
642	22	0	0	900	0	22	-1	0	-6
643	22	0	0	900	0	22	-1	0	-6
644	22	0	0	900	0	22	-1	0	-6
645	22	0	0	900	0	22	-1	0	-6
646	22	0	0	900	0	22	-1	0	-6
647	22	0	0	900	0	22	-1	0	-6
648	22	0	0	900	0	22	-1	0	-6
649	22	0	0	900	0	22	-1	0	-6
650	22	0	0	900	0	22	-1	0	-6
651	22	0	0	900	0	22	-1	0	-6
652	22	0	0	900	0	22	-1	0	-6
653	22	0	0	900	0	22	-1	0	-6
654	22	0	0	900	0	22	-1	0	-6
655	22	0	0	900	0	22	-1	0	-6
656	22	0	0	900	0	22	-1	0	-6
657	22	0	0	900	0	22	-1	0	-6
658	22	0	0	900	0	22	-1	0	-6
659	22	0	0	900	0	22	-1	0	-6
660	22	0	0	900	0	22	-1	0	-6
661	22	0	0	900	0	22	-1	0	-6
662	22	0	0	900	0	22	-1	0	-6
663	22	0	0	900	0	22	-1	0	-6
664	22	0	0	900	0	22	-1	0	-6
665	22	0	0	900	0	22	-1	0	-6
666	22	0	0	900	0	22	-1	0	-6
667	22	0	0	900	0	22	-1	0	-6
668	22	0	0	900	0	22	-1	0	-6
669	22	0	0	900	0	22	-1	0	-6
670	22	0	0	900	0	22	-1	0	-6
671	22	0	0	900	0	22	-1	0	-6
672	22	0	0	900	0	22	-1	0	-6
673	22	0	0	900	0	22	-1	0	-6
674	22	0	0	900	0	22	-1	0	-6
675	22	0	0	900	0	22	-1	0	-6
676	22	0	0	900	0	22	-1	0	-6
677	22	0	0	900	0	22	-1	0	-6
678	22	0	0	900	0	22	-1	0	-6
679	22	0	0	900	0	22	-1	0	-6
680	22	0	0	900	0	22	-1	0	-6
681	22	0	0	900	0	22	-1	0	-6
682	22	0	0	900	0	22	-1	0	-6
683	22	0	0	900	0	22	-1	0	-6
684	22	0	0	900	0	22	-1	0	-6
685	22	0	0	900	0	22	-1	0	-6
686	22	0	0	900	0	22	-1	0	-6
687	22	0	0	900	0	22	-1	0	-6
688	22	0	0	900	0	22	-1	0	-6
689	22	0	0	900	0	22	-1	0	-6
690	22	0	0	900	0	22	-1	0	-6
691	22	0	0	900	0	22	-1	0	-6
692	22	0	0	900	0	22	-1	0	-6
693	22	0	0	900	0	22	-1	0	-6
694	22	0	0	900	0	22	-1	0	-6
695	22	0	0	900	0	22	-1	0	-6
696	22	0	0	900	0	22	-1	0	-6
697	22	0	0	900	0	22	-1	0	-6
698	22	0	0	900	0	22	-1	0	-6
699	22	0	0	900	0	22	-1	0	-6
700	22	0	0	900	0	22	-1	0	-6
701	22	0	0	900	0	22	-1	0	-6
702	22	0	0	900	0	22	-1	0	-6
703	22	0	0	900	0	22	-1	0	-6
704	22	0	0	900	0	22	-1	0	-6
705	22	0	0	900	0	22	-1	0	-6
706	22	0	0	900	0	22	-1	0	-6
707	22	0	0	900	0	22	-1	0	-6
708	22	0	0	900	0	22	-1	0	-6
709	22	0	0	900	0	22	-1	0	-6
710	22	0	0	900	0	22	-1	0	-6
711	22	0	0	900	0	22	-1	0	-6
712	22	0	0	900	0	22	-1	0	-6
713	22	0	0	900	0	22	-1	0	-6
714	22	0	0	900	0	22	-1	0	-6
715	22	0	0	900	0	22	-1	0	-6
716	22	0	0	900	0	22	-1	0	-6
717	22	0	0	900	0	22	-1	0	-6
718	22	0	0	900	0	22	-1	0	-6
719	22	0	0	900	0	22	-1	0	-6
720	22	0	0	900	0	22	-1	0	-6
721	22	0	0	900	0	22	-1	0	-6
722	22	0	0	900	0	22	-1	0	-6
723	22	0	0	900	0	22	-1	0	-6
724	22	0	0	900	0	22	-1	0	-6
725	22	0	0	900	0	22	-1	0	-6
726	22	0	0	900	0	22	-1	0	-6
727	22	0	0	900	0	22	-1	0	-6
728	22	0	0	900	0	22	-1	0	-6
729	22	0	0	900	0	22	-1	0	-6
730	22	0	0	900	0	22	-1	0	-6
731	22	0	0	900	0	22	-1	0	-6
732	22	0	0	900	0	22	-1	0	-6
733	22	0	0	900	0	22	-1	0	-6
734	22	0	0	900	0	22	-1	0	-6
735	22	0	0	900	0	22	-1	0	-6
736	22	0	0	900	0	22	-1	0	-6
737	22	0	0	900	0	22	-1	0	-6
738	22	0	0	900	0	22	-1	0	-6
739	22	0	0	900	0	22	-1	0	-6
740	22	0	0	900	0	22	-1	0	-6
741	22	0	0	900	0	22	-1	0	-6
742	22	0	0	900	0	22	-1	0	-6
743	22	0	0	900	0	22	-1	0	-6
744	22	0	0	900	0	22	-1	0	-6
745	22	0	0	900	0	22	-1	0	-6
746	22	0	0	900	0	22	-1	0	-6
747	22	0	0	900	0	22	-1	0	-6
748	22	0	0	900	0	22	-1	0	-6
749	22	0	0	900	0	22	-1	0	-6
750	22	0	0	900	0	22	-1	0	-6
751	22	0	0	900	0	22	-1	0	-6
752	22	0	0	900	0	22	-1	0	-6
753	22	0	0	900	0	22	-1	0	-6
754	22	0	0	900	0	22	-1	0	-6
755	22	0	0	900	0	22	-1	0	-6
756	22	0	0	900	0	22	-1	0	-6
757	22	0	0	900	0	22	-1	0	-6
758	22	0	0	900	0	22	-1	0	-6
759	22	0	0	900	0	22	-1	0	-6
760	22	0	0	900	0	22	-1	0	-6
761	22	0	0	900	0	22	-1	0	-6
762	22	0	0	900	0	22	-1	0	-6
763	22	0	0	900	0	22	-1	0	-6
764	22	0	0	900	0	22	-1	0	-6
765	22	0	0	900	0	22	-1	0	-6
766	22	0	0	900	0	22	-1	0	-6
767	22	0	0	900	0	22	-1	0	-6
768	22	0	0	900	0	22	-1	0	-6
769	22	0	0	900	0	22	-1	0	-6
770	22	0	0	900	0	22	-1	0	-6
771	22	0	0	900	0	22	-1	0	-6
772	22	0	0	900	0	22	-1	0	-6
773	22	0	0	900	0	22	-1	0	-6
774	22	0	0	900	0	22	-1	0	-6
775	22	0	0	900	0	22	-1	0	-6
776	22	0	0	900	0	22	-1	0	-6
777	22	0	0	900	0	22	-1	0	-6
778	22	0	0	900	0	22	-1	0	-6
779	22	0	0	900	0	22	-1	0	-6
780	22	0	0	900	0	22	-1	0	-6
781	22	0	0	900	0	22	-1	0	-6
782	22	0	0	900	0	22	-1	0	-6
783	22	0	0	900	0	22	-1	0	-6
784	22	0	0	900	0	22	-1	0	-6
785	22	0	0	900	0	22	-1	0	-6
786	22	0	0	900	0	22	-1	0	-6
787	22	0	0	900	0	22	-1	0	-6
788	22	0	0	900	0	22	-1	0	-6
789	22	0	0	900	0	22	-1	0	-6
790	22	0	0	900	0	22	-1	0	-6
791	22	0	0	900	0	22	-1	0	-6
792	22	0	0	900	0	22	-1	0	-6
793	22	0	0	900	0	22	-1	0	-6
794	22	0	0	900	0	22	-1	0	-6
795	22	0	0	900	0	22	-1	0	-6
796	22	0	0	900	0	22	-1	0	-6
797	22	0	0	900	0	22	-1	0	-6
798	22	0	0	900	0	22	-1	0	-6
799	22	0	0	900	0	22	-1	0	-6
800	22	0	0	900	0	22	-1	0	-6
801	22	0	0	900	0	22	-1	0	-6
802	22	0	0	900	0	22	-1	0	-6
803	22	0	0	900	0	22	-1	0	-6
804	22	0	0	900	0	22	-1	0	-6
805	22	0	0	900	0	22	-1	0	-6
806	22	0	0	900	0	22	-1	0	-6
807	22	0	0	900	0	22	-1	0	-6
808	22	0	0	900	0	22	-1	0	-6
809	22	0	0	900	0	22	-1	0	-6
810	22	0	0	900	0	22	-1	0	-6
811	22	0	0	900	0	22	-1	0	-6
812	22	0	0	900	0	22	-1	0	-6
813	22	0	0	900	0	22	-1	0	-6
814	22	0	0	900	0	22	-1	0	-6
815	22	0	0	900	0	22	-1	0	-6
816	22	0	0	900	0	22	-1	0	-6
817	22	0	0	900	0	22	-1	0	-6
818	22	0	0	900	0	22	-1	0	-6
819	22	0	0	900	0	22	-1	0	-6
820	22	0	0	900	0	22	-1	0	-6
821	22	0	0	900	0	22	-1	0	-6
822	22	0	0	900	0	22	-1	0	-6
823	22	0	0	900	0	22	-1	0	-6
824	22	0	0	900	0	22	-1	0	-6
825	22	0	0	900	0	22	-1	0	-6
826	22	0	0	900	0	22	-1	0	-6
827	22	0	0	900	0	22	-1	0	-6
828	22	0	0	900	0	22	-1	0	-6
829	22	0	0	900	0	22	-1	0	-6
830	22	0	0	900	0	22	-1	0	-6
831	22	0	0	900	0	22	-1	0	-6
832	22	0	0	900	0	22	-1	0	-6
833	22	0	0	900	0	22	-1	0	-6
834	22	0	0	900	0	22	-1	0	-6
835	22	0	0	900	0	22	-1	0	-6
836	22	0	0	900	0	22	-1	0	-6
837	22	0	0	900	0	22	-1	0	-6
838	22	0	0	900	0	22	-1	0	-6
839	22	0	0	900	0	22	-1	0	-6
840	22	0	0	900	0	22	-1	0	-6
841	22	0	0	900	0	22	-1	0	-6
842	22	0	0	900	0	22	-1	0	-6
843	22	0	0	900	0	22	-1	0	-6
844	22	0	0	900	0	22	-1	0	-6
845	22	0	0	900	0	22	-1	0	-6
846	22	0	0	900	0	22	-1	0	-6
847	22	0	0	900	0	22	-1	0	-6
848	22	0	0	900	0	22	-1	0	-6
849	22	0	0	900	0	22	-1	0	-6
850	22	0	0	900	0	22	-1	0	-6
851	22	0	0	900	0	22	-1	0	-6
852	22	0	0	900	0	22	-1	0	-6
853	22	0	0	900	0	22	-1	0	-6
854	22	0	0	900	0	22	-1	0	-6
855	22	0	0	900	0	22	-1	0	-6
856	22	0	0	900	0	22	-1	0	-6
857	22	0	0	900	0	22	-1	0	-6
858	22	0	0	900	0	22	-1	0	-6
859	22	0	0	900	0	22	-1	0	-6
860	22	0	0	900	0	22	-1	0	-6
861	22	0	0	900	0	22	-1	0	-6
862	22	0	0	900	0	22	-1	0	-6
863	22	0	0	900	0	22	-1	0	-6
864	22	0	0	900	0	22	-1	0	-6
865	22	0	0	900	0	22	-1	0	-6
866	22	0	0	900	0	22	-1	0	-6
867	22	0	0	900	0	22	-1	0	-6
868	22	0	0	900	0	22	-1	0	-6
869	22	0	0	900	0	22	-1	0	-6
870	22	0	0	900	0	22	-1	0	-6
871	22	0	0	900	0	22	-1	0	-6
872	22	0	0	900	0	22	-1	0	-6
873	22	0	0	900	0	22	-1	0	-6
874	22	0	0	900	0	22	-1	0	-6
875	22	0	0	900	0	22	-1	0	-6
876	22	0	0	900	0	22	-1	0	-6
877	22	0	0	900	0	22	-1	0	-6
878	22	0	0	900	0	22	-1	0	-6
879	22	0	0	900	0	22	-1	0	-6
880	22	0	0	900	0	22	-1	0	-6
881	22	0	0	900	0	22	-1	0	-6
882	22	0	0	900	0	22	-1	0	-6
883	22	0	0	900	0	22	-1	0	-6
884	22	0	0	900	0	22	-1	0	-6
885	22	0	0	900	0	22	-1	0	-6
886	22	0	0	900	0	22	-1	0	-6
887	22	0	0	900	0	22	-1	0	-6
888	22	0	0	900	0	22	-1	0	-6
889	22	0	0	900	0	22	-1	0	-6
890	22	0	0	900	0	22	-1	0	-6
891	22	0	0	900	0	22	-1	0	-6
892	22	0	0	900	0	22	-1	0	-6
893	22	0	0	900	0	22	-1	0	-6
894	22	0	0	900	0	22	-1	0	-6
895	22	0	0	900	0	22	-1	0	-6
896	22	0	0	900	0	22	-1	0	-6
897	22	0	0	900	0	22	-1	0	-6
898	22	0	0	900	0	22	-1	0	-6
899	22	0	0	900	0	22	-1	0	-6
900	22	0	0	900	0	22	-1	0	-6
901	22	0	0	900	0	22	-1	0	-6
902	22	0	0	900	0	22	-1	0	-6
903	22	0	0	900	0	22	-1	0	-6
904	22	0	0	900	0	22	-1	0	-6
905	22	0	0	900	0	22	-1	0	-6
906	22	0	0	900	0	22	-1	0	-6
907	22	0	0	900	0	22	-1	0	-6
908	22	0	0	900	0	22	-1	0	-6
909	22	0	0	900	0	22	-1	0	-6
910	22	0	0	900	0	22	-1	0	-6
911	22	0	0	900	0	22	-1	0	-6
912	22	0	0	900	0	22	-1	0	-6
913	22	0	0	900	0	22	-1	0	-6
914	22	0	0	900	0	22	-1	0	-6
915	22	0	0	900	0	22	-1	0	-6
916	22	0	0	900	0	22	-1	0	-6
917	22	1	1	900	917	22	22	0	-6
918	22	1	1	900	917	22	22	0	-6
919	22	1	1	900	917	22	22	0	-6
920	22	1	1	900	917	22	22	0	-6
921	22	1	1	900	917	22	22	0	-6
922	22	1	1	900	917	22	22	0	-6
923	22	1	1	900	917	22	22	0	-6
924	22	1	1	900	917	22	22	0	-6
925	22	1	1	900	917	22	22	0	-6
926	22	1	1	900	917	22	22	0	-6
927	22	1	1	900	917	22	22	0	-6
928	22	1	1	900	917	22	22	0	-6
929	22	1	1	900	917	22	22	0	-6
930	22	1	1	900	917	22	22	0	-6
931	22	1	1	900	917	22	22	0	-6
932	22	1	1	900	917	22	22	0	-6
933	22	1	1	900	917	22	22	0	-6
934	22	1	1	900	917	22	22	0	-6
935	22	1	1	900	917	22	22	0	-6
936	22	1	1	900	917	22	22	0	-6
937	22	1	1	900	917	22	22	0	-6
938	22	1	1	900	917	22	22	0	-6
939	22	1	1	900	917	22	22	0	-6
940	22	1	1	900	917	22	22	0	-6
941	22	1	1	900	917	22	22	0	-6
942	22	1	1	900	917	22	22	0	-6
943	22	1	1	900	917	22	22	0	-6
944	22	1	1	900	917	22	22	0	-6
945	22	1	1	900	917	22	22	0	-6
946	22	1	1	900	917	22	22	0	-6
947	22	1	1	900	917	22	22	0	-6
948	22	1	1	900	917	22	22	0	-6
949	22	1	1	900	917	22	22	0	-6
950	22	1	1	900	917	22	22	0	-6
951	22	1	1	900	917	22	22	0	-6
