1	5	0	0	800	0	5	-1	-6	2
2	5	0	0	800	0	5	-1	-6	2
3	5	0	0	800	0	5	-1	-6	2
4	5	0	0	800	0	5	-1	-6	2
5	5	0	0	800	0	5	-1	-6	2
6	5	0	0	800	0	5	-1	-6	2
7	5	0	0	800	0	5	-1	-6	2
8	5	0	0	800	0	5	-1	-6	2
9	5	0	0	800	0	5	-1	-6	2
10	5	0	0	800	0	5	-1	-6	2
11	5	0	0	800	0	5	-1	-6	2
12	5	0	0	800	0	5	-1	-6	2
13	5	0	0	800	0	5	-1	-6	2
14	5	0	0	800	0	5	-1	-6	2
15	5	0	0	800	0	5	-1	-6	2
16	5	0	0	800	0	5	-1	-6	2
17	5	0	0	800	0	5	-1	-6	2
18	5	0	0	800	0	5	-1	-6	2
19	5	0	0	800	0	5	-1	-6	2
20	5	0	0	800	0	5	-1	-6	2
21	5	0	0	800	0	5	-1	-6	2
22	5	0	0	800	0	5	-1	-6	2
23	5	0	0	800	0	5	-1	-6	2
24	5	0	0	800	0	5	-1	-6	2
25	5	0	0	800	0	5	-1	-6	2
26	5	0	0	800	0	5	-1	-6	2
27	5	0	0	800	0	5	-1	-6	2
28	5	0	0	800	0	5	-1	-6	2
29	5	0	0	800	0	5	-1	-6	2
30	5	0	0	800	0	5	-1	-6	2
31	5	0	0	800	0	5	-1	-6	2
32	5	0	0	800	0	5	-1	-6	2
33	5	0	0	800	0	5	-1	-6	2
34	5	0	0	800	0	5	-1	-6	2
35	5	0	0	800	0	5	-1	-6	2
36	5	0	0	800	0	5	-1	-6	2
37	5	0	0	800	0	5	-1	-6	2
38	5	0	0	800	0	5	-1	-6	2
39	5	0	0	800	0	5	-1	-6	2
40	5	0	0	800	0	5	-1	-6	2
41	5	0	0	800	0	5	-1	-6	2
42	5	0	0	800	0	5	-1	-6	2
43	5	0	0	800	0	5	-1	-6	2
44	5	0	0	800	0	5	-1	-6	2
45	5	0	0	800	0	5	-1	-6	2
46	5	0	0	800	0	5	-1	-6	2
47	5	0	0	800	0	5	-1	-6	2
48	5	0	0	800	0	5	-1	-6	2
49	5	0	0	800	0	5	-1	-6	2
50	5	0	0	800	0	5	-1	-6	2
51	5	0	0	800	0	5	-1	-6	2
52	5	0	0	800	0	5	-1	-6	2
53	5	0	0	800	0	5	-1	-6	2
54	5	0	0	800	0	5	-1	-6	2
55	5	0	0	800	0	5	-1	-6	2
56	5	0	0	800	0	5	-1	-6	2
57	5	0	0	800	0	5	-1	-6	2
58	5	0	0	800	0	5	-1	-6	2
59	5	0	0	800	0	5	-1	-6	2
60	5	0	0	800	0	5	-1	-6	2
61	5	0	0	800	0	5	-1	-6	2
62	5	0	0	800	0	5	-1	-6	2
63	5	0	0	800	0	5	-1	-6	2
64	5	0	0	800	0	5	-1	-6	2
65	5	0	0	800	0	5	-1	-6	2
66	5	0	0	800	0	5	-1	-6	2
67	5	0	0	800	0	5	-1	-6	2
68	5	0	0	800	0	5	-1	-6	2
69	5	0	0	800	0	5	-1	-6	2
70	5	0	0	800	0	5	-1	-6	2
71	5	0	0	800	0	5	-1	-6	2
72	5	0	0	800	0	5	-1	-6	2
73	5	0	0	800	0	5	-1	-6	2
74	5	0	0	800	0	5	-1	-6	2
75	5	0	0	800	0	5	-1	-6	2
76	5	0	0	800	0	5	-1	-6	2
77	5	0	0	800	0	5	-1	-6	2
78	5	0	0	800	0	5	-1	-6	2
79	5	0	0	800	0	5	-1	-6	2
80	5	0	0	800	0	5	-1	-6	2
81	5	0	0	800	0	5	-1	-6	2
82	5	0	0	800	0	5	-1	-6	2
83	5	0	0	800	0	5	-1	-6	2
84	5	0	0	800	0	5	-1	-6	2
85	5	0	0	800	0	5	-1	-6	2
86	5	0	0	800	0	5	-1	-6	2
87	5	0	0	800	0	5	-1	-6	2
88	5	0	0	800	0	5	-1	-6	2
89	5	0	0	800	0	5	-1	-6	2
90	5	0	0	800	0	5	-1	-6	2
91	5	0	0	800	0	5	-1	-6	2
92	5	0	0	800	0	5	-1	-6	2
93	5	0	0	800	0	5	-1	-6	2
94	5	0	0	800	0	5	-1	-6	2
95	5	0	0	800	0	5	-1	-6	2
96	5	0	0	800	0	5	-1	-6	2
97	5	0	0	800	0	5	-1	-6	2
98	5	0	0	800	0	5	-1	-6	2
99	5	0	0	800	0	5	-1	-6	2
100	5	0	0	800	0	5	-1	-6	2
101	5	0	0	800	0	5	-1	-6	2
102	5	0	0	800	0	5	-1	-6	2
103	5	0	0	800	0	5	-1	-6	2
104	5	0	0	800	0	5	-1	-6	2
105	5	0	0	800	0	5	-1	-6	2
106	5	0	0	800	0	5	-1	-6	2
107	5	0	0	800	0	5	-1	-6	2
108	5	0	0	800	0	5	-1	-6	2
109	5	0	0	800	0	5	-1	-6	2
110	5	0	0	800	0	5	-1	-6	2
111	5	0	0	800	0	5	-1	-6	2
112	5	0	0	800	0	5	-1	-6	2
113	5	0	0	800	0	5	-1	-6	2
114	5	0	0	800	0	5	-1	-6	2
115	5	0	0	800	0	5	-1	-6	2
116	5	0	0	800	0	5	-1	-6	2
117	5	0	0	800	0	5	-1	-6	2
118	5	0	0	800	0	5	-1	-6	2
119	5	0	0	800	0	5	-1	-6	2
120	5	0	0	800	0	5	-1	-6	2
121	5	0	0	800	0	5	-1	-6	2
122	5	0	0	800	0	5	-1	-6	2
123	5	0	0	800	0	5	-1	-6	2
124	5	0	0	800	0	5	-1	-6	2
125	5	0	0	800	0	5	-1	-6	2
126	5	0	0	800	0	5	-1	-6	2
127	5	0	0	800	0	5	-1	-6	2
128	5	0	0	800	0	5	-1	-6	2
129	5	0	0	800	0	5	-1	-6	2
130	5	0	0	800	0	5	-1	-6	2
131	5	0	0	800	0	5	-1	-6	2
132	5	0	0	800	0	5	-1	-6	2
133	5	0	0	800	0	5	-1	-6	2
134	5	0	0	800	0	5	-1	-6	2
135	5	0	0	800	0	5	-1	-6	2
136	5	0	0	800	0	5	-1	-6	2
137	5	0	0	800	0	5	-1	-6	2
138	5	0	0	800	0	5	-1	-6	2
139	5	0	0	800	0	5	-1	-6	2
140	5	0	0	800	0	5	-1	-6	2
141	5	0	0	800	0	5	-1	-6	2
142	5	0	0	800	0	5	-1	-6	2
143	5	0	0	800	0	5	-1	-6	2
144	5	0	0	800	0	5	-1	-6	2
145	5	0	0	800	0	5	-1	-6	2
146	5	0	0	800	0	5	-1	-6	2
147	5	0	0	800	0	5	-1	-6	2
148	5	0	0	800	0	5	-1	-6	2
149	5	0	0	800	0	5	-1	-6	2
150	5	0	0	800	0	5	-1	-6	2
151	5	0	0	800	0	5	-1	-6	2
152	5	0	0	800	0	5	-1	-6	2
153	5	0	0	800	0	5	-1	-6	2
154	5	0	0	800	0	5	-1	-6	2
155	5	0	0	800	0	5	-1	-6	2
156	5	0	0	800	0	5	-1	-6	2
157	5	0	0	800	0	5	-1	-6	2
158	5	0	0	800	0	5	-1	-6	2
159	5	0	0	800	0	5	-1	-6	2
160	5	0	0	800	0	5	-1	-6	2
161	5	0	0	800	0	5	-1	-6	2
162	5	0	0	800	0	5	-1	-6	2
163	5	0	0	800	0	5	-1	-6	2
164	5	0	0	800	0	5	-1	-6	2
165	5	0	0	800	0	5	-1	-6	2
166	5	0	0	800	0	5	-1	-6	2
167	5	0	0	800	0	5	-1	-6	2
168	5	0	0	800	0	5	-1	-6	2
169	5	0	0	800	0	5	-1	-6	2
170	5	0	0	800	0	5	-1	-6	2
171	5	0	0	800	0	5	-1	-6	2
172	5	0	0	800	0	5	-1	-6	2
173	5	0	0	800	0	5	-1	-6	2
174	5	0	0	800	0	5	-1	-6	2
175	5	0	0	800	0	5	-1	-6	2
176	5	0	0	800	0	5	-1	-6	2
177	5	0	0	800	0	5	-1	-6	2
178	5	0	0	800	0	5	-1	-6	2
179	5	0	0	800	0	5	-1	-6	2
180	5	0	0	800	0	5	-1	-6	2
181	5	0	0	800	0	5	-1	-6	2
182	5	0	0	800	0	5	-1	-6	2
183	5	0	0	800	0	5	-1	-6	2
184	5	0	0	800	0	5	-1	-6	2
185	5	0	0	800	0	5	-1	-6	2
186	5	0	0	800	0	5	-1	-6	2
187	5	0	0	800	0	5	-1	-6	2
188	5	0	0	800	0	5	-1	-6	2
189	5	0	0	800	0	5	-1	-6	2
190	5	0	0	800	0	5	-1	-6	2
191	5	0	0	800	0	5	-1	-6	2
192	5	0	0	800	0	5	-1	-6	2
193	5	0	0	800	0	5	-1	-6	2
194	5	0	0	800	0	5	-1	-6	2
195	5	0	0	800	0	5	-1	-6	2
196	5	0	0	800	0	5	-1	-6	2
197	5	0	0	800	0	5	-1	-6	2
198	5	0	0	800	0	5	-1	-6	2
199	5	0	0	800	0	5	-1	-6	2
200	5	0	0	800	0	5	-1	-6	2
201	5	0	0	800	0	5	-1	-6	2
202	5	0	0	800	0	5	-1	-6	2
203	5	0	0	800	0	5	-1	-6	2
204	5	0	0	800	0	5	-1	-6	2
205	5	0	0	800	0	5	-1	-6	2
206	5	0	0	800	0	5	-1	-6	2
207	5	0	0	800	0	5	-1	-6	2
208	5	0	0	800	0	5	-1	-6	2
209	5	0	0	800	0	5	-1	-6	2
210	5	0	0	800	0	5	-1	-6	2
211	5	0	0	800	0	5	-1	-6	2
212	5	0	0	800	0	5	-1	-6	2
213	5	0	0	800	0	5	-1	-6	2
214	5	0	0	800	0	5	-1	-6	2
215	5	0	0	800	0	5	-1	-6	2
216	5	0	0	800	0	5	-1	-6	2
217	5	0	0	800	0	5	-1	-6	2
218	5	0	0	800	0	5	-1	-6	2
219	5	0	0	800	0	5	-1	-6	2
220	5	0	0	800	0	5	-1	-6	2
221	5	0	0	800	0	5	-1	-6	2
222	5	0	0	800	0	5	-1	-6	2
223	5	0	0	800	0	5	-1	-6	2
224	5	0	0	800	0	5	-1	-6	2
225	5	0	0	800	0	5	-1	-6	2
226	5	0	0	800	0	5	-1	-6	2
227	5	0	0	800	0	5	-1	-6	2
228	5	0	0	800	0	5	-1	-6	2
229	5	0	0	800	0	5	-1	-6	2
230	5	0	0	800	0	5	-1	-6	2
231	5	0	0	800	0	5	-1	-6	2
232	5	0	0	800	0	5	-1	-6	2
233	5	0	0	800	0	5	-1	-6	2
234	5	0	0	800	0	5	-1	-6	2
235	5	0	0	800	0	5	-1	-6	2
236	5	0	0	800	0	5	-1	-6	2
237	5	0	0	800	0	5	-1	-6	2
238	5	0	0	800	0	5	-1	-6	2
239	5	0	0	800	0	5	-1	-6	2
240	5	0	0	800	0	5	-1	-6	2
241	5	0	0	800	0	5	-1	-6	2
242	5	0	0	800	0	5	-1	-6	2
243	5	0	0	800	0	5	-1	-6	2
244	5	0	0	800	0	5	-1	-6	2
245	5	0	0	800	0	5	-1	-6	2
246	5	0	0	800	0	5	-1	-6	2
247	5	0	0	800	0	5	-1	-6	2
248	5	0	0	800	0	5	-1	-6	2
249	5	0	0	800	0	5	-1	-6	2
250	5	0	0	800	0	5	-1	-6	2
251	5	0	0	800	0	5	-1	-6	2
252	5	0	0	800	0	5	-1	-6	2
253	5	0	0	800	0	5	-1	-6	2
254	5	0	0	800	0	5	-1	-6	2
255	5	0	0	800	0	5	-1	-6	2
256	5	0	0	800	0	5	-1	-6	2
257	5	0	0	800	0	5	-1	-6	2
258	5	0	0	800	0	5	-1	-6	2
259	5	0	0	800	0	5	-1	-6	2
260	5	0	0	800	0	5	-1	-6	2
261	5	0	0	800	0	5	-1	-6	2
262	5	0	0	800	0	5	-1	-6	2
263	5	0	0	800	0	5	-1	-6	2
264	5	0	0	800	0	5	-1	-6	2
265	5	0	0	800	0	5	-1	-6	2
266	5	0	0	800	0	5	-1	-6	2
267	5	0	0	800	0	5	-1	-6	2
268	5	0	0	800	0	5	-1	-6	2
269	5	0	0	800	0	5	-1	-6	2
270	5	0	0	800	0	5	-1	-6	2
271	5	0	0	800	0	5	-1	-6	2
272	5	0	0	800	0	5	-1	-6	2
273	5	0	0	800	0	5	-1	-6	2
274	5	0	0	800	0	5	-1	-6	2
275	5	0	0	800	0	5	-1	-6	2
276	5	0	0	800	0	5	-1	-6	2
277	5	0	0	800	0	5	-1	-6	2
278	5	0	0	800	0	5	-1	-6	2
279	5	0	0	800	0	5	-1	-6	2
280	5	0	0	800	0	5	-1	-6	2
281	5	0	0	800	0	5	-1	-6	2
282	5	0	0	800	0	5	-1	-6	2
283	5	0	0	800	0	5	-1	-6	2
284	5	0	0	800	0	5	-1	-6	2
285	5	0	0	800	0	5	-1	-6	2
286	5	0	0	800	0	5	-1	-6	2
287	5	0	0	800	0	5	-1	-6	2
288	5	0	0	800	0	5	-1	-6	2
289	5	0	0	800	0	5	-1	-6	2
290	5	0	0	800	0	5	-1	-6	2
291	5	0	0	800	0	5	-1	-6	2
292	5	0	0	800	0	5	-1	-6	2
293	5	0	0	800	0	5	-1	-6	2
294	5	0	0	800	0	5	-1	-6	2
295	5	0	0	800	0	5	-1	-6	2
296	5	0	0	800	0	5	-1	-6	2
297	5	0	0	800	0	5	-1	-6	2
298	5	0	0	800	0	5	-1	-6	2
299	5	0	0	800	0	5	-1	-6	2
300	5	0	0	800	0	5	-1	-6	2
301	5	0	0	800	0	5	-1	-6	2
302	5	0	0	800	0	5	-1	-6	2
303	5	0	0	800	0	5	-1	-6	2
304	5	0	0	800	0	5	-1	-6	2
305	5	0	0	800	0	5	-1	-6	2
306	5	0	0	800	0	5	-1	-6	2
307	5	0	0	800	0	5	-1	-6	2
308	5	0	0	800	0	5	-1	-6	2
309	5	0	0	800	0	5	-1	-6	2
310	5	0	0	800	0	5	-1	-6	2
311	5	0	0	800	0	5	-1	-6	2
312	5	0	0	800	0	5	-1	-6	2
313	5	0	0	800	0	5	-1	-6	2
314	5	0	0	800	0	5	-1	-6	2
315	5	0	0	800	0	5	-1	-6	2
316	5	0	0	800	0	5	-1	-6	2
317	5	0	0	800	0	5	-1	-6	2
318	5	0	0	800	0	5	-1	-6	2
319	5	0	0	800	0	5	-1	-6	2
320	5	0	0	800	0	5	-1	-6	2
321	5	0	0	800	0	5	-1	-6	2
322	5	0	0	800	0	5	-1	-6	2
323	5	0	0	800	0	5	-1	-6	2
324	5	0	0	800	0	5	-1	-6	2
325	5	0	0	800	0	5	-1	-6	2
326	5	0	0	800	0	5	-1	-6	2
327	5	0	0	800	0	5	-1	-6	2
328	5	0	0	800	0	5	-1	-6	2
329	5	0	0	800	0	5	-1	-6	2
330	5	0	0	800	0	5	-1	-6	2
331	5	0	0	800	0	5	-1	-6	2
332	5	0	0	800	0	5	-1	-6	2
333	5	0	0	800	0	5	-1	-6	2
334	5	0	0	800	0	5	-1	-6	2
335	5	0	0	800	0	5	-1	-6	2
336	5	0	0	800	0	5	-1	-6	2
337	5	0	0	800	0	5	-1	-6	2
338	5	0	0	800	0	5	-1	-6	2
339	5	0	0	800	0	5	-1	-6	2
340	5	0	0	800	0	5	-1	-6	2
341	5	0	0	800	0	5	-1	-6	2
342	5	0	0	800	0	5	-1	-6	2
343	5	0	0	800	0	5	-1	-6	2
344	5	0	0	800	0	5	-1	-6	2
345	5	0	0	800	0	5	-1	-6	2
346	5	0	0	800	0	5	-1	-6	2
347	5	0	0	800	0	5	-1	-6	2
348	5	0	0	800	0	5	-1	-6	2
349	5	0	0	800	0	5	-1	-6	2
350	5	0	0	800	0	5	-1	-6	2
351	5	0	0	800	0	5	-1	-6	2
352	5	0	0	800	0	5	-1	-6	2
353	5	0	0	800	0	5	-1	-6	2
354	5	0	0	800	0	5	-1	-6	2
355	5	0	0	800	0	5	-1	-6	2
356	5	0	0	800	0	5	-1	-6	2
357	5	0	0	800	0	5	-1	-6	2
358	5	0	0	800	0	5	-1	-6	2
359	5	0	0	800	0	5	-1	-6	2
360	5	0	0	800	0	5	-1	-6	2
361	5	0	0	800	0	5	-1	-6	2
362	5	0	0	800	0	5	-1	-6	2
363	5	0	0	800	0	5	-1	-6	2
364	5	0	0	800	0	5	-1	-6	2
365	5	0	0	800	0	5	-1	-6	2
366	5	0	0	800	0	5	-1	-6	2
367	5	0	0	800	0	5	-1	-6	2
368	5	0	0	800	0	5	-1	-6	2
369	5	0	0	800	0	5	-1	-6	2
370	5	0	0	800	0	5	-1	-6	2
371	5	0	0	800	0	5	-1	-6	2
372	5	0	0	800	0	5	-1	-6	2
373	5	0	0	800	0	5	-1	-6	2
374	5	0	0	800	0	5	-1	-6	2
375	5	0	0	800	0	5	-1	-6	2
376	5	0	0	800	0	5	-1	-6	2
377	5	0	0	800	0	5	-1	-6	2
378	5	0	0	800	0	5	-1	-6	2
379	5	0	0	800	0	5	-1	-6	2
380	5	0	0	800	0	5	-1	-6	2
381	5	0	0	800	0	5	-1	-6	2
382	5	0	0	800	0	5	-1	-6	2
383	5	0	0	800	0	5	-1	-6	2
384	5	0	0	800	0	5	-1	-6	2
385	5	0	0	800	0	5	-1	-6	2
386	5	0	0	800	0	5	-1	-6	2
387	5	0	0	800	0	5	-1	-6	2
388	5	0	0	800	0	5	-1	-6	2
389	5	0	0	800	0	5	-1	-6	2
390	5	0	0	800	0	5	-1	-6	2
391	5	0	0	800	0	5	-1	-6	2
392	5	0	0	800	0	5	-1	-6	2
393	5	0	0	800	0	5	-1	-6	2
394	5	0	0	800	0	5	-1	-6	2
395	5	0	0	800	0	5	-1	-6	2
396	5	0	0	800	0	5	-1	-6	2
397	5	0	0	800	0	5	-1	-6	2
398	5	0	0	800	0	5	-1	-6	2
399	5	0	0	800	0	5	-1	-6	2
400	5	0	0	800	0	5	-1	-6	2
401	5	0	0	800	0	5	-1	-6	2
402	5	0	0	800	0	5	-1	-6	2
403	5	0	0	800	0	5	-1	-6	2
404	5	0	0	800	0	5	-1	-6	2
405	5	0	0	800	0	5	-1	-6	2
406	5	0	0	800	0	5	-1	-6	2
407	5	0	0	800	0	5	-1	-6	2
408	5	0	0	800	0	5	-1	-6	2
409	5	0	0	800	0	5	-1	-6	2
410	5	0	0	800	0	5	-1	-6	2
411	5	0	0	800	0	5	-1	-6	2
412	5	0	0	800	0	5	-1	-6	2
413	5	0	0	800	0	5	-1	-6	2
414	5	0	0	800	0	5	-1	-6	2
415	5	0	0	800	0	5	-1	-6	2
416	5	0	0	800	0	5	-1	-6	2
417	5	0	0	800	0	5	-1	-6	2
418	5	0	0	800	0	5	-1	-6	2
419	5	0	0	800	0	5	-1	-6	2
420	5	0	0	800	0	5	-1	-6	2
421	5	0	0	800	0	5	-1	-6	2
422	5	0	0	800	0	5	-1	-6	2
423	5	0	0	800	0	5	-1	-6	2
424	5	0	0	800	0	5	-1	-6	2
425	5	0	0	800	0	5	-1	-6	2
426	5	0	0	800	0	5	-1	-6	2
427	5	0	0	800	0	5	-1	-6	2
428	5	0	0	800	0	5	-1	-6	2
429	5	0	0	800	0	5	-1	-6	2
430	5	0	0	800	0	5	-1	-6	2
431	5	0	0	800	0	5	-1	-6	2
432	5	0	0	800	0	5	-1	-6	2
433	5	0	0	800	0	5	-1	-6	2
434	5	0	0	800	0	5	-1	-6	2
435	5	0	0	800	0	5	-1	-6	2
436	5	0	0	800	0	5	-1	-6	2
437	5	0	0	800	0	5	-1	-6	2
438	5	0	0	800	0	5	-1	-6	2
439	5	0	0	800	0	5	-1	-6	2
440	5	0	0	800	0	5	-1	-6	2
441	5	0	0	800	0	5	-1	-6	2
442	5	0	0	800	0	5	-1	-6	2
443	5	0	0	800	0	5	-1	-6	2
444	5	0	0	800	0	5	-1	-6	2
445	5	0	0	800	0	5	-1	-6	2
446	5	0	0	800	0	5	-1	-6	2
447	5	0	0	800	0	5	-1	-6	2
448	5	0	0	800	0	5	-1	-6	2
449	5	0	0	800	0	5	-1	-6	2
450	5	0	0	800	0	5	-1	-6	2
451	5	0	0	800	0	5	-1	-6	2
452	5	0	0	800	0	5	-1	-6	2
453	5	0	0	800	0	5	-1	-6	2
454	5	0	0	800	0	5	-1	-6	2
455	5	0	0	800	0	5	-1	-6	2
456	5	0	0	800	0	5	-1	-6	2
457	5	0	0	800	0	5	-1	-6	2
458	5	0	0	800	0	5	-1	-6	2
459	5	0	0	800	0	5	-1	-6	2
460	5	0	0	800	0	5	-1	-6	2
461	5	0	0	800	0	5	-1	-6	2
462	5	0	0	800	0	5	-1	-6	2
463	5	0	0	800	0	5	-1	-6	2
464	5	0	0	800	0	5	-1	-6	2
465	5	0	0	800	0	5	-1	-6	2
466	5	0	0	800	0	5	-1	-6	2
467	5	0	0	800	0	5	-1	-6	2
468	5	0	0	800	0	5	-1	-6	2
469	5	0	0	800	0	5	-1	-6	2
470	5	0	0	800	0	5	-1	-6	2
471	5	0	0	800	0	5	-1	-6	2
472	5	0	0	800	0	5	-1	-6	2
473	5	0	0	800	0	5	-1	-6	2
474	5	0	0	800	0	5	-1	-6	2
475	5	0	0	800	0	5	-1	-6	2
476	5	0	0	800	0	5	-1	-6	2
477	5	0	0	800	0	5	-1	-6	2
478	5	0	0	800	0	5	-1	-6	2
479	5	0	0	800	0	5	-1	-6	2
480	5	0	0	800	0	5	-1	-6	2
481	5	0	0	800	0	5	-1	-6	2
482	5	0	0	800	0	5	-1	-6	2
483	5	0	0	800	0	5	-1	-6	2
484	5	0	0	800	0	5	-1	-6	2
485	5	0	0	800	0	5	-1	-6	2
486	5	0	0	800	0	5	-1	-6	2
487	5	0	0	800	0	5	-1	-6	2
488	5	0	0	800	0	5	-1	-6	2
489	5	0	0	800	0	5	-1	-6	2
490	5	0	0	800	0	5	-1	-6	2
491	5	0	0	800	0	5	-1	-6	2
492	5	0	0	800	0	5	-1	-6	2
493	5	0	0	800	0	5	-1	-6	2
494	5	0	0	800	0	5	-1	-6	2
495	5	0	0	800	0	5	-1	-6	2
496	5	0	0	800	0	5	-1	-6	2
497	5	0	0	800	0	5	-1	-6	2
498	5	0	0	800	0	5	-1	-6	2
499	5	0	0	800	0	5	-1	-6	2
500	5	0	0	800	0	5	-1	-6	2
501	5	0	0	800	0	5	-1	-6	2
502	5	0	0	800	0	5	-1	-6	2
503	5	0	0	800	0	5	-1	-6	2
504	5	0	0	800	0	5	-1	-6	2
505	5	0	0	800	0	5	-1	-6	2
506	5	0	0	800	0	5	-1	-6	2
507	5	0	0	800	0	5	-1	-6	2
508	5	0	0	800	0	5	-1	-6	2
509	5	0	0	800	0	5	-1	-6	2
510	5	0	0	800	0	5	-1	-6	2
511	5	0	0	800	0	5	-1	-6	2
512	5	0	0	800	0	5	-1	-6	2
513	5	0	0	800	0	5	-1	-6	2
514	5	0	0	800	0	5	-1	-6	2
515	5	0	0	800	0	5	-1	-6	2
516	5	0	0	800	0	5	-1	-6	2
517	5	0	0	800	0	5	-1	-6	2
518	5	0	0	800	0	5	-1	-6	2
519	5	0	0	800	0	5	-1	-6	2
520	5	0	0	800	0	5	-1	-6	2
521	5	0	0	800	0	5	-1	-6	2
522	5	0	0	800	0	5	-1	-6	2
523	5	0	0	800	0	5	-1	-6	2
524	5	0	0	800	0	5	-1	-6	2
525	5	0	0	800	0	5	-1	-6	2
526	5	0	0	800	0	5	-1	-6	2
527	5	0	0	800	0	5	-1	-6	2
528	5	0	0	800	0	5	-1	-6	2
529	5	0	0	800	0	5	-1	-6	2
530	5	0	0	800	0	5	-1	-6	2
531	5	0	0	800	0	5	-1	-6	2
532	5	0	0	800	0	5	-1	-6	2
533	5	0	0	800	0	5	-1	-6	2
534	5	0	0	800	0	5	-1	-6	2
535	5	0	0	800	0	5	-1	-6	2
536	5	0	0	800	0	5	-1	-6	2
537	5	0	0	800	0	5	-1	-6	2
538	5	0	0	800	0	5	-1	-6	2
539	5	0	0	800	0	5	-1	-6	2
540	5	0	0	800	0	5	-1	-6	2
541	5	0	0	800	0	5	-1	-6	2
542	5	0	0	800	0	5	-1	-6	2
543	5	0	0	800	0	5	-1	-6	2
544	5	0	0	800	0	5	-1	-6	2
545	5	0	0	800	0	5	-1	-6	2
546	5	0	0	800	0	5	-1	-6	2
547	5	0	0	800	0	5	-1	-6	2
548	5	0	0	800	0	5	-1	-6	2
549	5	0	0	800	0	5	-1	-6	2
550	5	0	0	800	0	5	-1	-6	2
551	5	0	0	800	0	5	-1	-6	2
552	5	0	0	800	0	5	-1	-6	2
553	5	0	0	800	0	5	-1	-6	2
554	5	0	0	800	0	5	-1	-6	2
555	5	0	0	800	0	5	-1	-6	2
556	5	0	0	800	0	5	-1	-6	2
557	5	0	0	800	0	5	-1	-6	2
558	5	0	0	800	0	5	-1	-6	2
559	5	0	0	800	0	5	-1	-6	2
560	5	0	0	800	0	5	-1	-6	2
561	5	0	0	800	0	5	-1	-6	2
562	5	0	0	800	0	5	-1	-6	2
563	5	0	0	800	0	5	-1	-6	2
564	5	0	0	800	0	5	-1	-6	2
565	5	0	0	800	0	5	-1	-6	2
566	5	0	0	800	0	5	-1	-6	2
567	5	0	0	800	0	5	-1	-6	2
568	5	0	0	800	0	5	-1	-6	2
569	5	0	0	800	0	5	-1	-6	2
570	5	0	0	800	0	5	-1	-6	2
571	5	0	0	800	0	5	-1	-6	2
572	5	0	0	800	0	5	-1	-6	2
573	5	0	0	800	0	5	-1	-6	2
574	5	0	0	800	0	5	-1	-6	2
575	5	0	0	800	0	5	-1	-6	2
576	5	0	0	800	0	5	-1	-6	2
577	5	0	0	800	0	5	-1	-6	2
578	5	0	0	800	0	5	-1	-6	2
579	5	0	0	800	0	5	-1	-6	2
580	5	0	0	800	0	5	-1	-6	2
581	5	0	0	800	0	5	-1	-6	2
582	5	0	0	800	0	5	-1	-6	2
583	5	0	0	800	0	5	-1	-6	2
584	5	0	0	800	0	5	-1	-6	2
585	5	0	0	800	0	5	-1	-6	2
586	5	0	0	800	0	5	-1	-6	2
587	5	0	0	800	0	5	-1	-6	2
588	5	0	0	800	0	5	-1	-6	2
589	5	0	0	800	0	5	-1	-6	2
590	5	0	0	800	0	5	-1	-6	2
591	5	0	0	800	0	5	-1	-6	2
592	5	0	0	800	0	5	-1	-6	2
593	5	0	0	800	0	5	-1	-6	2
594	5	0	0	800	0	5	-1	-6	2
595	5	0	0	800	0	5	-1	-6	2
596	5	0	0	800	0	5	-1	-6	2
597	5	0	0	800	0	5	-1	-6	2
598	5	0	0	800	0	5	-1	-6	2
599	5	0	0	800	0	5	-1	-6	2
600	5	0	0	800	0	5	-1	-6	2
601	5	0	0	800	0	5	-1	-6	2
602	5	0	0	800	0	5	-1	-6	2
603	5	0	0	800	0	5	-1	-6	2
604	5	0	0	800	0	5	-1	-6	2
605	5	0	0	800	0	5	-1	-6	2
606	5	0	0	800	0	5	-1	-6	2
607	5	0	0	800	0	5	-1	-6	2
608	5	0	0	800	0	5	-1	-6	2
609	5	0	0	800	0	5	-1	-6	2
610	5	0	0	800	0	5	-1	-6	2
611	5	0	0	800	0	5	-1	-6	2
612	5	0	0	800	0	5	-1	-6	2
613	5	0	0	800	0	5	-1	-6	2
614	5	0	0	800	0	5	-1	-6	2
615	5	0	0	800	0	5	-1	-6	2
616	5	0	0	800	0	5	-1	-6	2
617	5	0	0	800	0	5	-1	-6	2
618	5	0	0	800	0	5	-1	-6	2
619	5	0	0	800	0	5	-1	-6	2
620	5	0	0	800	0	5	-1	-6	2
621	5	0	0	800	0	5	-1	-6	2
622	5	0	0	800	0	5	-1	-6	2
623	5	0	0	800	0	5	-1	-6	2
624	5	0	0	800	0	5	-1	-6	2
625	5	0	0	800	0	5	-1	-6	2
626	5	0	0	800	0	5	-1	-6	2
627	5	0	0	800	0	5	-1	-6	2
628	5	0	0	800	0	5	-1	-6	2
629	5	0	0	800	0	5	-1	-6	2
630	5	0	0	800	0	5	-1	-6	2
631	5	0	0	800	0	5	-1	-6	2
632	5	0	0	800	0	5	-1	-6	2
633	5	0	0	800	0	5	-1	-6	2
634	5	0	0	800	0	5	-1	-6	2
635	5	0	0	800	0	5	-1	-6	2
636	5	0	0	800	0	5	-1	-6	2
637	5	0	0	800	0	5	-1	-6	2
638	5	0	0	800	0	5	-1	-6	2
639	5	0	0	800	0	5	-1	-6	2
640	5	0	0	800	0	5	-1	-6	2
641	5	0	0	800	0	5	-1	-6	2
642	5	0	0	800	0	5	-1	-6	2
643	5	0	0	800	0	5	-1	-6	2
644	5	0	0	800	0	5	-1	-6	2
645	5	0	0	800	0	5	-1	-6	2
646	5	0	0	800	0	5	-1	-6	2
647	5	0	0	800	0	5	-1	-6	2
648	5	0	0	800	0	5	-1	-6	2
649	5	0	0	800	0	5	-1	-6	2
650	5	0	0	800	0	5	-1	-6	2
651	5	0	0	800	0	5	-1	-6	2
652	5	0	0	800	0	5	-1	-6	2
653	5	0	0	800	0	5	-1	-6	2
654	5	0	0	800	0	5	-1	-6	2
655	5	0	0	800	0	5	-1	-6	2
656	5	0	0	800	0	5	-1	-6	2
657	5	0	0	800	0	5	-1	-6	2
658	5	0	0	800	0	5	-1	-6	2
659	5	0	0	800	0	5	-1	-6	2
660	5	0	0	800	0	5	-1	-6	2
661	5	0	0	800	0	5	-1	-6	2
662	5	0	0	800	0	5	-1	-6	2
663	5	0	0	800	0	5	-1	-6	2
664	5	0	0	800	0	5	-1	-6	2
665	5	0	0	800	0	5	-1	-6	2
666	5	0	0	800	0	5	-1	-6	2
667	5	0	0	800	0	5	-1	-6	2
668	5	0	0	800	0	5	-1	-6	2
669	5	0	0	800	0	5	-1	-6	2
670	5	0	0	800	0	5	-1	-6	2
671	5	0	0	800	0	5	-1	-6	2
672	5	0	0	800	0	5	-1	-6	2
673	5	0	0	800	0	5	-1	-6	2
674	5	0	0	800	0	5	-1	-6	2
675	5	0	0	800	0	5	-1	-6	2
676	5	0	0	800	0	5	-1	-6	2
677	5	0	0	800	0	5	-1	-6	2
678	5	0	0	800	0	5	-1	-6	2
679	5	0	0	800	0	5	-1	-6	2
680	5	0	0	800	0	5	-1	-6	2
681	5	0	0	800	0	5	-1	-6	2
682	5	0	0	800	0	5	-1	-6	2
683	5	0	0	800	0	5	-1	-6	2
684	5	0	0	800	0	5	-1	-6	2
685	5	0	0	800	0	5	-1	-6	2
686	5	0	0	800	0	5	-1	-6	2
687	5	0	0	800	0	5	-1	-6	2
688	5	0	0	800	0	5	-1	-6	2
689	5	0	0	800	0	5	-1	-6	2
690	5	0	0	800	0	5	-1	-6	2
691	5	0	0	800	0	5	-1	-6	2
692	5	0	0	800	0	5	-1	-6	2
693	5	0	0	800	0	5	-1	-6	2
694	5	0	0	800	0	5	-1	-6	2
695	5	0	0	800	0	5	-1	-6	2
696	5	0	0	800	0	5	-1	-6	2
697	5	0	0	800	0	5	-1	-6	2
698	5	0	0	800	0	5	-1	-6	2
699	5	0	0	800	0	5	-1	-6	2
700	5	0	0	800	0	5	-1	-6	2
701	5	0	0	800	0	5	-1	-6	2
702	5	0	0	800	0	5	-1	-6	2
703	5	0	0	800	0	5	-1	-6	2
704	5	0	0	800	0	5	-1	-6	2
705	5	0	0	800	0	5	-1	-6	2
706	5	0	0	800	0	5	-1	-6	2
707	5	0	0	800	0	5	-1	-6	2
708	5	0	0	800	0	5	-1	-6	2
709	5	0	0	800	0	5	-1	-6	2
710	5	0	0	800	0	5	-1	-6	2
711	5	0	0	800	0	5	-1	-6	2
712	5	0	0	800	0	5	-1	-6	2
713	5	0	0	800	0	5	-1	-6	2
714	5	0	0	800	0	5	-1	-6	2
715	5	0	0	800	0	5	-1	-6	2
716	5	0	0	800	0	5	-1	-6	2
717	5	0	0	800	0	5	-1	-6	2
718	5	0	0	800	0	5	-1	-6	2
719	5	0	0	800	0	5	-1	-6	2
720	5	0	0	800	0	5	-1	-6	2
721	5	0	0	800	0	5	-1	-6	2
722	5	0	0	800	0	5	-1	-6	2
723	5	0	0	800	0	5	-1	-6	2
724	5	0	0	800	0	5	-1	-6	2
725	5	0	0	800	0	5	-1	-6	2
726	5	0	0	800	0	5	-1	-6	2
727	5	0	0	800	0	5	-1	-6	2
728	5	0	0	800	0	5	-1	-6	2
729	5	0	0	800	0	5	-1	-6	2
730	5	0	0	800	0	5	-1	-6	2
731	5	0	0	800	0	5	-1	-6	2
732	5	0	0	800	0	5	-1	-6	2
733	5	0	0	800	0	5	-1	-6	2
734	5	0	0	800	0	5	-1	-6	2
735	5	0	0	800	0	5	-1	-6	2
736	5	0	0	800	0	5	-1	-6	2
737	5	0	0	800	0	5	-1	-6	2
738	5	0	0	800	0	5	-1	-6	2
739	5	0	0	800	0	5	-1	-6	2
740	5	0	0	800	0	5	-1	-6	2
741	5	0	0	800	0	5	-1	-6	2
742	5	0	0	800	0	5	-1	-6	2
743	5	0	0	800	0	5	-1	-6	2
744	5	0	0	800	0	5	-1	-6	2
745	5	0	0	800	0	5	-1	-6	2
746	5	0	0	800	0	5	-1	-6	2
747	5	0	0	800	0	5	-1	-6	2
748	5	0	0	800	0	5	-1	-6	2
749	5	0	0	800	0	5	-1	-6	2
750	5	0	0	800	0	5	-1	-6	2
751	5	0	0	800	0	5	-1	-6	2
752	5	0	0	800	0	5	-1	-6	2
753	5	0	0	800	0	5	-1	-6	2
754	5	0	0	800	0	5	-1	-6	2
755	5	0	0	800	0	5	-1	-6	2
756	5	0	0	800	0	5	-1	-6	2
757	5	0	0	800	0	5	-1	-6	2
758	5	0	0	800	0	5	-1	-6	2
759	5	0	0	800	0	5	-1	-6	2
760	5	0	0	800	0	5	-1	-6	2
761	5	0	0	800	0	5	-1	-6	2
762	5	0	0	800	0	5	-1	-6	2
763	5	0	0	800	0	5	-1	-6	2
764	5	0	0	800	0	5	-1	-6	2
765	5	0	0	800	0	5	-1	-6	2
766	5	0	0	800	0	5	-1	-6	2
767	5	0	0	800	0	5	-1	-6	2
768	5	0	0	800	0	5	-1	-6	2
769	5	0	0	800	0	5	-1	-6	2
770	5	0	0	800	0	5	-1	-6	2
771	5	0	0	800	0	5	-1	-6	2
772	5	0	0	800	0	5	-1	-6	2
773	5	0	0	800	0	5	-1	-6	2
774	5	0	0	800	0	5	-1	-6	2
775	5	0	0	800	0	5	-1	-6	2
776	5	0	0	800	0	5	-1	-6	2
777	5	0	0	800	0	5	-1	-6	2
778	5	0	0	800	0	5	-1	-6	2
779	5	0	0	800	0	5	-1	-6	2
780	5	0	0	800	0	5	-1	-6	2
781	5	0	0	800	0	5	-1	-6	2
782	5	0	0	800	0	5	-1	-6	2
783	5	0	0	800	0	5	-1	-6	2
784	5	0	0	800	0	5	-1	-6	2
785	5	0	0	800	0	5	-1	-6	2
786	5	0	0	800	0	5	-1	-6	2
787	5	0	0	800	0	5	-1	-6	2
788	5	0	0	800	0	5	-1	-6	2
789	5	0	0	800	0	5	-1	-6	2
790	5	0	0	800	0	5	-1	-6	2
791	5	0	0	800	0	5	-1	-6	2
792	5	0	0	800	0	5	-1	-6	2
793	5	0	0	800	0	5	-1	-6	2
794	5	0	0	800	0	5	-1	-6	2
795	5	0	0	800	0	5	-1	-6	2
796	5	0	0	800	0	5	-1	-6	2
797	5	0	0	800	0	5	-1	-6	2
798	5	0	0	800	0	5	-1	-6	2
799	5	0	0	800	0	5	-1	-6	2
800	5	0	0	800	0	5	-1	-6	2
801	5	0	0	800	0	5	-1	-6	2
802	5	0	0	800	0	5	-1	-6	2
803	5	0	0	800	0	5	-1	-6	2
804	5	0	0	800	0	5	-1	-6	2
805	5	0	0	800	0	5	-1	-6	2
806	5	0	0	800	0	5	-1	-6	2
807	5	0	0	800	0	5	-1	-6	2
808	5	1	1	800	808	5	5	-6	2
809	5	1	1	800	808	5	5	-6	2
810	5	1	1	800	808	5	5	-6	2
811	5	1	1	800	808	5	5	-6	2
812	5	1	1	800	808	5	5	-6	2
813	5	1	1	800	808	5	5	-6	2
814	5	1	1	800	808	5	5	-6	2
815	5	1	1	800	808	5	5	-6	2
816	5	1	1	800	808	5	5	-6	2
817	5	1	1	800	808	5	5	-6	2
818	5	1	1	800	808	5	5	-6	2
819	5	1	1	800	808	5	5	-6	2
820	5	1	1	800	808	5	5	-6	2
821	5	1	1	800	808	5	5	-6	2
822	5	1	1	800	808	5	5	-6	2
823	5	1	1	800	808	5	5	-6	2
824	5	1	1	800	808	5	5	-6	2
825	5	1	1	800	808	5	5	-6	2
826	5	1	1	800	808	5	5	-6	2
827	5	1	1	800	808	5	5	-6	2
828	5	1	1	800	808	5	5	-6	2
829	5	1	1	800	808	5	5	-6	2
830	5	1	1	800	808	5	5	-6	2
831	5	1	1	800	808	5	5	-6	2
832	5	1	1	800	808	5	5	-6	2
833	5	1	1	800	808	5	5	-6	2
834	5	1	1	800	808	5	5	-6	2
835	5	1	1	800	808	5	5	-6	2
836	5	1	1	800	808	5	5	-6	2
837	5	1	1	800	808	5	5	-6	2
838	5	1	1	800	808	5	5	-6	2
839	5	1	1	800	808	5	5	-6	2
840	5	1	1	800	808	5	5	-6	2
841	5	1	1	800	808	5	5	-6	2
842	5	1	1	800	808	5	5	-6	2
843	5	1	1	800	808	5	5	-6	2
844	5	1	1	800	808	5	5	-6	2
845	5	1	1	800	808	5	5	-6	2
846	5	1	1	800	808	5	5	-6	2
847	5	1	1	800	808	5	5	-6	2
848	5	1	1	800	808	5	5	-6	2
