1	5	0	0	800	0	5	-1	-4	3
2	5	0	0	800	0	5	-1	-4	3
3	5	0	0	800	0	5	-1	-4	3
4	5	0	0	800	0	5	-1	-4	3
5	5	0	0	800	0	5	-1	-4	3
6	5	0	0	800	0	5	-1	-4	3
7	5	0	0	800	0	5	-1	-4	3
8	5	0	0	800	0	5	-1	-4	3
9	5	0	0	800	0	5	-1	-4	3
10	5	0	0	800	0	5	-1	-4	3
11	5	0	0	800	0	5	-1	-4	3
12	5	0	0	800	0	5	-1	-4	3
13	5	0	0	800	0	5	-1	-4	3
14	5	0	0	800	0	5	-1	-4	3
15	5	0	0	800	0	5	-1	-4	3
16	5	0	0	800	0	5	-1	-4	3
17	5	0	0	800	0	5	-1	-4	3
18	5	0	0	800	0	5	-1	-4	3
19	5	0	0	800	0	5	-1	-4	3
20	5	0	0	800	0	5	-1	-4	3
21	5	0	0	800	0	5	-1	-4	3
22	5	0	0	800	0	5	-1	-4	3
23	5	0	0	800	0	5	-1	-4	3
24	5	0	0	800	0	5	-1	-4	3
25	5	0	0	800	0	5	-1	-4	3
26	5	0	0	800	0	5	-1	-4	3
27	5	0	0	800	0	5	-1	-4	3
28	5	0	0	800	0	5	-1	-4	3
29	5	0	0	800	0	5	-1	-4	3
30	5	0	0	800	0	5	-1	-4	3
31	5	0	0	800	0	5	-1	-4	3
32	5	0	0	800	0	5	-1	-4	3
33	5	0	0	800	0	5	-1	-4	3
34	5	0	0	800	0	5	-1	-4	3
35	5	0	0	800	0	5	-1	-4	3
36	5	0	0	800	0	5	-1	-4	3
37	5	0	0	800	0	5	-1	-4	3
38	5	0	0	800	0	5	-1	-4	3
39	5	0	0	800	0	5	-1	-4	3
40	5	0	0	800	0	5	-1	-4	3
41	5	0	0	800	0	5	-1	-4	3
42	5	0	0	800	0	5	-1	-4	3
43	5	0	0	800	0	5	-1	-4	3
44	5	0	0	800	0	5	-1	-4	3
45	5	0	0	800	0	5	-1	-4	3
46	5	0	0	800	0	5	-1	-4	3
47	5	0	0	800	0	5	-1	-4	3
48	5	0	0	800	0	5	-1	-4	3
49	5	0	0	800	0	5	-1	-4	3
50	5	0	0	800	0	5	-1	-4	3
51	5	0	0	800	0	5	-1	-4	3
52	5	0	0	800	0	5	-1	-4	3
53	5	0	0	800	0	5	-1	-4	3
54	5	0	0	800	0	5	-1	-4	3
55	5	0	0	800	0	5	-1	-4	3
56	5	0	0	800	0	5	-1	-4	3
57	5	0	0	800	0	5	-1	-4	3
58	5	0	0	800	0	5	-1	-4	3
59	5	0	0	800	0	5	-1	-4	3
60	5	0	0	800	0	5	-1	-4	3
61	5	0	0	800	0	5	-1	-4	3
62	5	0	0	800	0	5	-1	-4	3
63	5	0	0	800	0	5	-1	-4	3
64	5	0	0	800	0	5	-1	-4	3
65	5	0	0	800	0	5	-1	-4	3
66	5	0	0	800	0	5	-1	-4	3
67	5	0	0	800	0	5	-1	-4	3
68	5	0	0	800	0	5	-1	-4	3
69	5	0	0	800	0	5	-1	-4	3
70	5	0	0	800	0	5	-1	-4	3
71	5	0	0	800	0	5	-1	-4	3
72	5	0	0	800	0	5	-1	-4	3
73	5	0	0	800	0	5	-1	-4	3
74	5	0	0	800	0	5	-1	-4	3
75	5	0	0	800	0	5	-1	-4	3
76	5	0	0	800	0	5	-1	-4	3
77	5	0	0	800	0	5	-1	-4	3
78	5	0	0	800	0	5	-1	-4	3
79	5	0	0	800	0	5	-1	-4	3
80	5	0	0	800	0	5	-1	-4	3
81	5	0	0	800	0	5	-1	-4	3
82	5	0	0	800	0	5	-1	-4	3
83	5	0	0	800	0	5	-1	-4	3
84	5	0	0	800	0	5	-1	-4	3
85	5	0	0	800	0	5	-1	-4	3
86	5	0	0	800	0	5	-1	-4	3
87	5	0	0	800	0	5	-1	-4	3
88	5	0	0	800	0	5	-1	-4	3
89	5	0	0	800	0	5	-1	-4	3
90	5	0	0	800	0	5	-1	-4	3
91	5	0	0	800	0	5	-1	-4	3
92	5	0	0	800	0	5	-1	-4	3
93	5	0	0	800	0	5	-1	-4	3
94	5	0	0	800	0	5	-1	-4	3
95	5	0	0	800	0	5	-1	-4	3
96	5	0	0	800	0	5	-1	-4	3
97	5	0	0	800	0	5	-1	-4	3
98	5	0	0	800	0	5	-1	-4	3
99	5	0	0	800	0	5	-1	-4	3
100	5	0	0	800	0	5	-1	-4	3
101	5	0	0	800	0	5	-1	-4	3
102	5	0	0	800	0	5	-1	-4	3
103	5	0	0	800	0	5	-1	-4	3
104	5	0	0	800	0	5	-1	-4	3
105	5	0	0	800	0	5	-1	-4	3
106	5	0	0	800	0	5	-1	-4	3
107	5	0	0	800	0	5	-1	-4	3
108	5	0	0	800	0	5	-1	-4	3
109	5	0	0	800	0	5	-1	-4	3
110	5	0	0	800	0	5	-1	-4	3
111	5	0	0	800	0	5	-1	-4	3
112	5	0	0	800	0	5	-1	-4	3
113	5	0	0	800	0	5	-1	-4	3
114	5	0	0	800	0	5	-1	-4	3
115	5	0	0	800	0	5	-1	-4	3
116	5	0	0	800	0	5	-1	-4	3
117	5	0	0	800	0	5	-1	-4	3
118	5	0	0	800	0	5	-1	-4	3
119	5	0	0	800	0	5	-1	-4	3
120	5	0	0	800	0	5	-1	-4	3
121	5	0	0	800	0	5	-1	-4	3
122	5	0	0	800	0	5	-1	-4	3
123	5	0	0	800	0	5	-1	-4	3
124	5	0	0	800	0	5	-1	-4	3
125	5	0	0	800	0	5	-1	-4	3
126	5	0	0	800	0	5	-1	-4	3
127	5	0	0	800	0	5	-1	-4	3
128	5	0	0	800	0	5	-1	-4	3
129	5	0	0	800	0	5	-1	-4	3
130	5	0	0	800	0	5	-1	-4	3
131	5	0	0	800	0	5	-1	-4	3
132	5	0	0	800	0	5	-1	-4	3
133	5	0	0	800	0	5	-1	-4	3
134	5	0	0	800	0	5	-1	-4	3
135	5	0	0	800	0	5	-1	-4	3
136	5	0	0	800	0	5	-1	-4	3
137	5	0	0	800	0	5	-1	-4	3
138	5	0	0	800	0	5	-1	-4	3
139	5	0	0	800	0	5	-1	-4	3
140	5	0	0	800	0	5	-1	-4	3
141	5	0	0	800	0	5	-1	-4	3
142	5	0	0	800	0	5	-1	-4	3
143	5	0	0	800	0	5	-1	-4	3
144	5	0	0	800	0	5	-1	-4	3
145	5	0	0	800	0	5	-1	-4	3
146	5	0	0	800	0	5	-1	-4	3
147	5	0	0	800	0	5	-1	-4	3
148	5	0	0	800	0	5	-1	-4	3
149	5	0	0	800	0	5	-1	-4	3
150	5	0	0	800	0	5	-1	-4	3
151	5	0	0	800	0	5	-1	-4	3
152	5	0	0	800	0	5	-1	-4	3
153	5	0	0	800	0	5	-1	-4	3
154	5	0	0	800	0	5	-1	-4	3
155	5	0	0	800	0	5	-1	-4	3
156	5	0	0	800	0	5	-1	-4	3
157	5	0	0	800	0	5	-1	-4	3
158	5	0	0	800	0	5	-1	-4	3
159	5	0	0	800	0	5	-1	-4	3
160	5	0	0	800	0	5	-1	-4	3
161	5	0	0	800	0	5	-1	-4	3
162	5	0	0	800	0	5	-1	-4	3
163	5	0	0	800	0	5	-1	-4	3
164	5	0	0	800	0	5	-1	-4	3
165	5	0	0	800	0	5	-1	-4	3
166	5	0	0	800	0	5	-1	-4	3
167	5	0	0	800	0	5	-1	-4	3
168	5	0	0	800	0	5	-1	-4	3
169	5	0	0	800	0	5	-1	-4	3
170	5	0	0	800	0	5	-1	-4	3
171	5	0	0	800	0	5	-1	-4	3
172	5	0	0	800	0	5	-1	-4	3
173	5	0	0	800	0	5	-1	-4	3
174	5	0	0	800	0	5	-1	-4	3
175	5	0	0	800	0	5	-1	-4	3
176	5	0	0	800	0	5	-1	-4	3
177	5	0	0	800	0	5	-1	-4	3
178	5	0	0	800	0	5	-1	-4	3
179	5	0	0	800	0	5	-1	-4	3
180	5	0	0	800	0	5	-1	-4	3
181	5	0	0	800	0	5	-1	-4	3
182	5	0	0	800	0	5	-1	-4	3
183	5	0	0	800	0	5	-1	-4	3
184	5	0	0	800	0	5	-1	-4	3
185	5	0	0	800	0	5	-1	-4	3
186	5	0	0	800	0	5	-1	-4	3
187	5	0	0	800	0	5	-1	-4	3
188	5	0	0	800	0	5	-1	-4	3
189	5	0	0	800	0	5	-1	-4	3
190	5	0	0	800	0	5	-1	-4	3
191	5	0	0	800	0	5	-1	-4	3
192	5	0	0	800	0	5	-1	-4	3
193	5	0	0	800	0	5	-1	-4	3
194	5	0	0	800	0	5	-1	-4	3
195	5	0	0	800	0	5	-1	-4	3
196	5	0	0	800	0	5	-1	-4	3
197	5	0	0	800	0	5	-1	-4	3
198	5	0	0	800	0	5	-1	-4	3
199	5	0	0	800	0	5	-1	-4	3
200	5	0	0	800	0	5	-1	-4	3
201	5	0	0	800	0	5	-1	-4	3
202	5	0	0	800	0	5	-1	-4	3
203	5	0	0	800	0	5	-1	-4	3
204	5	0	0	800	0	5	-1	-4	3
205	5	0	0	800	0	5	-1	-4	3
206	5	0	0	800	0	5	-1	-4	3
207	5	0	0	800	0	5	-1	-4	3
208	5	0	0	800	0	5	-1	-4	3
209	5	0	0	800	0	5	-1	-4	3
210	5	0	0	800	0	5	-1	-4	3
211	5	0	0	800	0	5	-1	-4	3
212	5	0	0	800	0	5	-1	-4	3
213	5	0	0	800	0	5	-1	-4	3
214	5	0	0	800	0	5	-1	-4	3
215	5	0	0	800	0	5	-1	-4	3
216	5	0	0	800	0	5	-1	-4	3
217	5	0	0	800	0	5	-1	-4	3
218	5	0	0	800	0	5	-1	-4	3
219	5	0	0	800	0	5	-1	-4	3
220	5	0	0	800	0	5	-1	-4	3
221	5	0	0	800	0	5	-1	-4	3
222	5	0	0	800	0	5	-1	-4	3
223	5	0	0	800	0	5	-1	-4	3
224	5	0	0	800	0	5	-1	-4	3
225	5	0	0	800	0	5	-1	-4	3
226	5	0	0	800	0	5	-1	-4	3
227	5	0	0	800	0	5	-1	-4	3
228	5	0	0	800	0	5	-1	-4	3
229	5	0	0	800	0	5	-1	-4	3
230	5	0	0	800	0	5	-1	-4	3
231	5	0	0	800	0	5	-1	-4	3
232	5	0	0	800	0	5	-1	-4	3
233	5	0	0	800	0	5	-1	-4	3
234	5	0	0	800	0	5	-1	-4	3
235	5	0	0	800	0	5	-1	-4	3
236	5	0	0	800	0	5	-1	-4	3
237	5	0	0	800	0	5	-1	-4	3
238	5	0	0	800	0	5	-1	-4	3
239	5	0	0	800	0	5	-1	-4	3
240	5	0	0	800	0	5	-1	-4	3
241	5	0	0	800	0	5	-1	-4	3
242	5	0	0	800	0	5	-1	-4	3
243	5	0	0	800	0	5	-1	-4	3
244	5	0	0	800	0	5	-1	-4	3
245	5	0	0	800	0	5	-1	-4	3
246	5	0	0	800	0	5	-1	-4	3
247	5	0	0	800	0	5	-1	-4	3
248	5	0	0	800	0	5	-1	-4	3
249	5	0	0	800	0	5	-1	-4	3
250	5	0	0	800	0	5	-1	-4	3
251	5	0	0	800	0	5	-1	-4	3
252	5	0	0	800	0	5	-1	-4	3
253	5	0	0	800	0	5	-1	-4	3
254	5	0	0	800	0	5	-1	-4	3
255	5	0	0	800	0	5	-1	-4	3
256	5	0	0	800	0	5	-1	-4	3
257	5	0	0	800	0	5	-1	-4	3
258	5	0	0	800	0	5	-1	-4	3
259	5	0	0	800	0	5	-1	-4	3
260	5	0	0	800	0	5	-1	-4	3
261	5	0	0	800	0	5	-1	-4	3
262	5	0	0	800	0	5	-1	-4	3
263	5	0	0	800	0	5	-1	-4	3
264	5	0	0	800	0	5	-1	-4	3
265	5	0	0	800	0	5	-1	-4	3
266	5	0	0	800	0	5	-1	-4	3
267	5	0	0	800	0	5	-1	-4	3
268	5	0	0	800	0	5	-1	-4	3
269	5	0	0	800	0	5	-1	-4	3
270	5	0	0	800	0	5	-1	-4	3
271	5	0	0	800	0	5	-1	-4	3
272	5	0	0	800	0	5	-1	-4	3
273	5	0	0	800	0	5	-1	-4	3
274	5	0	0	800	0	5	-1	-4	3
275	5	0	0	800	0	5	-1	-4	3
276	5	0	0	800	0	5	-1	-4	3
277	5	0	0	800	0	5	-1	-4	3
278	5	0	0	800	0	5	-1	-4	3
279	5	0	0	800	0	5	-1	-4	3
280	5	0	0	800	0	5	-1	-4	3
281	5	0	0	800	0	5	-1	-4	3
282	5	0	0	800	0	5	-1	-4	3
283	5	0	0	800	0	5	-1	-4	3
284	5	0	0	800	0	5	-1	-4	3
285	5	0	0	800	0	5	-1	-4	3
286	5	0	0	800	0	5	-1	-4	3
287	5	0	0	800	0	5	-1	-4	3
288	5	0	0	800	0	5	-1	-4	3
289	5	0	0	800	0	5	-1	-4	3
290	5	0	0	800	0	5	-1	-4	3
291	5	0	0	800	0	5	-1	-4	3
292	5	0	0	800	0	5	-1	-4	3
293	5	0	0	800	0	5	-1	-4	3
294	5	0	0	800	0	5	-1	-4	3
295	5	0	0	800	0	5	-1	-4	3
296	5	0	0	800	0	5	-1	-4	3
297	5	0	0	800	0	5	-1	-4	3
298	5	0	0	800	0	5	-1	-4	3
299	5	0	0	800	0	5	-1	-4	3
300	5	0	0	800	0	5	-1	-4	3
301	5	0	0	800	0	5	-1	-4	3
302	5	0	0	800	0	5	-1	-4	3
303	5	0	0	800	0	5	-1	-4	3
304	5	0	0	800	0	5	-1	-4	3
305	5	0	0	800	0	5	-1	-4	3
306	5	0	0	800	0	5	-1	-4	3
307	5	0	0	800	0	5	-1	-4	3
308	5	0	0	800	0	5	-1	-4	3
309	5	0	0	800	0	5	-1	-4	3
310	5	0	0	800	0	5	-1	-4	3
311	5	0	0	800	0	5	-1	-4	3
312	5	0	0	800	0	5	-1	-4	3
313	5	0	0	800	0	5	-1	-4	3
314	5	0	0	800	0	5	-1	-4	3
315	5	0	0	800	0	5	-1	-4	3
316	5	0	0	800	0	5	-1	-4	3
317	5	0	0	800	0	5	-1	-4	3
318	5	0	0	800	0	5	-1	-4	3
319	5	0	0	800	0	5	-1	-4	3
320	5	0	0	800	0	5	-1	-4	3
321	5	0	0	800	0	5	-1	-4	3
322	5	0	0	800	0	5	-1	-4	3
323	5	0	0	800	0	5	-1	-4	3
324	5	0	0	800	0	5	-1	-4	3
325	5	0	0	800	0	5	-1	-4	3
326	5	0	0	800	0	5	-1	-4	3
327	5	0	0	800	0	5	-1	-4	3
328	5	0	0	800	0	5	-1	-4	3
329	5	0	0	800	0	5	-1	-4	3
330	5	0	0	800	0	5	-1	-4	3
331	5	0	0	800	0	5	-1	-4	3
332	5	0	0	800	0	5	-1	-4	3
333	5	0	0	800	0	5	-1	-4	3
334	5	0	0	800	0	5	-1	-4	3
335	5	0	0	800	0	5	-1	-4	3
336	5	0	0	800	0	5	-1	-4	3
337	5	0	0	800	0	5	-1	-4	3
338	5	0	0	800	0	5	-1	-4	3
339	5	0	0	800	0	5	-1	-4	3
340	5	0	0	800	0	5	-1	-4	3
341	5	0	0	800	0	5	-1	-4	3
342	5	0	0	800	0	5	-1	-4	3
343	5	0	0	800	0	5	-1	-4	3
344	5	0	0	800	0	5	-1	-4	3
345	5	0	0	800	0	5	-1	-4	3
346	5	0	0	800	0	5	-1	-4	3
347	5	0	0	800	0	5	-1	-4	3
348	5	0	0	800	0	5	-1	-4	3
349	5	0	0	800	0	5	-1	-4	3
350	5	0	0	800	0	5	-1	-4	3
351	5	0	0	800	0	5	-1	-4	3
352	5	0	0	800	0	5	-1	-4	3
353	5	0	0	800	0	5	-1	-4	3
354	5	0	0	800	0	5	-1	-4	3
355	5	0	0	800	0	5	-1	-4	3
356	5	0	0	800	0	5	-1	-4	3
357	5	0	0	800	0	5	-1	-4	3
358	5	0	0	800	0	5	-1	-4	3
359	5	0	0	800	0	5	-1	-4	3
360	5	0	0	800	0	5	-1	-4	3
361	5	0	0	800	0	5	-1	-4	3
362	5	0	0	800	0	5	-1	-4	3
363	5	0	0	800	0	5	-1	-4	3
364	5	0	0	800	0	5	-1	-4	3
365	5	0	0	800	0	5	-1	-4	3
366	5	0	0	800	0	5	-1	-4	3
367	5	0	0	800	0	5	-1	-4	3
368	5	0	0	800	0	5	-1	-4	3
369	5	0	0	800	0	5	-1	-4	3
370	5	0	0	800	0	5	-1	-4	3
371	5	0	0	800	0	5	-1	-4	3
372	5	0	0	800	0	5	-1	-4	3
373	5	0	0	800	0	5	-1	-4	3
374	5	0	0	800	0	5	-1	-4	3
375	5	0	0	800	0	5	-1	-4	3
376	5	0	0	800	0	5	-1	-4	3
377	5	0	0	800	0	5	-1	-4	3
378	5	0	0	800	0	5	-1	-4	3
379	5	0	0	800	0	5	-1	-4	3
380	5	0	0	800	0	5	-1	-4	3
381	5	0	0	800	0	5	-1	-4	3
382	5	0	0	800	0	5	-1	-4	3
383	5	0	0	800	0	5	-1	-4	3
384	5	0	0	800	0	5	-1	-4	3
385	5	0	0	800	0	5	-1	-4	3
386	5	0	0	800	0	5	-1	-4	3
387	5	0	0	800	0	5	-1	-4	3
388	5	0	0	800	0	5	-1	-4	3
389	5	0	0	800	0	5	-1	-4	3
390	5	0	0	800	0	5	-1	-4	3
391	5	0	0	800	0	5	-1	-4	3
392	5	0	0	800	0	5	-1	-4	3
393	5	0	0	800	0	5	-1	-4	3
394	5	0	0	800	0	5	-1	-4	3
395	5	0	0	800	0	5	-1	-4	3
396	5	0	0	800	0	5	-1	-4	3
397	5	0	0	800	0	5	-1	-4	3
398	5	0	0	800	0	5	-1	-4	3
399	5	0	0	800	0	5	-1	-4	3
400	5	0	0	800	0	5	-1	-4	3
401	5	0	0	800	0	5	-1	-4	3
402	5	0	0	800	0	5	-1	-4	3
403	5	0	0	800	0	5	-1	-4	3
404	5	0	0	800	0	5	-1	-4	3
405	5	0	0	800	0	5	-1	-4	3
406	5	0	0	800	0	5	-1	-4	3
407	5	0	0	800	0	5	-1	-4	3
408	5	0	0	800	0	5	-1	-4	3
409	5	0	0	800	0	5	-1	-4	3
410	5	0	0	800	0	5	-1	-4	3
411	5	0	0	800	0	5	-1	-4	3
412	5	0	0	800	0	5	-1	-4	3
413	5	0	0	800	0	5	-1	-4	3
414	5	0	0	800	0	5	-1	-4	3
415	5	0	0	800	0	5	-1	-4	3
416	5	0	0	800	0	5	-1	-4	3
417	5	0	0	800	0	5	-1	-4	3
418	5	0	0	800	0	5	-1	-4	3
419	5	0	0	800	0	5	-1	-4	3
420	5	0	0	800	0	5	-1	-4	3
421	5	0	0	800	0	5	-1	-4	3
422	5	0	0	800	0	5	-1	-4	3
423	5	0	0	800	0	5	-1	-4	3
424	5	0	0	800	0	5	-1	-4	3
425	5	0	0	800	0	5	-1	-4	3
426	5	0	0	800	0	5	-1	-4	3
427	5	0	0	800	0	5	-1	-4	3
428	5	0	0	800	0	5	-1	-4	3
429	5	0	0	800	0	5	-1	-4	3
430	5	0	0	800	0	5	-1	-4	3
431	5	0	0	800	0	5	-1	-4	3
432	5	0	0	800	0	5	-1	-4	3
433	5	0	0	800	0	5	-1	-4	3
434	5	0	0	800	0	5	-1	-4	3
435	5	0	0	800	0	5	-1	-4	3
436	5	0	0	800	0	5	-1	-4	3
437	5	0	0	800	0	5	-1	-4	3
438	5	0	0	800	0	5	-1	-4	3
439	5	0	0	800	0	5	-1	-4	3
440	5	0	0	800	0	5	-1	-4	3
441	5	0	0	800	0	5	-1	-4	3
442	5	0	0	800	0	5	-1	-4	3
443	5	0	0	800	0	5	-1	-4	3
444	5	0	0	800	0	5	-1	-4	3
445	5	0	0	800	0	5	-1	-4	3
446	5	0	0	800	0	5	-1	-4	3
447	5	0	0	800	0	5	-1	-4	3
448	5	0	0	800	0	5	-1	-4	3
449	5	0	0	800	0	5	-1	-4	3
450	5	0	0	800	0	5	-1	-4	3
451	5	0	0	800	0	5	-1	-4	3
452	5	0	0	800	0	5	-1	-4	3
453	5	0	0	800	0	5	-1	-4	3
454	5	0	0	800	0	5	-1	-4	3
455	5	0	0	800	0	5	-1	-4	3
456	5	0	0	800	0	5	-1	-4	3
457	5	0	0	800	0	5	-1	-4	3
458	5	0	0	800	0	5	-1	-4	3
459	5	0	0	800	0	5	-1	-4	3
460	5	0	0	800	0	5	-1	-4	3
461	5	0	0	800	0	5	-1	-4	3
462	5	0	0	800	0	5	-1	-4	3
463	5	0	0	800	0	5	-1	-4	3
464	5	0	0	800	0	5	-1	-4	3
465	5	0	0	800	0	5	-1	-4	3
466	5	0	0	800	0	5	-1	-4	3
467	5	0	0	800	0	5	-1	-4	3
468	5	0	0	800	0	5	-1	-4	3
469	5	0	0	800	0	5	-1	-4	3
470	5	0	0	800	0	5	-1	-4	3
471	5	0	0	800	0	5	-1	-4	3
472	5	0	0	800	0	5	-1	-4	3
473	5	0	0	800	0	5	-1	-4	3
474	5	0	0	800	0	5	-1	-4	3
475	5	0	0	800	0	5	-1	-4	3
476	5	0	0	800	0	5	-1	-4	3
477	5	0	0	800	0	5	-1	-4	3
478	5	0	0	800	0	5	-1	-4	3
479	5	0	0	800	0	5	-1	-4	3
480	5	0	0	800	0	5	-1	-4	3
481	5	0	0	800	0	5	-1	-4	3
482	5	0	0	800	0	5	-1	-4	3
483	5	0	0	800	0	5	-1	-4	3
484	5	0	0	800	0	5	-1	-4	3
485	5	0	0	800	0	5	-1	-4	3
486	5	0	0	800	0	5	-1	-4	3
487	5	0	0	800	0	5	-1	-4	3
488	5	0	0	800	0	5	-1	-4	3
489	5	0	0	800	0	5	-1	-4	3
490	5	0	0	800	0	5	-1	-4	3
491	5	0	0	800	0	5	-1	-4	3
492	5	0	0	800	0	5	-1	-4	3
493	5	0	0	800	0	5	-1	-4	3
494	5	0	0	800	0	5	-1	-4	3
495	5	0	0	800	0	5	-1	-4	3
496	5	0	0	800	0	5	-1	-4	3
497	5	0	0	800	0	5	-1	-4	3
498	5	0	0	800	0	5	-1	-4	3
499	5	0	0	800	0	5	-1	-4	3
500	5	0	0	800	0	5	-1	-4	3
501	5	0	0	800	0	5	-1	-4	3
502	5	0	0	800	0	5	-1	-4	3
503	5	0	0	800	0	5	-1	-4	3
504	5	0	0	800	0	5	-1	-4	3
505	5	0	0	800	0	5	-1	-4	3
506	5	0	0	800	0	5	-1	-4	3
507	5	0	0	800	0	5	-1	-4	3
508	5	0	0	800	0	5	-1	-4	3
509	5	0	0	800	0	5	-1	-4	3
510	5	0	0	800	0	5	-1	-4	3
511	5	0	0	800	0	5	-1	-4	3
512	5	0	0	800	0	5	-1	-4	3
513	5	0	0	800	0	5	-1	-4	3
514	5	0	0	800	0	5	-1	-4	3
515	5	0	0	800	0	5	-1	-4	3
516	5	0	0	800	0	5	-1	-4	3
517	5	0	0	800	0	5	-1	-4	3
518	5	0	0	800	0	5	-1	-4	3
519	5	0	0	800	0	5	-1	-4	3
520	5	0	0	800	0	5	-1	-4	3
521	5	0	0	800	0	5	-1	-4	3
522	5	0	0	800	0	5	-1	-4	3
523	5	0	0	800	0	5	-1	-4	3
524	5	0	0	800	0	5	-1	-4	3
525	5	0	0	800	0	5	-1	-4	3
526	5	0	0	800	0	5	-1	-4	3
527	5	0	0	800	0	5	-1	-4	3
528	5	0	0	800	0	5	-1	-4	3
529	5	0	0	800	0	5	-1	-4	3
530	5	0	0	800	0	5	-1	-4	3
531	5	0	0	800	0	5	-1	-4	3
532	5	0	0	800	0	5	-1	-4	3
533	5	0	0	800	0	5	-1	-4	3
534	5	0	0	800	0	5	-1	-4	3
535	5	0	0	800	0	5	-1	-4	3
536	5	0	0	800	0	5	-1	-4	3
537	5	0	0	800	0	5	-1	-4	3
538	5	0	0	800	0	5	-1	-4	3
539	5	0	0	800	0	5	-1	-4	3
540	5	0	0	800	0	5	-1	-4	3
541	5	0	0	800	0	5	-1	-4	3
542	5	0	0	800	0	5	-1	-4	3
543	5	0	0	800	0	5	-1	-4	3
544	5	0	0	800	0	5	-1	-4	3
545	5	0	0	800	0	5	-1	-4	3
546	5	0	0	800	0	5	-1	-4	3
547	5	0	0	800	0	5	-1	-4	3
548	5	0	0	800	0	5	-1	-4	3
549	5	0	0	800	0	5	-1	-4	3
550	5	0	0	800	0	5	-1	-4	3
551	5	0	0	800	0	5	-1	-4	3
552	5	0	0	800	0	5	-1	-4	3
553	5	0	0	800	0	5	-1	-4	3
554	5	0	0	800	0	5	-1	-4	3
555	5	0	0	800	0	5	-1	-4	3
556	5	0	0	800	0	5	-1	-4	3
557	5	0	0	800	0	5	-1	-4	3
558	5	0	0	800	0	5	-1	-4	3
559	5	0	0	800	0	5	-1	-4	3
560	5	0	0	800	0	5	-1	-4	3
561	5	0	0	800	0	5	-1	-4	3
562	5	0	0	800	0	5	-1	-4	3
563	5	0	0	800	0	5	-1	-4	3
564	5	0	0	800	0	5	-1	-4	3
565	5	0	0	800	0	5	-1	-4	3
566	5	0	0	800	0	5	-1	-4	3
567	5	0	0	800	0	5	-1	-4	3
568	5	0	0	800	0	5	-1	-4	3
569	5	0	0	800	0	5	-1	-4	3
570	5	0	0	800	0	5	-1	-4	3
571	5	0	0	800	0	5	-1	-4	3
572	5	0	0	800	0	5	-1	-4	3
573	5	0	0	800	0	5	-1	-4	3
574	5	0	0	800	0	5	-1	-4	3
575	5	0	0	800	0	5	-1	-4	3
576	5	0	0	800	0	5	-1	-4	3
577	5	0	0	800	0	5	-1	-4	3
578	5	0	0	800	0	5	-1	-4	3
579	5	0	0	800	0	5	-1	-4	3
580	5	0	0	800	0	5	-1	-4	3
581	5	0	0	800	0	5	-1	-4	3
582	5	0	0	800	0	5	-1	-4	3
583	5	0	0	800	0	5	-1	-4	3
584	5	0	0	800	0	5	-1	-4	3
585	5	0	0	800	0	5	-1	-4	3
586	5	0	0	800	0	5	-1	-4	3
587	5	0	0	800	0	5	-1	-4	3
588	5	0	0	800	0	5	-1	-4	3
589	5	0	0	800	0	5	-1	-4	3
590	5	0	0	800	0	5	-1	-4	3
591	5	0	0	800	0	5	-1	-4	3
592	5	0	0	800	0	5	-1	-4	3
593	5	0	0	800	0	5	-1	-4	3
594	5	0	0	800	0	5	-1	-4	3
595	5	0	0	800	0	5	-1	-4	3
596	5	0	0	800	0	5	-1	-4	3
597	5	0	0	800	0	5	-1	-4	3
598	5	0	0	800	0	5	-1	-4	3
599	5	0	0	800	0	5	-1	-4	3
600	5	0	0	800	0	5	-1	-4	3
601	5	0	0	800	0	5	-1	-4	3
602	5	0	0	800	0	5	-1	-4	3
603	5	0	0	800	0	5	-1	-4	3
604	5	0	0	800	0	5	-1	-4	3
605	5	0	0	800	0	5	-1	-4	3
606	5	0	0	800	0	5	-1	-4	3
607	5	0	0	800	0	5	-1	-4	3
608	5	0	0	800	0	5	-1	-4	3
609	5	0	0	800	0	5	-1	-4	3
610	5	0	0	800	0	5	-1	-4	3
611	5	0	0	800	0	5	-1	-4	3
612	5	0	0	800	0	5	-1	-4	3
613	5	0	0	800	0	5	-1	-4	3
614	5	0	0	800	0	5	-1	-4	3
615	5	0	0	800	0	5	-1	-4	3
616	5	0	0	800	0	5	-1	-4	3
617	5	0	0	800	0	5	-1	-4	3
618	5	0	0	800	0	5	-1	-4	3
619	5	0	0	800	0	5	-1	-4	3
620	5	0	0	800	0	5	-1	-4	3
621	5	0	0	800	0	5	-1	-4	3
622	5	0	0	800	0	5	-1	-4	3
623	5	0	0	800	0	5	-1	-4	3
624	5	0	0	800	0	5	-1	-4	3
625	5	0	0	800	0	5	-1	-4	3
626	5	0	0	800	0	5	-1	-4	3
627	5	0	0	800	0	5	-1	-4	3
628	5	0	0	800	0	5	-1	-4	3
629	5	0	0	800	0	5	-1	-4	3
630	5	0	0	800	0	5	-1	-4	3
631	5	0	0	800	0	5	-1	-4	3
632	5	0	0	800	0	5	-1	-4	3
633	5	0	0	800	0	5	-1	-4	3
634	5	0	0	800	0	5	-1	-4	3
635	5	0	0	800	0	5	-1	-4	3
636	5	0	0	800	0	5	-1	-4	3
637	5	0	0	800	0	5	-1	-4	3
638	5	0	0	800	0	5	-1	-4	3
639	5	0	0	800	0	5	-1	-4	3
640	5	0	0	800	0	5	-1	-4	3
641	5	0	0	800	0	5	-1	-4	3
642	5	0	0	800	0	5	-1	-4	3
643	5	0	0	800	0	5	-1	-4	3
644	5	0	0	800	0	5	-1	-4	3
645	5	0	0	800	0	5	-1	-4	3
646	5	0	0	800	0	5	-1	-4	3
647	5	0	0	800	0	5	-1	-4	3
648	5	0	0	800	0	5	-1	-4	3
649	5	0	0	800	0	5	-1	-4	3
650	5	0	0	800	0	5	-1	-4	3
651	5	0	0	800	0	5	-1	-4	3
652	5	0	0	800	0	5	-1	-4	3
653	5	0	0	800	0	5	-1	-4	3
654	5	0	0	800	0	5	-1	-4	3
655	5	0	0	800	0	5	-1	-4	3
656	5	0	0	800	0	5	-1	-4	3
657	5	0	0	800	0	5	-1	-4	3
658	5	0	0	800	0	5	-1	-4	3
659	5	0	0	800	0	5	-1	-4	3
660	5	0	0	800	0	5	-1	-4	3
661	5	0	0	800	0	5	-1	-4	3
662	5	0	0	800	0	5	-1	-4	3
663	5	0	0	800	0	5	-1	-4	3
664	5	0	0	800	0	5	-1	-4	3
665	5	0	0	800	0	5	-1	-4	3
666	5	0	0	800	0	5	-1	-4	3
667	5	0	0	800	0	5	-1	-4	3
668	5	0	0	800	0	5	-1	-4	3
669	5	0	0	800	0	5	-1	-4	3
670	5	0	0	800	0	5	-1	-4	3
671	5	0	0	800	0	5	-1	-4	3
672	5	0	0	800	0	5	-1	-4	3
673	5	0	0	800	0	5	-1	-4	3
674	5	0	0	800	0	5	-1	-4	3
675	5	0	0	800	0	5	-1	-4	3
676	5	0	0	800	0	5	-1	-4	3
677	5	0	0	800	0	5	-1	-4	3
678	5	0	0	800	0	5	-1	-4	3
679	5	0	0	800	0	5	-1	-4	3
680	5	0	0	800	0	5	-1	-4	3
681	5	0	0	800	0	5	-1	-4	3
682	5	0	0	800	0	5	-1	-4	3
683	5	0	0	800	0	5	-1	-4	3
684	5	0	0	800	0	5	-1	-4	3
685	5	0	0	800	0	5	-1	-4	3
686	5	0	0	800	0	5	-1	-4	3
687	5	0	0	800	0	5	-1	-4	3
688	5	0	0	800	0	5	-1	-4	3
689	5	0	0	800	0	5	-1	-4	3
690	5	0	0	800	0	5	-1	-4	3
691	5	0	0	800	0	5	-1	-4	3
692	5	0	0	800	0	5	-1	-4	3
693	5	0	0	800	0	5	-1	-4	3
694	5	0	0	800	0	5	-1	-4	3
695	5	0	0	800	0	5	-1	-4	3
696	5	0	0	800	0	5	-1	-4	3
697	5	0	0	800	0	5	-1	-4	3
698	5	0	0	800	0	5	-1	-4	3
699	5	0	0	800	0	5	-1	-4	3
700	5	0	0	800	0	5	-1	-4	3
701	5	0	0	800	0	5	-1	-4	3
702	5	0	0	800	0	5	-1	-4	3
703	5	0	0	800	0	5	-1	-4	3
704	5	0	0	800	0	5	-1	-4	3
705	5	0	0	800	0	5	-1	-4	3
706	5	0	0	800	0	5	-1	-4	3
707	5	0	0	800	0	5	-1	-4	3
708	5	0	0	800	0	5	-1	-4	3
709	5	0	0	800	0	5	-1	-4	3
710	5	0	0	800	0	5	-1	-4	3
711	5	0	0	800	0	5	-1	-4	3
712	5	0	0	800	0	5	-1	-4	3
713	5	0	0	800	0	5	-1	-4	3
714	5	0	0	800	0	5	-1	-4	3
715	5	0	0	800	0	5	-1	-4	3
716	5	0	0	800	0	5	-1	-4	3
717	5	0	0	800	0	5	-1	-4	3
718	5	0	0	800	0	5	-1	-4	3
719	5	0	0	800	0	5	-1	-4	3
720	5	0	0	800	0	5	-1	-4	3
721	5	0	0	800	0	5	-1	-4	3
722	5	0	0	800	0	5	-1	-4	3
723	5	0	0	800	0	5	-1	-4	3
724	5	0	0	800	0	5	-1	-4	3
725	5	0	0	800	0	5	-1	-4	3
726	5	0	0	800	0	5	-1	-4	3
727	5	0	0	800	0	5	-1	-4	3
728	5	0	0	800	0	5	-1	-4	3
729	5	0	0	800	0	5	-1	-4	3
730	5	0	0	800	0	5	-1	-4	3
731	5	0	0	800	0	5	-1	-4	3
732	5	0	0	800	0	5	-1	-4	3
733	5	0	0	800	0	5	-1	-4	3
734	5	0	0	800	0	5	-1	-4	3
735	5	0	0	800	0	5	-1	-4	3
736	5	0	0	800	0	5	-1	-4	3
737	5	0	0	800	0	5	-1	-4	3
738	5	0	0	800	0	5	-1	-4	3
739	5	0	0	800	0	5	-1	-4	3
740	5	0	0	800	0	5	-1	-4	3
741	5	0	0	800	0	5	-1	-4	3
742	5	0	0	800	0	5	-1	-4	3
743	5	0	0	800	0	5	-1	-4	3
744	5	0	0	800	0	5	-1	-4	3
745	5	0	0	800	0	5	-1	-4	3
746	5	0	0	800	0	5	-1	-4	3
747	5	0	0	800	0	5	-1	-4	3
748	5	0	0	800	0	5	-1	-4	3
749	5	0	0	800	0	5	-1	-4	3
750	5	0	0	800	0	5	-1	-4	3
751	5	0	0	800	0	5	-1	-4	3
752	5	0	0	800	0	5	-1	-4	3
753	5	0	0	800	0	5	-1	-4	3
754	5	0	0	800	0	5	-1	-4	3
755	5	0	0	800	0	5	-1	-4	3
756	5	0	0	800	0	5	-1	-4	3
757	5	0	0	800	0	5	-1	-4	3
758	5	0	0	800	0	5	-1	-4	3
759	5	0	0	800	0	5	-1	-4	3
760	5	0	0	800	0	5	-1	-4	3
761	5	0	0	800	0	5	-1	-4	3
762	5	0	0	800	0	5	-1	-4	3
763	5	0	0	800	0	5	-1	-4	3
764	5	0	0	800	0	5	-1	-4	3
765	5	0	0	800	0	5	-1	-4	3
766	5	0	0	800	0	5	-1	-4	3
767	5	0	0	800	0	5	-1	-4	3
768	5	0	0	800	0	5	-1	-4	3
769	5	0	0	800	0	5	-1	-4	3
770	5	0	0	800	0	5	-1	-4	3
771	5	0	0	800	0	5	-1	-4	3
772	5	0	0	800	0	5	-1	-4	3
773	5	0	0	800	0	5	-1	-4	3
774	5	0	0	800	0	5	-1	-4	3
775	5	0	0	800	0	5	-1	-4	3
776	5	0	0	800	0	5	-1	-4	3
777	5	0	0	800	0	5	-1	-4	3
778	5	0	0	800	0	5	-1	-4	3
779	5	0	0	800	0	5	-1	-4	3
780	5	0	0	800	0	5	-1	-4	3
781	5	0	0	800	0	5	-1	-4	3
782	5	0	0	800	0	5	-1	-4	3
783	5	0	0	800	0	5	-1	-4	3
784	5	0	0	800	0	5	-1	-4	3
785	5	0	0	800	0	5	-1	-4	3
786	5	0	0	800	0	5	-1	-4	3
787	5	0	0	800	0	5	-1	-4	3
788	5	0	0	800	0	5	-1	-4	3
789	5	0	0	800	0	5	-1	-4	3
790	5	0	0	800	0	5	-1	-4	3
791	5	0	0	800	0	5	-1	-4	3
792	5	0	0	800	0	5	-1	-4	3
793	5	0	0	800	0	5	-1	-4	3
794	5	0	0	800	0	5	-1	-4	3
795	5	0	0	800	0	5	-1	-4	3
796	5	0	0	800	0	5	-1	-4	3
797	5	0	0	800	0	5	-1	-4	3
798	5	0	0	800	0	5	-1	-4	3
799	5	0	0	800	0	5	-1	-4	3
800	5	0	0	800	0	5	-1	-4	3
801	5	0	0	800	0	5	-1	-4	3
802	5	0	0	800	0	5	-1	-4	3
803	5	0	0	800	0	5	-1	-4	3
804	5	0	0	800	0	5	-1	-4	3
805	5	0	0	800	0	5	-1	-4	3
806	5	0	0	800	0	5	-1	-4	3
807	5	0	0	800	0	5	-1	-4	3
808	5	0	0	800	0	5	-1	-4	3
809	5	1	1	800	809	5	5	-4	3
810	5	1	1	800	809	5	5	-4	3
811	5	1	1	800	809	5	5	-4	3
812	5	1	1	800	809	5	5	-4	3
813	5	1	1	800	809	5	5	-4	3
814	5	1	1	800	809	5	5	-4	3
815	5	1	1	800	809	5	5	-4	3
816	5	1	1	800	809	5	5	-4	3
817	5	1	1	800	809	5	5	-4	3
818	5	1	1	800	809	5	5	-4	3
819	5	1	1	800	809	5	5	-4	3
820	5	1	1	800	809	5	5	-4	3
821	5	1	1	800	809	5	5	-4	3
822	5	1	1	800	809	5	5	-4	3
823	5	1	1	800	809	5	5	-4	3
824	5	1	1	800	809	5	5	-4	3
825	5	1	1	800	809	5	5	-4	3
826	5	1	1	800	809	5	5	-4	3
827	5	1	1	800	809	5	5	-4	3
828	5	1	1	800	809	5	5	-4	3
829	5	1	1	800	809	5	5	-4	3
830	5	1	1	800	809	5	5	-4	3
831	5	1	1	800	809	5	5	-4	3
832	5	1	1	800	809	5	5	-4	3
833	5	1	1	800	809	5	5	-4	3
834	5	1	1	800	809	5	5	-4	3
835	5	1	1	800	809	5	5	-4	3
836	5	1	1	800	809	5	5	-4	3
837	5	1	1	800	809	5	5	-4	3
838	5	1	1	800	809	5	5	-4	3
839	5	1	1	800	809	5	5	-4	3
840	5	1	1	800	809	5	5	-4	3
841	5	1	1	800	809	5	5	-4	3
842	5	1	1	800	809	5	5	-4	3
843	5	1	1	800	809	5	5	-4	3
844	5	1	1	800	809	5	5	-4	3
845	5	1	1	800	809	5	5	-4	3
846	5	1	1	800	809	5	5	-4	3
847	5	1	1	800	809	5	5	-4	3
848	5	1	1	800	809	5	5	-4	3
849	5	1	1	800	809	5	5	-4	3
850	5	1	1	800	809	5	5	-4	3
851	5	1	1	800	809	5	5	-4	3
852	5	1	1	800	809	5	5	-4	3
853	5	1	1	800	809	5	5	-4	3
