1	5	0	0	800	0	5	-1	-5	1
2	5	0	0	800	0	5	-1	-5	1
3	5	0	0	800	0	5	-1	-5	1
4	5	0	0	800	0	5	-1	-5	1
5	5	0	0	800	0	5	-1	-5	1
6	5	0	0	800	0	5	-1	-5	1
7	5	0	0	800	0	5	-1	-5	1
8	5	0	0	800	0	5	-1	-5	1
9	5	0	0	800	0	5	-1	-5	1
10	5	0	0	800	0	5	-1	-5	1
11	5	0	0	800	0	5	-1	-5	1
12	5	0	0	800	0	5	-1	-5	1
13	5	0	0	800	0	5	-1	-5	1
14	5	0	0	800	0	5	-1	-5	1
15	5	0	0	800	0	5	-1	-5	1
16	5	0	0	800	0	5	-1	-5	1
17	5	0	0	800	0	5	-1	-5	1
18	5	0	0	800	0	5	-1	-5	1
19	5	0	0	800	0	5	-1	-5	1
20	5	0	0	800	0	5	-1	-5	1
21	5	0	0	800	0	5	-1	-5	1
22	5	0	0	800	0	5	-1	-5	1
23	5	0	0	800	0	5	-1	-5	1
24	5	0	0	800	0	5	-1	-5	1
25	5	0	0	800	0	5	-1	-5	1
26	5	0	0	800	0	5	-1	-5	1
27	5	0	0	800	0	5	-1	-5	1
28	5	0	0	800	0	5	-1	-5	1
29	5	0	0	800	0	5	-1	-5	1
30	5	0	0	800	0	5	-1	-5	1
31	5	0	0	800	0	5	-1	-5	1
32	5	0	0	800	0	5	-1	-5	1
33	5	0	0	800	0	5	-1	-5	1
34	5	0	0	800	0	5	-1	-5	1
35	5	0	0	800	0	5	-1	-5	1
36	5	0	0	800	0	5	-1	-5	1
37	5	0	0	800	0	5	-1	-5	1
38	5	0	0	800	0	5	-1	-5	1
39	5	0	0	800	0	5	-1	-5	1
40	5	0	0	800	0	5	-1	-5	1
41	5	0	0	800	0	5	-1	-5	1
42	5	0	0	800	0	5	-1	-5	1
43	5	0	0	800	0	5	-1	-5	1
44	5	0	0	800	0	5	-1	-5	1
45	5	0	0	800	0	5	-1	-5	1
46	5	0	0	800	0	5	-1	-5	1
47	5	0	0	800	0	5	-1	-5	1
48	5	0	0	800	0	5	-1	-5	1
49	5	0	0	800	0	5	-1	-5	1
50	5	0	0	800	0	5	-1	-5	1
51	5	0	0	800	0	5	-1	-5	1
52	5	0	0	800	0	5	-1	-5	1
53	5	0	0	800	0	5	-1	-5	1
54	5	0	0	800	0	5	-1	-5	1
55	5	0	0	800	0	5	-1	-5	1
56	5	0	0	800	0	5	-1	-5	1
57	5	0	0	800	0	5	-1	-5	1
58	5	0	0	800	0	5	-1	-5	1
59	5	0	0	800	0	5	-1	-5	1
60	5	0	0	800	0	5	-1	-5	1
61	5	0	0	800	0	5	-1	-5	1
62	5	0	0	800	0	5	-1	-5	1
63	5	0	0	800	0	5	-1	-5	1
64	5	0	0	800	0	5	-1	-5	1
65	5	0	0	800	0	5	-1	-5	1
66	5	0	0	800	0	5	-1	-5	1
67	5	0	0	800	0	5	-1	-5	1
68	5	0	0	800	0	5	-1	-5	1
69	5	0	0	800	0	5	-1	-5	1
70	5	0	0	800	0	5	-1	-5	1
71	5	0	0	800	0	5	-1	-5	1
72	5	0	0	800	0	5	-1	-5	1
73	5	0	0	800	0	5	-1	-5	1
74	5	0	0	800	0	5	-1	-5	1
75	5	0	0	800	0	5	-1	-5	1
76	5	0	0	800	0	5	-1	-5	1
77	5	0	0	800	0	5	-1	-5	1
78	5	0	0	800	0	5	-1	-5	1
79	5	0	0	800	0	5	-1	-5	1
80	5	0	0	800	0	5	-1	-5	1
81	5	0	0	800	0	5	-1	-5	1
82	5	0	0	800	0	5	-1	-5	1
83	5	0	0	800	0	5	-1	-5	1
84	5	0	0	800	0	5	-1	-5	1
85	5	0	0	800	0	5	-1	-5	1
86	5	0	0	800	0	5	-1	-5	1
87	5	0	0	800	0	5	-1	-5	1
88	5	0	0	800	0	5	-1	-5	1
89	5	0	0	800	0	5	-1	-5	1
90	5	0	0	800	0	5	-1	-5	1
91	5	0	0	800	0	5	-1	-5	1
92	5	0	0	800	0	5	-1	-5	1
93	5	0	0	800	0	5	-1	-5	1
94	5	0	0	800	0	5	-1	-5	1
95	5	0	0	800	0	5	-1	-5	1
96	5	0	0	800	0	5	-1	-5	1
97	5	0	0	800	0	5	-1	-5	1
98	5	0	0	800	0	5	-1	-5	1
99	5	0	0	800	0	5	-1	-5	1
100	5	0	0	800	0	5	-1	-5	1
101	5	0	0	800	0	5	-1	-5	1
102	5	0	0	800	0	5	-1	-5	1
103	5	0	0	800	0	5	-1	-5	1
104	5	0	0	800	0	5	-1	-5	1
105	5	0	0	800	0	5	-1	-5	1
106	5	0	0	800	0	5	-1	-5	1
107	5	0	0	800	0	5	-1	-5	1
108	5	0	0	800	0	5	-1	-5	1
109	5	0	0	800	0	5	-1	-5	1
110	5	0	0	800	0	5	-1	-5	1
111	5	0	0	800	0	5	-1	-5	1
112	5	0	0	800	0	5	-1	-5	1
113	5	0	0	800	0	5	-1	-5	1
114	5	0	0	800	0	5	-1	-5	1
115	5	0	0	800	0	5	-1	-5	1
116	5	0	0	800	0	5	-1	-5	1
117	5	0	0	800	0	5	-1	-5	1
118	5	0	0	800	0	5	-1	-5	1
119	5	0	0	800	0	5	-1	-5	1
120	5	0	0	800	0	5	-1	-5	1
121	5	0	0	800	0	5	-1	-5	1
122	5	0	0	800	0	5	-1	-5	1
123	5	0	0	800	0	5	-1	-5	1
124	5	0	0	800	0	5	-1	-5	1
125	5	0	0	800	0	5	-1	-5	1
126	5	0	0	800	0	5	-1	-5	1
127	5	0	0	800	0	5	-1	-5	1
128	5	0	0	800	0	5	-1	-5	1
129	5	0	0	800	0	5	-1	-5	1
130	5	0	0	800	0	5	-1	-5	1
131	5	0	0	800	0	5	-1	-5	1
132	5	0	0	800	0	5	-1	-5	1
133	5	0	0	800	0	5	-1	-5	1
134	5	0	0	800	0	5	-1	-5	1
135	5	0	0	800	0	5	-1	-5	1
136	5	0	0	800	0	5	-1	-5	1
137	5	0	0	800	0	5	-1	-5	1
138	5	0	0	800	0	5	-1	-5	1
139	5	0	0	800	0	5	-1	-5	1
140	5	0	0	800	0	5	-1	-5	1
141	5	0	0	800	0	5	-1	-5	1
142	5	0	0	800	0	5	-1	-5	1
143	5	0	0	800	0	5	-1	-5	1
144	5	0	0	800	0	5	-1	-5	1
145	5	0	0	800	0	5	-1	-5	1
146	5	0	0	800	0	5	-1	-5	1
147	5	0	0	800	0	5	-1	-5	1
148	5	0	0	800	0	5	-1	-5	1
149	5	0	0	800	0	5	-1	-5	1
150	5	0	0	800	0	5	-1	-5	1
151	5	0	0	800	0	5	-1	-5	1
152	5	0	0	800	0	5	-1	-5	1
153	5	0	0	800	0	5	-1	-5	1
154	5	0	0	800	0	5	-1	-5	1
155	5	0	0	800	0	5	-1	-5	1
156	5	0	0	800	0	5	-1	-5	1
157	5	0	0	800	0	5	-1	-5	1
158	5	0	0	800	0	5	-1	-5	1
159	5	0	0	800	0	5	-1	-5	1
160	5	0	0	800	0	5	-1	-5	1
161	5	0	0	800	0	5	-1	-5	1
162	5	0	0	800	0	5	-1	-5	1
163	5	0	0	800	0	5	-1	-5	1
164	5	0	0	800	0	5	-1	-5	1
165	5	0	0	800	0	5	-1	-5	1
166	5	0	0	800	0	5	-1	-5	1
167	5	0	0	800	0	5	-1	-5	1
168	5	0	0	800	0	5	-1	-5	1
169	5	0	0	800	0	5	-1	-5	1
170	5	0	0	800	0	5	-1	-5	1
171	5	0	0	800	0	5	-1	-5	1
172	5	0	0	800	0	5	-1	-5	1
173	5	0	0	800	0	5	-1	-5	1
174	5	0	0	800	0	5	-1	-5	1
175	5	0	0	800	0	5	-1	-5	1
176	5	0	0	800	0	5	-1	-5	1
177	5	0	0	800	0	5	-1	-5	1
178	5	0	0	800	0	5	-1	-5	1
179	5	0	0	800	0	5	-1	-5	1
180	5	0	0	800	0	5	-1	-5	1
181	5	0	0	800	0	5	-1	-5	1
182	5	0	0	800	0	5	-1	-5	1
183	5	0	0	800	0	5	-1	-5	1
184	5	0	0	800	0	5	-1	-5	1
185	5	0	0	800	0	5	-1	-5	1
186	5	0	0	800	0	5	-1	-5	1
187	5	0	0	800	0	5	-1	-5	1
188	5	0	0	800	0	5	-1	-5	1
189	5	0	0	800	0	5	-1	-5	1
190	5	0	0	800	0	5	-1	-5	1
191	5	0	0	800	0	5	-1	-5	1
192	5	0	0	800	0	5	-1	-5	1
193	5	0	0	800	0	5	-1	-5	1
194	5	0	0	800	0	5	-1	-5	1
195	5	0	0	800	0	5	-1	-5	1
196	5	0	0	800	0	5	-1	-5	1
197	5	0	0	800	0	5	-1	-5	1
198	5	0	0	800	0	5	-1	-5	1
199	5	0	0	800	0	5	-1	-5	1
200	5	0	0	800	0	5	-1	-5	1
201	5	0	0	800	0	5	-1	-5	1
202	5	0	0	800	0	5	-1	-5	1
203	5	0	0	800	0	5	-1	-5	1
204	5	0	0	800	0	5	-1	-5	1
205	5	0	0	800	0	5	-1	-5	1
206	5	0	0	800	0	5	-1	-5	1
207	5	0	0	800	0	5	-1	-5	1
208	5	0	0	800	0	5	-1	-5	1
209	5	0	0	800	0	5	-1	-5	1
210	5	0	0	800	0	5	-1	-5	1
211	5	0	0	800	0	5	-1	-5	1
212	5	0	0	800	0	5	-1	-5	1
213	5	0	0	800	0	5	-1	-5	1
214	5	0	0	800	0	5	-1	-5	1
215	5	0	0	800	0	5	-1	-5	1
216	5	0	0	800	0	5	-1	-5	1
217	5	0	0	800	0	5	-1	-5	1
218	5	0	0	800	0	5	-1	-5	1
219	5	0	0	800	0	5	-1	-5	1
220	5	0	0	800	0	5	-1	-5	1
221	5	0	0	800	0	5	-1	-5	1
222	5	0	0	800	0	5	-1	-5	1
223	5	0	0	800	0	5	-1	-5	1
224	5	0	0	800	0	5	-1	-5	1
225	5	0	0	800	0	5	-1	-5	1
226	5	0	0	800	0	5	-1	-5	1
227	5	0	0	800	0	5	-1	-5	1
228	5	0	0	800	0	5	-1	-5	1
229	5	0	0	800	0	5	-1	-5	1
230	5	0	0	800	0	5	-1	-5	1
231	5	0	0	800	0	5	-1	-5	1
232	5	0	0	800	0	5	-1	-5	1
233	5	0	0	800	0	5	-1	-5	1
234	5	0	0	800	0	5	-1	-5	1
235	5	0	0	800	0	5	-1	-5	1
236	5	0	0	800	0	5	-1	-5	1
237	5	0	0	800	0	5	-1	-5	1
238	5	0	0	800	0	5	-1	-5	1
239	5	0	0	800	0	5	-1	-5	1
240	5	0	0	800	0	5	-1	-5	1
241	5	0	0	800	0	5	-1	-5	1
242	5	0	0	800	0	5	-1	-5	1
243	5	0	0	800	0	5	-1	-5	1
244	5	0	0	800	0	5	-1	-5	1
245	5	0	0	800	0	5	-1	-5	1
246	5	0	0	800	0	5	-1	-5	1
247	5	0	0	800	0	5	-1	-5	1
248	5	0	0	800	0	5	-1	-5	1
249	5	0	0	800	0	5	-1	-5	1
250	5	0	0	800	0	5	-1	-5	1
251	5	0	0	800	0	5	-1	-5	1
252	5	0	0	800	0	5	-1	-5	1
253	5	0	0	800	0	5	-1	-5	1
254	5	0	0	800	0	5	-1	-5	1
255	5	0	0	800	0	5	-1	-5	1
256	5	0	0	800	0	5	-1	-5	1
257	5	0	0	800	0	5	-1	-5	1
258	5	0	0	800	0	5	-1	-5	1
259	5	0	0	800	0	5	-1	-5	1
260	5	0	0	800	0	5	-1	-5	1
261	5	0	0	800	0	5	-1	-5	1
262	5	0	0	800	0	5	-1	-5	1
263	5	0	0	800	0	5	-1	-5	1
264	5	0	0	800	0	5	-1	-5	1
265	5	0	0	800	0	5	-1	-5	1
266	5	0	0	800	0	5	-1	-5	1
267	5	0	0	800	0	5	-1	-5	1
268	5	0	0	800	0	5	-1	-5	1
269	5	0	0	800	0	5	-1	-5	1
270	5	0	0	800	0	5	-1	-5	1
271	5	0	0	800	0	5	-1	-5	1
272	5	0	0	800	0	5	-1	-5	1
273	5	0	0	800	0	5	-1	-5	1
274	5	0	0	800	0	5	-1	-5	1
275	5	0	0	800	0	5	-1	-5	1
276	5	0	0	800	0	5	-1	-5	1
277	5	0	0	800	0	5	-1	-5	1
278	5	0	0	800	0	5	-1	-5	1
279	5	0	0	800	0	5	-1	-5	1
280	5	0	0	800	0	5	-1	-5	1
281	5	0	0	800	0	5	-1	-5	1
282	5	0	0	800	0	5	-1	-5	1
283	5	0	0	800	0	5	-1	-5	1
284	5	0	0	800	0	5	-1	-5	1
285	5	0	0	800	0	5	-1	-5	1
286	5	0	0	800	0	5	-1	-5	1
287	5	0	0	800	0	5	-1	-5	1
288	5	0	0	800	0	5	-1	-5	1
289	5	0	0	800	0	5	-1	-5	1
290	5	0	0	800	0	5	-1	-5	1
291	5	0	0	800	0	5	-1	-5	1
292	5	0	0	800	0	5	-1	-5	1
293	5	0	0	800	0	5	-1	-5	1
294	5	0	0	800	0	5	-1	-5	1
295	5	0	0	800	0	5	-1	-5	1
296	5	0	0	800	0	5	-1	-5	1
297	5	0	0	800	0	5	-1	-5	1
298	5	0	0	800	0	5	-1	-5	1
299	5	0	0	800	0	5	-1	-5	1
300	5	0	0	800	0	5	-1	-5	1
301	5	0	0	800	0	5	-1	-5	1
302	5	0	0	800	0	5	-1	-5	1
303	5	0	0	800	0	5	-1	-5	1
304	5	0	0	800	0	5	-1	-5	1
305	5	0	0	800	0	5	-1	-5	1
306	5	0	0	800	0	5	-1	-5	1
307	5	0	0	800	0	5	-1	-5	1
308	5	0	0	800	0	5	-1	-5	1
309	5	0	0	800	0	5	-1	-5	1
310	5	0	0	800	0	5	-1	-5	1
311	5	0	0	800	0	5	-1	-5	1
312	5	0	0	800	0	5	-1	-5	1
313	5	0	0	800	0	5	-1	-5	1
314	5	0	0	800	0	5	-1	-5	1
315	5	0	0	800	0	5	-1	-5	1
316	5	0	0	800	0	5	-1	-5	1
317	5	0	0	800	0	5	-1	-5	1
318	5	0	0	800	0	5	-1	-5	1
319	5	0	0	800	0	5	-1	-5	1
320	5	0	0	800	0	5	-1	-5	1
321	5	0	0	800	0	5	-1	-5	1
322	5	0	0	800	0	5	-1	-5	1
323	5	0	0	800	0	5	-1	-5	1
324	5	0	0	800	0	5	-1	-5	1
325	5	0	0	800	0	5	-1	-5	1
326	5	0	0	800	0	5	-1	-5	1
327	5	0	0	800	0	5	-1	-5	1
328	5	0	0	800	0	5	-1	-5	1
329	5	0	0	800	0	5	-1	-5	1
330	5	0	0	800	0	5	-1	-5	1
331	5	0	0	800	0	5	-1	-5	1
332	5	0	0	800	0	5	-1	-5	1
333	5	0	0	800	0	5	-1	-5	1
334	5	0	0	800	0	5	-1	-5	1
335	5	0	0	800	0	5	-1	-5	1
336	5	0	0	800	0	5	-1	-5	1
337	5	0	0	800	0	5	-1	-5	1
338	5	0	0	800	0	5	-1	-5	1
339	5	0	0	800	0	5	-1	-5	1
340	5	0	0	800	0	5	-1	-5	1
341	5	0	0	800	0	5	-1	-5	1
342	5	0	0	800	0	5	-1	-5	1
343	5	0	0	800	0	5	-1	-5	1
344	5	0	0	800	0	5	-1	-5	1
345	5	0	0	800	0	5	-1	-5	1
346	5	0	0	800	0	5	-1	-5	1
347	5	0	0	800	0	5	-1	-5	1
348	5	0	0	800	0	5	-1	-5	1
349	5	0	0	800	0	5	-1	-5	1
350	5	0	0	800	0	5	-1	-5	1
351	5	0	0	800	0	5	-1	-5	1
352	5	0	0	800	0	5	-1	-5	1
353	5	0	0	800	0	5	-1	-5	1
354	5	0	0	800	0	5	-1	-5	1
355	5	0	0	800	0	5	-1	-5	1
356	5	0	0	800	0	5	-1	-5	1
357	5	0	0	800	0	5	-1	-5	1
358	5	0	0	800	0	5	-1	-5	1
359	5	0	0	800	0	5	-1	-5	1
360	5	0	0	800	0	5	-1	-5	1
361	5	0	0	800	0	5	-1	-5	1
362	5	0	0	800	0	5	-1	-5	1
363	5	0	0	800	0	5	-1	-5	1
364	5	0	0	800	0	5	-1	-5	1
365	5	0	0	800	0	5	-1	-5	1
366	5	0	0	800	0	5	-1	-5	1
367	5	0	0	800	0	5	-1	-5	1
368	5	0	0	800	0	5	-1	-5	1
369	5	0	0	800	0	5	-1	-5	1
370	5	0	0	800	0	5	-1	-5	1
371	5	0	0	800	0	5	-1	-5	1
372	5	0	0	800	0	5	-1	-5	1
373	5	0	0	800	0	5	-1	-5	1
374	5	0	0	800	0	5	-1	-5	1
375	5	0	0	800	0	5	-1	-5	1
376	5	0	0	800	0	5	-1	-5	1
377	5	0	0	800	0	5	-1	-5	1
378	5	0	0	800	0	5	-1	-5	1
379	5	0	0	800	0	5	-1	-5	1
380	5	0	0	800	0	5	-1	-5	1
381	5	0	0	800	0	5	-1	-5	1
382	5	0	0	800	0	5	-1	-5	1
383	5	0	0	800	0	5	-1	-5	1
384	5	0	0	800	0	5	-1	-5	1
385	5	0	0	800	0	5	-1	-5	1
386	5	0	0	800	0	5	-1	-5	1
387	5	0	0	800	0	5	-1	-5	1
388	5	0	0	800	0	5	-1	-5	1
389	5	0	0	800	0	5	-1	-5	1
390	5	0	0	800	0	5	-1	-5	1
391	5	0	0	800	0	5	-1	-5	1
392	5	0	0	800	0	5	-1	-5	1
393	5	0	0	800	0	5	-1	-5	1
394	5	0	0	800	0	5	-1	-5	1
395	5	0	0	800	0	5	-1	-5	1
396	5	0	0	800	0	5	-1	-5	1
397	5	0	0	800	0	5	-1	-5	1
398	5	0	0	800	0	5	-1	-5	1
399	5	0	0	800	0	5	-1	-5	1
400	5	0	0	800	0	5	-1	-5	1
401	5	0	0	800	0	5	-1	-5	1
402	5	0	0	800	0	5	-1	-5	1
403	5	0	0	800	0	5	-1	-5	1
404	5	0	0	800	0	5	-1	-5	1
405	5	0	0	800	0	5	-1	-5	1
406	5	0	0	800	0	5	-1	-5	1
407	5	0	0	800	0	5	-1	-5	1
408	5	0	0	800	0	5	-1	-5	1
409	5	0	0	800	0	5	-1	-5	1
410	5	0	0	800	0	5	-1	-5	1
411	5	0	0	800	0	5	-1	-5	1
412	5	0	0	800	0	5	-1	-5	1
413	5	0	0	800	0	5	-1	-5	1
414	5	0	0	800	0	5	-1	-5	1
415	5	0	0	800	0	5	-1	-5	1
416	5	0	0	800	0	5	-1	-5	1
417	5	0	0	800	0	5	-1	-5	1
418	5	0	0	800	0	5	-1	-5	1
419	5	0	0	800	0	5	-1	-5	1
420	5	0	0	800	0	5	-1	-5	1
421	5	0	0	800	0	5	-1	-5	1
422	5	0	0	800	0	5	-1	-5	1
423	5	0	0	800	0	5	-1	-5	1
424	5	0	0	800	0	5	-1	-5	1
425	5	0	0	800	0	5	-1	-5	1
426	5	0	0	800	0	5	-1	-5	1
427	5	0	0	800	0	5	-1	-5	1
428	5	0	0	800	0	5	-1	-5	1
429	5	0	0	800	0	5	-1	-5	1
430	5	0	0	800	0	5	-1	-5	1
431	5	0	0	800	0	5	-1	-5	1
432	5	0	0	800	0	5	-1	-5	1
433	5	0	0	800	0	5	-1	-5	1
434	5	0	0	800	0	5	-1	-5	1
435	5	0	0	800	0	5	-1	-5	1
436	5	0	0	800	0	5	-1	-5	1
437	5	0	0	800	0	5	-1	-5	1
438	5	0	0	800	0	5	-1	-5	1
439	5	0	0	800	0	5	-1	-5	1
440	5	0	0	800	0	5	-1	-5	1
441	5	0	0	800	0	5	-1	-5	1
442	5	0	0	800	0	5	-1	-5	1
443	5	0	0	800	0	5	-1	-5	1
444	5	0	0	800	0	5	-1	-5	1
445	5	0	0	800	0	5	-1	-5	1
446	5	0	0	800	0	5	-1	-5	1
447	5	0	0	800	0	5	-1	-5	1
448	5	0	0	800	0	5	-1	-5	1
449	5	0	0	800	0	5	-1	-5	1
450	5	0	0	800	0	5	-1	-5	1
451	5	0	0	800	0	5	-1	-5	1
452	5	0	0	800	0	5	-1	-5	1
453	5	0	0	800	0	5	-1	-5	1
454	5	0	0	800	0	5	-1	-5	1
455	5	0	0	800	0	5	-1	-5	1
456	5	0	0	800	0	5	-1	-5	1
457	5	0	0	800	0	5	-1	-5	1
458	5	0	0	800	0	5	-1	-5	1
459	5	0	0	800	0	5	-1	-5	1
460	5	0	0	800	0	5	-1	-5	1
461	5	0	0	800	0	5	-1	-5	1
462	5	0	0	800	0	5	-1	-5	1
463	5	0	0	800	0	5	-1	-5	1
464	5	0	0	800	0	5	-1	-5	1
465	5	0	0	800	0	5	-1	-5	1
466	5	0	0	800	0	5	-1	-5	1
467	5	0	0	800	0	5	-1	-5	1
468	5	0	0	800	0	5	-1	-5	1
469	5	0	0	800	0	5	-1	-5	1
470	5	0	0	800	0	5	-1	-5	1
471	5	0	0	800	0	5	-1	-5	1
472	5	0	0	800	0	5	-1	-5	1
473	5	0	0	800	0	5	-1	-5	1
474	5	0	0	800	0	5	-1	-5	1
475	5	0	0	800	0	5	-1	-5	1
476	5	0	0	800	0	5	-1	-5	1
477	5	0	0	800	0	5	-1	-5	1
478	5	0	0	800	0	5	-1	-5	1
479	5	0	0	800	0	5	-1	-5	1
480	5	0	0	800	0	5	-1	-5	1
481	5	0	0	800	0	5	-1	-5	1
482	5	0	0	800	0	5	-1	-5	1
483	5	0	0	800	0	5	-1	-5	1
484	5	0	0	800	0	5	-1	-5	1
485	5	0	0	800	0	5	-1	-5	1
486	5	0	0	800	0	5	-1	-5	1
487	5	0	0	800	0	5	-1	-5	1
488	5	0	0	800	0	5	-1	-5	1
489	5	0	0	800	0	5	-1	-5	1
490	5	0	0	800	0	5	-1	-5	1
491	5	0	0	800	0	5	-1	-5	1
492	5	0	0	800	0	5	-1	-5	1
493	5	0	0	800	0	5	-1	-5	1
494	5	0	0	800	0	5	-1	-5	1
495	5	0	0	800	0	5	-1	-5	1
496	5	0	0	800	0	5	-1	-5	1
497	5	0	0	800	0	5	-1	-5	1
498	5	0	0	800	0	5	-1	-5	1
499	5	0	0	800	0	5	-1	-5	1
500	5	0	0	800	0	5	-1	-5	1
501	5	0	0	800	0	5	-1	-5	1
502	5	0	0	800	0	5	-1	-5	1
503	5	0	0	800	0	5	-1	-5	1
504	5	0	0	800	0	5	-1	-5	1
505	5	0	0	800	0	5	-1	-5	1
506	5	0	0	800	0	5	-1	-5	1
507	5	0	0	800	0	5	-1	-5	1
508	5	0	0	800	0	5	-1	-5	1
509	5	0	0	800	0	5	-1	-5	1
510	5	0	0	800	0	5	-1	-5	1
511	5	0	0	800	0	5	-1	-5	1
512	5	0	0	800	0	5	-1	-5	1
513	5	0	0	800	0	5	-1	-5	1
514	5	0	0	800	0	5	-1	-5	1
515	5	0	0	800	0	5	-1	-5	1
516	5	0	0	800	0	5	-1	-5	1
517	5	0	0	800	0	5	-1	-5	1
518	5	0	0	800	0	5	-1	-5	1
519	5	0	0	800	0	5	-1	-5	1
520	5	0	0	800	0	5	-1	-5	1
521	5	0	0	800	0	5	-1	-5	1
522	5	0	0	800	0	5	-1	-5	1
523	5	0	0	800	0	5	-1	-5	1
524	5	0	0	800	0	5	-1	-5	1
525	5	0	0	800	0	5	-1	-5	1
526	5	0	0	800	0	5	-1	-5	1
527	5	0	0	800	0	5	-1	-5	1
528	5	0	0	800	0	5	-1	-5	1
529	5	0	0	800	0	5	-1	-5	1
530	5	0	0	800	0	5	-1	-5	1
531	5	0	0	800	0	5	-1	-5	1
532	5	0	0	800	0	5	-1	-5	1
533	5	0	0	800	0	5	-1	-5	1
534	5	0	0	800	0	5	-1	-5	1
535	5	0	0	800	0	5	-1	-5	1
536	5	0	0	800	0	5	-1	-5	1
537	5	0	0	800	0	5	-1	-5	1
538	5	0	0	800	0	5	-1	-5	1
539	5	0	0	800	0	5	-1	-5	1
540	5	0	0	800	0	5	-1	-5	1
541	5	0	0	800	0	5	-1	-5	1
542	5	0	0	800	0	5	-1	-5	1
543	5	0	0	800	0	5	-1	-5	1
544	5	0	0	800	0	5	-1	-5	1
545	5	0	0	800	0	5	-1	-5	1
546	5	0	0	800	0	5	-1	-5	1
547	5	0	0	800	0	5	-1	-5	1
548	5	0	0	800	0	5	-1	-5	1
549	5	0	0	800	0	5	-1	-5	1
550	5	0	0	800	0	5	-1	-5	1
551	5	0	0	800	0	5	-1	-5	1
552	5	0	0	800	0	5	-1	-5	1
553	5	0	0	800	0	5	-1	-5	1
554	5	0	0	800	0	5	-1	-5	1
555	5	0	0	800	0	5	-1	-5	1
556	5	0	0	800	0	5	-1	-5	1
557	5	0	0	800	0	5	-1	-5	1
558	5	0	0	800	0	5	-1	-5	1
559	5	0	0	800	0	5	-1	-5	1
560	5	0	0	800	0	5	-1	-5	1
561	5	0	0	800	0	5	-1	-5	1
562	5	0	0	800	0	5	-1	-5	1
563	5	0	0	800	0	5	-1	-5	1
564	5	0	0	800	0	5	-1	-5	1
565	5	0	0	800	0	5	-1	-5	1
566	5	0	0	800	0	5	-1	-5	1
567	5	0	0	800	0	5	-1	-5	1
568	5	0	0	800	0	5	-1	-5	1
569	5	0	0	800	0	5	-1	-5	1
570	5	0	0	800	0	5	-1	-5	1
571	5	0	0	800	0	5	-1	-5	1
572	5	0	0	800	0	5	-1	-5	1
573	5	0	0	800	0	5	-1	-5	1
574	5	0	0	800	0	5	-1	-5	1
575	5	0	0	800	0	5	-1	-5	1
576	5	0	0	800	0	5	-1	-5	1
577	5	0	0	800	0	5	-1	-5	1
578	5	0	0	800	0	5	-1	-5	1
579	5	0	0	800	0	5	-1	-5	1
580	5	0	0	800	0	5	-1	-5	1
581	5	0	0	800	0	5	-1	-5	1
582	5	0	0	800	0	5	-1	-5	1
583	5	0	0	800	0	5	-1	-5	1
584	5	0	0	800	0	5	-1	-5	1
585	5	0	0	800	0	5	-1	-5	1
586	5	0	0	800	0	5	-1	-5	1
587	5	0	0	800	0	5	-1	-5	1
588	5	0	0	800	0	5	-1	-5	1
589	5	0	0	800	0	5	-1	-5	1
590	5	0	0	800	0	5	-1	-5	1
591	5	0	0	800	0	5	-1	-5	1
592	5	0	0	800	0	5	-1	-5	1
593	5	0	0	800	0	5	-1	-5	1
594	5	0	0	800	0	5	-1	-5	1
595	5	0	0	800	0	5	-1	-5	1
596	5	0	0	800	0	5	-1	-5	1
597	5	0	0	800	0	5	-1	-5	1
598	5	0	0	800	0	5	-1	-5	1
599	5	0	0	800	0	5	-1	-5	1
600	5	0	0	800	0	5	-1	-5	1
601	5	0	0	800	0	5	-1	-5	1
602	5	0	0	800	0	5	-1	-5	1
603	5	0	0	800	0	5	-1	-5	1
604	5	0	0	800	0	5	-1	-5	1
605	5	0	0	800	0	5	-1	-5	1
606	5	0	0	800	0	5	-1	-5	1
607	5	0	0	800	0	5	-1	-5	1
608	5	0	0	800	0	5	-1	-5	1
609	5	0	0	800	0	5	-1	-5	1
610	5	0	0	800	0	5	-1	-5	1
611	5	0	0	800	0	5	-1	-5	1
612	5	0	0	800	0	5	-1	-5	1
613	5	0	0	800	0	5	-1	-5	1
614	5	0	0	800	0	5	-1	-5	1
615	5	0	0	800	0	5	-1	-5	1
616	5	0	0	800	0	5	-1	-5	1
617	5	0	0	800	0	5	-1	-5	1
618	5	0	0	800	0	5	-1	-5	1
619	5	0	0	800	0	5	-1	-5	1
620	5	0	0	800	0	5	-1	-5	1
621	5	0	0	800	0	5	-1	-5	1
622	5	0	0	800	0	5	-1	-5	1
623	5	0	0	800	0	5	-1	-5	1
624	5	0	0	800	0	5	-1	-5	1
625	5	0	0	800	0	5	-1	-5	1
626	5	0	0	800	0	5	-1	-5	1
627	5	0	0	800	0	5	-1	-5	1
628	5	0	0	800	0	5	-1	-5	1
629	5	0	0	800	0	5	-1	-5	1
630	5	0	0	800	0	5	-1	-5	1
631	5	0	0	800	0	5	-1	-5	1
632	5	0	0	800	0	5	-1	-5	1
633	5	0	0	800	0	5	-1	-5	1
634	5	0	0	800	0	5	-1	-5	1
635	5	0	0	800	0	5	-1	-5	1
636	5	0	0	800	0	5	-1	-5	1
637	5	0	0	800	0	5	-1	-5	1
638	5	0	0	800	0	5	-1	-5	1
639	5	0	0	800	0	5	-1	-5	1
640	5	0	0	800	0	5	-1	-5	1
641	5	0	0	800	0	5	-1	-5	1
642	5	0	0	800	0	5	-1	-5	1
643	5	0	0	800	0	5	-1	-5	1
644	5	0	0	800	0	5	-1	-5	1
645	5	0	0	800	0	5	-1	-5	1
646	5	0	0	800	0	5	-1	-5	1
647	5	0	0	800	0	5	-1	-5	1
648	5	0	0	800	0	5	-1	-5	1
649	5	0	0	800	0	5	-1	-5	1
650	5	0	0	800	0	5	-1	-5	1
651	5	0	0	800	0	5	-1	-5	1
652	5	0	0	800	0	5	-1	-5	1
653	5	0	0	800	0	5	-1	-5	1
654	5	0	0	800	0	5	-1	-5	1
655	5	0	0	800	0	5	-1	-5	1
656	5	0	0	800	0	5	-1	-5	1
657	5	0	0	800	0	5	-1	-5	1
658	5	0	0	800	0	5	-1	-5	1
659	5	0	0	800	0	5	-1	-5	1
660	5	0	0	800	0	5	-1	-5	1
661	5	0	0	800	0	5	-1	-5	1
662	5	0	0	800	0	5	-1	-5	1
663	5	0	0	800	0	5	-1	-5	1
664	5	0	0	800	0	5	-1	-5	1
665	5	0	0	800	0	5	-1	-5	1
666	5	0	0	800	0	5	-1	-5	1
667	5	0	0	800	0	5	-1	-5	1
668	5	0	0	800	0	5	-1	-5	1
669	5	0	0	800	0	5	-1	-5	1
670	5	0	0	800	0	5	-1	-5	1
671	5	0	0	800	0	5	-1	-5	1
672	5	0	0	800	0	5	-1	-5	1
673	5	0	0	800	0	5	-1	-5	1
674	5	0	0	800	0	5	-1	-5	1
675	5	0	0	800	0	5	-1	-5	1
676	5	0	0	800	0	5	-1	-5	1
677	5	0	0	800	0	5	-1	-5	1
678	5	0	0	800	0	5	-1	-5	1
679	5	0	0	800	0	5	-1	-5	1
680	5	0	0	800	0	5	-1	-5	1
681	5	0	0	800	0	5	-1	-5	1
682	5	0	0	800	0	5	-1	-5	1
683	5	0	0	800	0	5	-1	-5	1
684	5	0	0	800	0	5	-1	-5	1
685	5	0	0	800	0	5	-1	-5	1
686	5	0	0	800	0	5	-1	-5	1
687	5	0	0	800	0	5	-1	-5	1
688	5	0	0	800	0	5	-1	-5	1
689	5	0	0	800	0	5	-1	-5	1
690	5	0	0	800	0	5	-1	-5	1
691	5	0	0	800	0	5	-1	-5	1
692	5	0	0	800	0	5	-1	-5	1
693	5	0	0	800	0	5	-1	-5	1
694	5	0	0	800	0	5	-1	-5	1
695	5	0	0	800	0	5	-1	-5	1
696	5	0	0	800	0	5	-1	-5	1
697	5	0	0	800	0	5	-1	-5	1
698	5	0	0	800	0	5	-1	-5	1
699	5	0	0	800	0	5	-1	-5	1
700	5	0	0	800	0	5	-1	-5	1
701	5	0	0	800	0	5	-1	-5	1
702	5	0	0	800	0	5	-1	-5	1
703	5	0	0	800	0	5	-1	-5	1
704	5	0	0	800	0	5	-1	-5	1
705	5	0	0	800	0	5	-1	-5	1
706	5	0	0	800	0	5	-1	-5	1
707	5	0	0	800	0	5	-1	-5	1
708	5	0	0	800	0	5	-1	-5	1
709	5	0	0	800	0	5	-1	-5	1
710	5	0	0	800	0	5	-1	-5	1
711	5	0	0	800	0	5	-1	-5	1
712	5	0	0	800	0	5	-1	-5	1
713	5	0	0	800	0	5	-1	-5	1
714	5	0	0	800	0	5	-1	-5	1
715	5	0	0	800	0	5	-1	-5	1
716	5	0	0	800	0	5	-1	-5	1
717	5	0	0	800	0	5	-1	-5	1
718	5	0	0	800	0	5	-1	-5	1
719	5	0	0	800	0	5	-1	-5	1
720	5	0	0	800	0	5	-1	-5	1
721	5	0	0	800	0	5	-1	-5	1
722	5	0	0	800	0	5	-1	-5	1
723	5	0	0	800	0	5	-1	-5	1
724	5	0	0	800	0	5	-1	-5	1
725	5	0	0	800	0	5	-1	-5	1
726	5	0	0	800	0	5	-1	-5	1
727	5	0	0	800	0	5	-1	-5	1
728	5	0	0	800	0	5	-1	-5	1
729	5	0	0	800	0	5	-1	-5	1
730	5	0	0	800	0	5	-1	-5	1
731	5	0	0	800	0	5	-1	-5	1
732	5	0	0	800	0	5	-1	-5	1
733	5	0	0	800	0	5	-1	-5	1
734	5	0	0	800	0	5	-1	-5	1
735	5	0	0	800	0	5	-1	-5	1
736	5	0	0	800	0	5	-1	-5	1
737	5	0	0	800	0	5	-1	-5	1
738	5	0	0	800	0	5	-1	-5	1
739	5	0	0	800	0	5	-1	-5	1
740	5	0	0	800	0	5	-1	-5	1
741	5	0	0	800	0	5	-1	-5	1
742	5	0	0	800	0	5	-1	-5	1
743	5	0	0	800	0	5	-1	-5	1
744	5	0	0	800	0	5	-1	-5	1
745	5	0	0	800	0	5	-1	-5	1
746	5	0	0	800	0	5	-1	-5	1
747	5	0	0	800	0	5	-1	-5	1
748	5	0	0	800	0	5	-1	-5	1
749	5	0	0	800	0	5	-1	-5	1
750	5	0	0	800	0	5	-1	-5	1
751	5	0	0	800	0	5	-1	-5	1
752	5	0	0	800	0	5	-1	-5	1
753	5	0	0	800	0	5	-1	-5	1
754	5	0	0	800	0	5	-1	-5	1
755	5	0	0	800	0	5	-1	-5	1
756	5	0	0	800	0	5	-1	-5	1
757	5	0	0	800	0	5	-1	-5	1
758	5	0	0	800	0	5	-1	-5	1
759	5	0	0	800	0	5	-1	-5	1
760	5	0	0	800	0	5	-1	-5	1
761	5	0	0	800	0	5	-1	-5	1
762	5	0	0	800	0	5	-1	-5	1
763	5	0	0	800	0	5	-1	-5	1
764	5	0	0	800	0	5	-1	-5	1
765	5	0	0	800	0	5	-1	-5	1
766	5	0	0	800	0	5	-1	-5	1
767	5	0	0	800	0	5	-1	-5	1
768	5	0	0	800	0	5	-1	-5	1
769	5	0	0	800	0	5	-1	-5	1
770	5	0	0	800	0	5	-1	-5	1
771	5	0	0	800	0	5	-1	-5	1
772	5	0	0	800	0	5	-1	-5	1
773	5	0	0	800	0	5	-1	-5	1
774	5	0	0	800	0	5	-1	-5	1
775	5	0	0	800	0	5	-1	-5	1
776	5	0	0	800	0	5	-1	-5	1
777	5	0	0	800	0	5	-1	-5	1
778	5	0	0	800	0	5	-1	-5	1
779	5	0	0	800	0	5	-1	-5	1
780	5	0	0	800	0	5	-1	-5	1
781	5	0	0	800	0	5	-1	-5	1
782	5	0	0	800	0	5	-1	-5	1
783	5	0	0	800	0	5	-1	-5	1
784	5	0	0	800	0	5	-1	-5	1
785	5	0	0	800	0	5	-1	-5	1
786	5	0	0	800	0	5	-1	-5	1
787	5	0	0	800	0	5	-1	-5	1
788	5	0	0	800	0	5	-1	-5	1
789	5	0	0	800	0	5	-1	-5	1
790	5	0	0	800	0	5	-1	-5	1
791	5	0	0	800	0	5	-1	-5	1
792	5	0	0	800	0	5	-1	-5	1
793	5	0	0	800	0	5	-1	-5	1
794	5	0	0	800	0	5	-1	-5	1
795	5	0	0	800	0	5	-1	-5	1
796	5	0	0	800	0	5	-1	-5	1
797	5	0	0	800	0	5	-1	-5	1
798	5	0	0	800	0	5	-1	-5	1
799	5	0	0	800	0	5	-1	-5	1
800	5	0	0	800	0	5	-1	-5	1
801	5	0	0	800	0	5	-1	-5	1
802	5	0	0	800	0	5	-1	-5	1
803	5	0	0	800	0	5	-1	-5	1
804	5	0	0	800	0	5	-1	-5	1
805	5	0	0	800	0	5	-1	-5	1
806	5	0	0	800	0	5	-1	-5	1
807	5	0	0	800	0	5	-1	-5	1
808	5	0	0	800	0	5	-1	-5	1
809	5	0	0	800	0	5	-1	-5	1
810	5	1	1	800	810	5	5	-5	1
811	5	1	1	800	810	5	5	-5	1
812	5	1	1	800	810	5	5	-5	1
813	5	1	1	800	810	5	5	-5	1
814	5	1	1	800	810	5	5	-5	1
815	5	1	1	800	810	5	5	-5	1
816	5	1	1	800	810	5	5	-5	1
817	5	1	1	800	810	5	5	-5	1
818	5	1	1	800	810	5	5	-5	1
819	5	1	1	800	810	5	5	-5	1
820	5	1	1	800	810	5	5	-5	1
821	5	1	1	800	810	5	5	-5	1
822	5	1	1	800	810	5	5	-5	1
823	5	1	1	800	810	5	5	-5	1
824	5	1	1	800	810	5	5	-5	1
825	5	1	1	800	810	5	5	-5	1
826	5	1	1	800	810	5	5	-5	1
827	5	1	1	800	810	5	5	-5	1
828	5	1	1	800	810	5	5	-5	1
829	5	1	1	800	810	5	5	-5	1
830	5	1	1	800	810	5	5	-5	1
831	5	1	1	800	810	5	5	-5	1
832	5	1	1	800	810	5	5	-5	1
833	5	1	1	800	810	5	5	-5	1
834	5	1	1	800	810	5	5	-5	1
835	5	1	1	800	810	5	5	-5	1
836	5	1	1	800	810	5	5	-5	1
837	5	1	1	800	810	5	5	-5	1
838	5	1	1	800	810	5	5	-5	1
839	5	1	1	800	810	5	5	-5	1
840	5	1	1	800	810	5	5	-5	1
841	5	1	1	800	810	5	5	-5	1
842	5	1	1	800	810	5	5	-5	1
843	5	1	1	800	810	5	5	-5	1
844	5	1	1	800	810	5	5	-5	1
845	5	1	1	800	810	5	5	-5	1
846	5	1	1	800	810	5	5	-5	1
847	5	1	1	800	810	5	5	-5	1
848	5	1	1	800	810	5	5	-5	1
849	5	1	1	800	810	5	5	-5	1
850	5	1	1	800	810	5	5	-5	1
851	5	1	1	800	810	5	5	-5	1
852	5	1	1	800	810	5	5	-5	1
853	5	1	1	800	810	5	5	-5	1
854	5	1	1	800	810	5	5	-5	1
855	5	1	1	800	810	5	5	-5	1
