1	15	0	0	800	0	15	-1	4	2
2	15	0	0	800	0	15	-1	4	2
3	15	0	0	800	0	15	-1	4	2
4	15	0	0	800	0	15	-1	4	2
5	15	0	0	800	0	15	-1	4	2
6	15	0	0	800	0	15	-1	4	2
7	15	0	0	800	0	15	-1	4	2
8	15	0	0	800	0	15	-1	4	2
9	15	0	0	800	0	15	-1	4	2
10	15	0	0	800	0	15	-1	4	2
11	15	0	0	800	0	15	-1	4	2
12	15	0	0	800	0	15	-1	4	2
13	15	0	0	800	0	15	-1	4	2
14	15	0	0	800	0	15	-1	4	2
15	15	0	0	800	0	15	-1	4	2
16	15	0	0	800	0	15	-1	4	2
17	15	0	0	800	0	15	-1	4	2
18	15	0	0	800	0	15	-1	4	2
19	15	0	0	800	0	15	-1	4	2
20	15	0	0	800	0	15	-1	4	2
21	15	0	0	800	0	15	-1	4	2
22	15	0	0	800	0	15	-1	4	2
23	15	0	0	800	0	15	-1	4	2
24	15	0	0	800	0	15	-1	4	2
25	15	0	0	800	0	15	-1	4	2
26	15	0	0	800	0	15	-1	4	2
27	15	0	0	800	0	15	-1	4	2
28	15	0	0	800	0	15	-1	4	2
29	15	0	0	800	0	15	-1	4	2
30	15	0	0	800	0	15	-1	4	2
31	15	0	0	800	0	15	-1	4	2
32	15	0	0	800	0	15	-1	4	2
33	15	0	0	800	0	15	-1	4	2
34	15	0	0	800	0	15	-1	4	2
35	15	0	0	800	0	15	-1	4	2
36	15	0	0	800	0	15	-1	4	2
37	15	0	0	800	0	15	-1	4	2
38	15	0	0	800	0	15	-1	4	2
39	15	0	0	800	0	15	-1	4	2
40	15	0	0	800	0	15	-1	4	2
41	15	0	0	800	0	15	-1	4	2
42	15	0	0	800	0	15	-1	4	2
43	15	0	0	800	0	15	-1	4	2
44	15	0	0	800	0	15	-1	4	2
45	15	0	0	800	0	15	-1	4	2
46	15	0	0	800	0	15	-1	4	2
47	15	0	0	800	0	15	-1	4	2
48	15	0	0	800	0	15	-1	4	2
49	15	0	0	800	0	15	-1	4	2
50	15	0	0	800	0	15	-1	4	2
51	15	0	0	800	0	15	-1	4	2
52	15	0	0	800	0	15	-1	4	2
53	15	0	0	800	0	15	-1	4	2
54	15	0	0	800	0	15	-1	4	2
55	15	0	0	800	0	15	-1	4	2
56	15	0	0	800	0	15	-1	4	2
57	15	0	0	800	0	15	-1	4	2
58	15	0	0	800	0	15	-1	4	2
59	15	0	0	800	0	15	-1	4	2
60	15	0	0	800	0	15	-1	4	2
61	15	0	0	800	0	15	-1	4	2
62	15	0	0	800	0	15	-1	4	2
63	15	0	0	800	0	15	-1	4	2
64	15	0	0	800	0	15	-1	4	2
65	15	0	0	800	0	15	-1	4	2
66	15	0	0	800	0	15	-1	4	2
67	15	0	0	800	0	15	-1	4	2
68	15	0	0	800	0	15	-1	4	2
69	15	0	0	800	0	15	-1	4	2
70	15	0	0	800	0	15	-1	4	2
71	15	0	0	800	0	15	-1	4	2
72	15	0	0	800	0	15	-1	4	2
73	15	0	0	800	0	15	-1	4	2
74	15	0	0	800	0	15	-1	4	2
75	15	0	0	800	0	15	-1	4	2
76	15	0	0	800	0	15	-1	4	2
77	15	0	0	800	0	15	-1	4	2
78	15	0	0	800	0	15	-1	4	2
79	15	0	0	800	0	15	-1	4	2
80	15	0	0	800	0	15	-1	4	2
81	15	0	0	800	0	15	-1	4	2
82	15	0	0	800	0	15	-1	4	2
83	15	0	0	800	0	15	-1	4	2
84	15	0	0	800	0	15	-1	4	2
85	15	0	0	800	0	15	-1	4	2
86	15	0	0	800	0	15	-1	4	2
87	15	0	0	800	0	15	-1	4	2
88	15	0	0	800	0	15	-1	4	2
89	15	0	0	800	0	15	-1	4	2
90	15	0	0	800	0	15	-1	4	2
91	15	0	0	800	0	15	-1	4	2
92	15	0	0	800	0	15	-1	4	2
93	15	0	0	800	0	15	-1	4	2
94	15	0	0	800	0	15	-1	4	2
95	15	0	0	800	0	15	-1	4	2
96	15	0	0	800	0	15	-1	4	2
97	15	0	0	800	0	15	-1	4	2
98	15	0	0	800	0	15	-1	4	2
99	15	0	0	800	0	15	-1	4	2
100	15	0	0	800	0	15	-1	4	2
101	15	0	0	800	0	15	-1	4	2
102	15	0	0	800	0	15	-1	4	2
103	15	0	0	800	0	15	-1	4	2
104	15	0	0	800	0	15	-1	4	2
105	15	0	0	800	0	15	-1	4	2
106	15	0	0	800	0	15	-1	4	2
107	15	0	0	800	0	15	-1	4	2
108	15	0	0	800	0	15	-1	4	2
109	15	0	0	800	0	15	-1	4	2
110	15	0	0	800	0	15	-1	4	2
111	15	0	0	800	0	15	-1	4	2
112	15	0	0	800	0	15	-1	4	2
113	15	0	0	800	0	15	-1	4	2
114	15	0	0	800	0	15	-1	4	2
115	15	0	0	800	0	15	-1	4	2
116	15	0	0	800	0	15	-1	4	2
117	15	0	0	800	0	15	-1	4	2
118	15	0	0	800	0	15	-1	4	2
119	15	0	0	800	0	15	-1	4	2
120	15	0	0	800	0	15	-1	4	2
121	15	0	0	800	0	15	-1	4	2
122	15	0	0	800	0	15	-1	4	2
123	15	0	0	800	0	15	-1	4	2
124	15	0	0	800	0	15	-1	4	2
125	15	0	0	800	0	15	-1	4	2
126	15	0	0	800	0	15	-1	4	2
127	15	0	0	800	0	15	-1	4	2
128	15	0	0	800	0	15	-1	4	2
129	15	0	0	800	0	15	-1	4	2
130	15	0	0	800	0	15	-1	4	2
131	15	0	0	800	0	15	-1	4	2
132	15	0	0	800	0	15	-1	4	2
133	15	0	0	800	0	15	-1	4	2
134	15	0	0	800	0	15	-1	4	2
135	15	0	0	800	0	15	-1	4	2
136	15	0	0	800	0	15	-1	4	2
137	15	0	0	800	0	15	-1	4	2
138	15	0	0	800	0	15	-1	4	2
139	15	0	0	800	0	15	-1	4	2
140	15	0	0	800	0	15	-1	4	2
141	15	0	0	800	0	15	-1	4	2
142	15	0	0	800	0	15	-1	4	2
143	15	0	0	800	0	15	-1	4	2
144	15	0	0	800	0	15	-1	4	2
145	15	0	0	800	0	15	-1	4	2
146	15	0	0	800	0	15	-1	4	2
147	15	0	0	800	0	15	-1	4	2
148	15	0	0	800	0	15	-1	4	2
149	15	0	0	800	0	15	-1	4	2
150	15	0	0	800	0	15	-1	4	2
151	15	0	0	800	0	15	-1	4	2
152	15	0	0	800	0	15	-1	4	2
153	15	0	0	800	0	15	-1	4	2
154	15	0	0	800	0	15	-1	4	2
155	15	0	0	800	0	15	-1	4	2
156	15	0	0	800	0	15	-1	4	2
157	15	0	0	800	0	15	-1	4	2
158	15	0	0	800	0	15	-1	4	2
159	15	0	0	800	0	15	-1	4	2
160	15	0	0	800	0	15	-1	4	2
161	15	0	0	800	0	15	-1	4	2
162	15	0	0	800	0	15	-1	4	2
163	15	0	0	800	0	15	-1	4	2
164	15	0	0	800	0	15	-1	4	2
165	15	0	0	800	0	15	-1	4	2
166	15	0	0	800	0	15	-1	4	2
167	15	0	0	800	0	15	-1	4	2
168	15	0	0	800	0	15	-1	4	2
169	15	0	0	800	0	15	-1	4	2
170	15	0	0	800	0	15	-1	4	2
171	15	0	0	800	0	15	-1	4	2
172	15	0	0	800	0	15	-1	4	2
173	15	0	0	800	0	15	-1	4	2
174	15	0	0	800	0	15	-1	4	2
175	15	0	0	800	0	15	-1	4	2
176	15	0	0	800	0	15	-1	4	2
177	15	0	0	800	0	15	-1	4	2
178	15	0	0	800	0	15	-1	4	2
179	15	0	0	800	0	15	-1	4	2
180	15	0	0	800	0	15	-1	4	2
181	15	0	0	800	0	15	-1	4	2
182	15	0	0	800	0	15	-1	4	2
183	15	0	0	800	0	15	-1	4	2
184	15	0	0	800	0	15	-1	4	2
185	15	0	0	800	0	15	-1	4	2
186	15	0	0	800	0	15	-1	4	2
187	15	0	0	800	0	15	-1	4	2
188	15	0	0	800	0	15	-1	4	2
189	15	0	0	800	0	15	-1	4	2
190	15	0	0	800	0	15	-1	4	2
191	15	0	0	800	0	15	-1	4	2
192	15	0	0	800	0	15	-1	4	2
193	15	0	0	800	0	15	-1	4	2
194	15	0	0	800	0	15	-1	4	2
195	15	0	0	800	0	15	-1	4	2
196	15	0	0	800	0	15	-1	4	2
197	15	0	0	800	0	15	-1	4	2
198	15	0	0	800	0	15	-1	4	2
199	15	0	0	800	0	15	-1	4	2
200	15	0	0	800	0	15	-1	4	2
201	15	0	0	800	0	15	-1	4	2
202	15	0	0	800	0	15	-1	4	2
203	15	0	0	800	0	15	-1	4	2
204	15	0	0	800	0	15	-1	4	2
205	15	0	0	800	0	15	-1	4	2
206	15	0	0	800	0	15	-1	4	2
207	15	0	0	800	0	15	-1	4	2
208	15	0	0	800	0	15	-1	4	2
209	15	0	0	800	0	15	-1	4	2
210	15	0	0	800	0	15	-1	4	2
211	15	0	0	800	0	15	-1	4	2
212	15	0	0	800	0	15	-1	4	2
213	15	0	0	800	0	15	-1	4	2
214	15	0	0	800	0	15	-1	4	2
215	15	0	0	800	0	15	-1	4	2
216	15	0	0	800	0	15	-1	4	2
217	15	0	0	800	0	15	-1	4	2
218	15	0	0	800	0	15	-1	4	2
219	15	0	0	800	0	15	-1	4	2
220	15	0	0	800	0	15	-1	4	2
221	15	0	0	800	0	15	-1	4	2
222	15	0	0	800	0	15	-1	4	2
223	15	0	0	800	0	15	-1	4	2
224	15	0	0	800	0	15	-1	4	2
225	15	0	0	800	0	15	-1	4	2
226	15	0	0	800	0	15	-1	4	2
227	15	0	0	800	0	15	-1	4	2
228	15	0	0	800	0	15	-1	4	2
229	15	0	0	800	0	15	-1	4	2
230	15	0	0	800	0	15	-1	4	2
231	15	0	0	800	0	15	-1	4	2
232	15	0	0	800	0	15	-1	4	2
233	15	0	0	800	0	15	-1	4	2
234	15	0	0	800	0	15	-1	4	2
235	15	0	0	800	0	15	-1	4	2
236	15	0	0	800	0	15	-1	4	2
237	15	0	0	800	0	15	-1	4	2
238	15	0	0	800	0	15	-1	4	2
239	15	0	0	800	0	15	-1	4	2
240	15	0	0	800	0	15	-1	4	2
241	15	0	0	800	0	15	-1	4	2
242	15	0	0	800	0	15	-1	4	2
243	15	0	0	800	0	15	-1	4	2
244	15	0	0	800	0	15	-1	4	2
245	15	0	0	800	0	15	-1	4	2
246	15	0	0	800	0	15	-1	4	2
247	15	0	0	800	0	15	-1	4	2
248	15	0	0	800	0	15	-1	4	2
249	15	0	0	800	0	15	-1	4	2
250	15	0	0	800	0	15	-1	4	2
251	15	0	0	800	0	15	-1	4	2
252	15	0	0	800	0	15	-1	4	2
253	15	0	0	800	0	15	-1	4	2
254	15	0	0	800	0	15	-1	4	2
255	15	0	0	800	0	15	-1	4	2
256	15	0	0	800	0	15	-1	4	2
257	15	0	0	800	0	15	-1	4	2
258	15	0	0	800	0	15	-1	4	2
259	15	0	0	800	0	15	-1	4	2
260	15	0	0	800	0	15	-1	4	2
261	15	0	0	800	0	15	-1	4	2
262	15	0	0	800	0	15	-1	4	2
263	15	0	0	800	0	15	-1	4	2
264	15	0	0	800	0	15	-1	4	2
265	15	0	0	800	0	15	-1	4	2
266	15	0	0	800	0	15	-1	4	2
267	15	0	0	800	0	15	-1	4	2
268	15	0	0	800	0	15	-1	4	2
269	15	0	0	800	0	15	-1	4	2
270	15	0	0	800	0	15	-1	4	2
271	15	0	0	800	0	15	-1	4	2
272	15	0	0	800	0	15	-1	4	2
273	15	0	0	800	0	15	-1	4	2
274	15	0	0	800	0	15	-1	4	2
275	15	0	0	800	0	15	-1	4	2
276	15	0	0	800	0	15	-1	4	2
277	15	0	0	800	0	15	-1	4	2
278	15	0	0	800	0	15	-1	4	2
279	15	0	0	800	0	15	-1	4	2
280	15	0	0	800	0	15	-1	4	2
281	15	0	0	800	0	15	-1	4	2
282	15	0	0	800	0	15	-1	4	2
283	15	0	0	800	0	15	-1	4	2
284	15	0	0	800	0	15	-1	4	2
285	15	0	0	800	0	15	-1	4	2
286	15	0	0	800	0	15	-1	4	2
287	15	0	0	800	0	15	-1	4	2
288	15	0	0	800	0	15	-1	4	2
289	15	0	0	800	0	15	-1	4	2
290	15	0	0	800	0	15	-1	4	2
291	15	0	0	800	0	15	-1	4	2
292	15	0	0	800	0	15	-1	4	2
293	15	0	0	800	0	15	-1	4	2
294	15	0	0	800	0	15	-1	4	2
295	15	0	0	800	0	15	-1	4	2
296	15	0	0	800	0	15	-1	4	2
297	15	0	0	800	0	15	-1	4	2
298	15	0	0	800	0	15	-1	4	2
299	15	0	0	800	0	15	-1	4	2
300	15	0	0	800	0	15	-1	4	2
301	15	0	0	800	0	15	-1	4	2
302	15	0	0	800	0	15	-1	4	2
303	15	0	0	800	0	15	-1	4	2
304	15	0	0	800	0	15	-1	4	2
305	15	0	0	800	0	15	-1	4	2
306	15	0	0	800	0	15	-1	4	2
307	15	0	0	800	0	15	-1	4	2
308	15	0	0	800	0	15	-1	4	2
309	15	0	0	800	0	15	-1	4	2
310	15	0	0	800	0	15	-1	4	2
311	15	0	0	800	0	15	-1	4	2
312	15	0	0	800	0	15	-1	4	2
313	15	0	0	800	0	15	-1	4	2
314	15	0	0	800	0	15	-1	4	2
315	15	0	0	800	0	15	-1	4	2
316	15	0	0	800	0	15	-1	4	2
317	15	0	0	800	0	15	-1	4	2
318	15	0	0	800	0	15	-1	4	2
319	15	0	0	800	0	15	-1	4	2
320	15	0	0	800	0	15	-1	4	2
321	15	0	0	800	0	15	-1	4	2
322	15	0	0	800	0	15	-1	4	2
323	15	0	0	800	0	15	-1	4	2
324	15	0	0	800	0	15	-1	4	2
325	15	0	0	800	0	15	-1	4	2
326	15	0	0	800	0	15	-1	4	2
327	15	0	0	800	0	15	-1	4	2
328	15	0	0	800	0	15	-1	4	2
329	15	0	0	800	0	15	-1	4	2
330	15	0	0	800	0	15	-1	4	2
331	15	0	0	800	0	15	-1	4	2
332	15	0	0	800	0	15	-1	4	2
333	15	0	0	800	0	15	-1	4	2
334	15	0	0	800	0	15	-1	4	2
335	15	0	0	800	0	15	-1	4	2
336	15	0	0	800	0	15	-1	4	2
337	15	0	0	800	0	15	-1	4	2
338	15	0	0	800	0	15	-1	4	2
339	15	0	0	800	0	15	-1	4	2
340	15	0	0	800	0	15	-1	4	2
341	15	0	0	800	0	15	-1	4	2
342	15	0	0	800	0	15	-1	4	2
343	15	0	0	800	0	15	-1	4	2
344	15	0	0	800	0	15	-1	4	2
345	15	0	0	800	0	15	-1	4	2
346	15	0	0	800	0	15	-1	4	2
347	15	0	0	800	0	15	-1	4	2
348	15	0	0	800	0	15	-1	4	2
349	15	0	0	800	0	15	-1	4	2
350	15	0	0	800	0	15	-1	4	2
351	15	0	0	800	0	15	-1	4	2
352	15	0	0	800	0	15	-1	4	2
353	15	0	0	800	0	15	-1	4	2
354	15	0	0	800	0	15	-1	4	2
355	15	0	0	800	0	15	-1	4	2
356	15	0	0	800	0	15	-1	4	2
357	15	0	0	800	0	15	-1	4	2
358	15	0	0	800	0	15	-1	4	2
359	15	0	0	800	0	15	-1	4	2
360	15	0	0	800	0	15	-1	4	2
361	15	0	0	800	0	15	-1	4	2
362	15	0	0	800	0	15	-1	4	2
363	15	0	0	800	0	15	-1	4	2
364	15	0	0	800	0	15	-1	4	2
365	15	0	0	800	0	15	-1	4	2
366	15	0	0	800	0	15	-1	4	2
367	15	0	0	800	0	15	-1	4	2
368	15	0	0	800	0	15	-1	4	2
369	15	0	0	800	0	15	-1	4	2
370	15	0	0	800	0	15	-1	4	2
371	15	0	0	800	0	15	-1	4	2
372	15	0	0	800	0	15	-1	4	2
373	15	0	0	800	0	15	-1	4	2
374	15	0	0	800	0	15	-1	4	2
375	15	0	0	800	0	15	-1	4	2
376	15	0	0	800	0	15	-1	4	2
377	15	0	0	800	0	15	-1	4	2
378	15	0	0	800	0	15	-1	4	2
379	15	0	0	800	0	15	-1	4	2
380	15	0	0	800	0	15	-1	4	2
381	15	0	0	800	0	15	-1	4	2
382	15	0	0	800	0	15	-1	4	2
383	15	0	0	800	0	15	-1	4	2
384	15	0	0	800	0	15	-1	4	2
385	15	0	0	800	0	15	-1	4	2
386	15	0	0	800	0	15	-1	4	2
387	15	0	0	800	0	15	-1	4	2
388	15	0	0	800	0	15	-1	4	2
389	15	0	0	800	0	15	-1	4	2
390	15	0	0	800	0	15	-1	4	2
391	15	0	0	800	0	15	-1	4	2
392	15	0	0	800	0	15	-1	4	2
393	15	0	0	800	0	15	-1	4	2
394	15	0	0	800	0	15	-1	4	2
395	15	0	0	800	0	15	-1	4	2
396	15	0	0	800	0	15	-1	4	2
397	15	0	0	800	0	15	-1	4	2
398	15	0	0	800	0	15	-1	4	2
399	15	0	0	800	0	15	-1	4	2
400	15	0	0	800	0	15	-1	4	2
401	15	0	0	800	0	15	-1	4	2
402	15	0	0	800	0	15	-1	4	2
403	15	0	0	800	0	15	-1	4	2
404	15	0	0	800	0	15	-1	4	2
405	15	0	0	800	0	15	-1	4	2
406	15	0	0	800	0	15	-1	4	2
407	15	0	0	800	0	15	-1	4	2
408	15	0	0	800	0	15	-1	4	2
409	15	0	0	800	0	15	-1	4	2
410	15	0	0	800	0	15	-1	4	2
411	15	0	0	800	0	15	-1	4	2
412	15	0	0	800	0	15	-1	4	2
413	15	0	0	800	0	15	-1	4	2
414	15	0	0	800	0	15	-1	4	2
415	15	0	0	800	0	15	-1	4	2
416	15	0	0	800	0	15	-1	4	2
417	15	0	0	800	0	15	-1	4	2
418	15	0	0	800	0	15	-1	4	2
419	15	0	0	800	0	15	-1	4	2
420	15	0	0	800	0	15	-1	4	2
421	15	0	0	800	0	15	-1	4	2
422	15	0	0	800	0	15	-1	4	2
423	15	0	0	800	0	15	-1	4	2
424	15	0	0	800	0	15	-1	4	2
425	15	0	0	800	0	15	-1	4	2
426	15	0	0	800	0	15	-1	4	2
427	15	0	0	800	0	15	-1	4	2
428	15	0	0	800	0	15	-1	4	2
429	15	0	0	800	0	15	-1	4	2
430	15	0	0	800	0	15	-1	4	2
431	15	0	0	800	0	15	-1	4	2
432	15	0	0	800	0	15	-1	4	2
433	15	0	0	800	0	15	-1	4	2
434	15	0	0	800	0	15	-1	4	2
435	15	0	0	800	0	15	-1	4	2
436	15	0	0	800	0	15	-1	4	2
437	15	0	0	800	0	15	-1	4	2
438	15	0	0	800	0	15	-1	4	2
439	15	0	0	800	0	15	-1	4	2
440	15	0	0	800	0	15	-1	4	2
441	15	0	0	800	0	15	-1	4	2
442	15	0	0	800	0	15	-1	4	2
443	15	0	0	800	0	15	-1	4	2
444	15	0	0	800	0	15	-1	4	2
445	15	0	0	800	0	15	-1	4	2
446	15	0	0	800	0	15	-1	4	2
447	15	0	0	800	0	15	-1	4	2
448	15	0	0	800	0	15	-1	4	2
449	15	0	0	800	0	15	-1	4	2
450	15	0	0	800	0	15	-1	4	2
451	15	0	0	800	0	15	-1	4	2
452	15	0	0	800	0	15	-1	4	2
453	15	0	0	800	0	15	-1	4	2
454	15	0	0	800	0	15	-1	4	2
455	15	0	0	800	0	15	-1	4	2
456	15	0	0	800	0	15	-1	4	2
457	15	0	0	800	0	15	-1	4	2
458	15	0	0	800	0	15	-1	4	2
459	15	0	0	800	0	15	-1	4	2
460	15	0	0	800	0	15	-1	4	2
461	15	0	0	800	0	15	-1	4	2
462	15	0	0	800	0	15	-1	4	2
463	15	0	0	800	0	15	-1	4	2
464	15	0	0	800	0	15	-1	4	2
465	15	0	0	800	0	15	-1	4	2
466	15	0	0	800	0	15	-1	4	2
467	15	0	0	800	0	15	-1	4	2
468	15	0	0	800	0	15	-1	4	2
469	15	0	0	800	0	15	-1	4	2
470	15	0	0	800	0	15	-1	4	2
471	15	0	0	800	0	15	-1	4	2
472	15	0	0	800	0	15	-1	4	2
473	15	0	0	800	0	15	-1	4	2
474	15	0	0	800	0	15	-1	4	2
475	15	0	0	800	0	15	-1	4	2
476	15	0	0	800	0	15	-1	4	2
477	15	0	0	800	0	15	-1	4	2
478	15	0	0	800	0	15	-1	4	2
479	15	0	0	800	0	15	-1	4	2
480	15	0	0	800	0	15	-1	4	2
481	15	0	0	800	0	15	-1	4	2
482	15	0	0	800	0	15	-1	4	2
483	15	0	0	800	0	15	-1	4	2
484	15	0	0	800	0	15	-1	4	2
485	15	0	0	800	0	15	-1	4	2
486	15	0	0	800	0	15	-1	4	2
487	15	0	0	800	0	15	-1	4	2
488	15	0	0	800	0	15	-1	4	2
489	15	0	0	800	0	15	-1	4	2
490	15	0	0	800	0	15	-1	4	2
491	15	0	0	800	0	15	-1	4	2
492	15	0	0	800	0	15	-1	4	2
493	15	0	0	800	0	15	-1	4	2
494	15	0	0	800	0	15	-1	4	2
495	15	0	0	800	0	15	-1	4	2
496	15	0	0	800	0	15	-1	4	2
497	15	0	0	800	0	15	-1	4	2
498	15	0	0	800	0	15	-1	4	2
499	15	0	0	800	0	15	-1	4	2
500	15	0	0	800	0	15	-1	4	2
501	15	0	0	800	0	15	-1	4	2
502	15	0	0	800	0	15	-1	4	2
503	15	0	0	800	0	15	-1	4	2
504	15	0	0	800	0	15	-1	4	2
505	15	0	0	800	0	15	-1	4	2
506	15	0	0	800	0	15	-1	4	2
507	15	0	0	800	0	15	-1	4	2
508	15	0	0	800	0	15	-1	4	2
509	15	0	0	800	0	15	-1	4	2
510	15	0	0	800	0	15	-1	4	2
511	15	0	0	800	0	15	-1	4	2
512	15	0	0	800	0	15	-1	4	2
513	15	0	0	800	0	15	-1	4	2
514	15	0	0	800	0	15	-1	4	2
515	15	0	0	800	0	15	-1	4	2
516	15	0	0	800	0	15	-1	4	2
517	15	0	0	800	0	15	-1	4	2
518	15	0	0	800	0	15	-1	4	2
519	15	0	0	800	0	15	-1	4	2
520	15	0	0	800	0	15	-1	4	2
521	15	0	0	800	0	15	-1	4	2
522	15	0	0	800	0	15	-1	4	2
523	15	0	0	800	0	15	-1	4	2
524	15	0	0	800	0	15	-1	4	2
525	15	0	0	800	0	15	-1	4	2
526	15	0	0	800	0	15	-1	4	2
527	15	0	0	800	0	15	-1	4	2
528	15	0	0	800	0	15	-1	4	2
529	15	0	0	800	0	15	-1	4	2
530	15	0	0	800	0	15	-1	4	2
531	15	0	0	800	0	15	-1	4	2
532	15	0	0	800	0	15	-1	4	2
533	15	0	0	800	0	15	-1	4	2
534	15	0	0	800	0	15	-1	4	2
535	15	0	0	800	0	15	-1	4	2
536	15	0	0	800	0	15	-1	4	2
537	15	0	0	800	0	15	-1	4	2
538	15	0	0	800	0	15	-1	4	2
539	15	0	0	800	0	15	-1	4	2
540	15	0	0	800	0	15	-1	4	2
541	15	0	0	800	0	15	-1	4	2
542	15	0	0	800	0	15	-1	4	2
543	15	0	0	800	0	15	-1	4	2
544	15	0	0	800	0	15	-1	4	2
545	15	0	0	800	0	15	-1	4	2
546	15	0	0	800	0	15	-1	4	2
547	15	0	0	800	0	15	-1	4	2
548	15	0	0	800	0	15	-1	4	2
549	15	0	0	800	0	15	-1	4	2
550	15	0	0	800	0	15	-1	4	2
551	15	0	0	800	0	15	-1	4	2
552	15	0	0	800	0	15	-1	4	2
553	15	0	0	800	0	15	-1	4	2
554	15	0	0	800	0	15	-1	4	2
555	15	0	0	800	0	15	-1	4	2
556	15	0	0	800	0	15	-1	4	2
557	15	0	0	800	0	15	-1	4	2
558	15	0	0	800	0	15	-1	4	2
559	15	0	0	800	0	15	-1	4	2
560	15	0	0	800	0	15	-1	4	2
561	15	0	0	800	0	15	-1	4	2
562	15	0	0	800	0	15	-1	4	2
563	15	0	0	800	0	15	-1	4	2
564	15	0	0	800	0	15	-1	4	2
565	15	0	0	800	0	15	-1	4	2
566	15	0	0	800	0	15	-1	4	2
567	15	0	0	800	0	15	-1	4	2
568	15	0	0	800	0	15	-1	4	2
569	15	0	0	800	0	15	-1	4	2
570	15	0	0	800	0	15	-1	4	2
571	15	0	0	800	0	15	-1	4	2
572	15	0	0	800	0	15	-1	4	2
573	15	0	0	800	0	15	-1	4	2
574	15	0	0	800	0	15	-1	4	2
575	15	0	0	800	0	15	-1	4	2
576	15	0	0	800	0	15	-1	4	2
577	15	0	0	800	0	15	-1	4	2
578	15	0	0	800	0	15	-1	4	2
579	15	0	0	800	0	15	-1	4	2
580	15	0	0	800	0	15	-1	4	2
581	15	0	0	800	0	15	-1	4	2
582	15	0	0	800	0	15	-1	4	2
583	15	0	0	800	0	15	-1	4	2
584	15	0	0	800	0	15	-1	4	2
585	15	0	0	800	0	15	-1	4	2
586	15	0	0	800	0	15	-1	4	2
587	15	0	0	800	0	15	-1	4	2
588	15	0	0	800	0	15	-1	4	2
589	15	0	0	800	0	15	-1	4	2
590	15	0	0	800	0	15	-1	4	2
591	15	0	0	800	0	15	-1	4	2
592	15	0	0	800	0	15	-1	4	2
593	15	0	0	800	0	15	-1	4	2
594	15	0	0	800	0	15	-1	4	2
595	15	0	0	800	0	15	-1	4	2
596	15	0	0	800	0	15	-1	4	2
597	15	0	0	800	0	15	-1	4	2
598	15	0	0	800	0	15	-1	4	2
599	15	0	0	800	0	15	-1	4	2
600	15	0	0	800	0	15	-1	4	2
601	15	0	0	800	0	15	-1	4	2
602	15	0	0	800	0	15	-1	4	2
603	15	0	0	800	0	15	-1	4	2
604	15	0	0	800	0	15	-1	4	2
605	15	0	0	800	0	15	-1	4	2
606	15	0	0	800	0	15	-1	4	2
607	15	0	0	800	0	15	-1	4	2
608	15	0	0	800	0	15	-1	4	2
609	15	0	0	800	0	15	-1	4	2
610	15	0	0	800	0	15	-1	4	2
611	15	0	0	800	0	15	-1	4	2
612	15	0	0	800	0	15	-1	4	2
613	15	0	0	800	0	15	-1	4	2
614	15	0	0	800	0	15	-1	4	2
615	15	0	0	800	0	15	-1	4	2
616	15	0	0	800	0	15	-1	4	2
617	15	0	0	800	0	15	-1	4	2
618	15	0	0	800	0	15	-1	4	2
619	15	0	0	800	0	15	-1	4	2
620	15	0	0	800	0	15	-1	4	2
621	15	0	0	800	0	15	-1	4	2
622	15	0	0	800	0	15	-1	4	2
623	15	0	0	800	0	15	-1	4	2
624	15	0	0	800	0	15	-1	4	2
625	15	0	0	800	0	15	-1	4	2
626	15	0	0	800	0	15	-1	4	2
627	15	0	0	800	0	15	-1	4	2
628	15	0	0	800	0	15	-1	4	2
629	15	0	0	800	0	15	-1	4	2
630	15	0	0	800	0	15	-1	4	2
631	15	0	0	800	0	15	-1	4	2
632	15	0	0	800	0	15	-1	4	2
633	15	0	0	800	0	15	-1	4	2
634	15	0	0	800	0	15	-1	4	2
635	15	0	0	800	0	15	-1	4	2
636	15	0	0	800	0	15	-1	4	2
637	15	0	0	800	0	15	-1	4	2
638	15	0	0	800	0	15	-1	4	2
639	15	0	0	800	0	15	-1	4	2
640	15	0	0	800	0	15	-1	4	2
641	15	0	0	800	0	15	-1	4	2
642	15	0	0	800	0	15	-1	4	2
643	15	0	0	800	0	15	-1	4	2
644	15	0	0	800	0	15	-1	4	2
645	15	0	0	800	0	15	-1	4	2
646	15	0	0	800	0	15	-1	4	2
647	15	0	0	800	0	15	-1	4	2
648	15	0	0	800	0	15	-1	4	2
649	15	0	0	800	0	15	-1	4	2
650	15	0	0	800	0	15	-1	4	2
651	15	0	0	800	0	15	-1	4	2
652	15	0	0	800	0	15	-1	4	2
653	15	0	0	800	0	15	-1	4	2
654	15	0	0	800	0	15	-1	4	2
655	15	0	0	800	0	15	-1	4	2
656	15	0	0	800	0	15	-1	4	2
657	15	0	0	800	0	15	-1	4	2
658	15	0	0	800	0	15	-1	4	2
659	15	0	0	800	0	15	-1	4	2
660	15	0	0	800	0	15	-1	4	2
661	15	0	0	800	0	15	-1	4	2
662	15	0	0	800	0	15	-1	4	2
663	15	0	0	800	0	15	-1	4	2
664	15	0	0	800	0	15	-1	4	2
665	15	0	0	800	0	15	-1	4	2
666	15	0	0	800	0	15	-1	4	2
667	15	0	0	800	0	15	-1	4	2
668	15	0	0	800	0	15	-1	4	2
669	15	0	0	800	0	15	-1	4	2
670	15	0	0	800	0	15	-1	4	2
671	15	0	0	800	0	15	-1	4	2
672	15	0	0	800	0	15	-1	4	2
673	15	0	0	800	0	15	-1	4	2
674	15	0	0	800	0	15	-1	4	2
675	15	0	0	800	0	15	-1	4	2
676	15	0	0	800	0	15	-1	4	2
677	15	0	0	800	0	15	-1	4	2
678	15	0	0	800	0	15	-1	4	2
679	15	0	0	800	0	15	-1	4	2
680	15	0	0	800	0	15	-1	4	2
681	15	0	0	800	0	15	-1	4	2
682	15	0	0	800	0	15	-1	4	2
683	15	0	0	800	0	15	-1	4	2
684	15	0	0	800	0	15	-1	4	2
685	15	0	0	800	0	15	-1	4	2
686	15	0	0	800	0	15	-1	4	2
687	15	0	0	800	0	15	-1	4	2
688	15	0	0	800	0	15	-1	4	2
689	15	0	0	800	0	15	-1	4	2
690	15	0	0	800	0	15	-1	4	2
691	15	0	0	800	0	15	-1	4	2
692	15	0	0	800	0	15	-1	4	2
693	15	0	0	800	0	15	-1	4	2
694	15	0	0	800	0	15	-1	4	2
695	15	0	0	800	0	15	-1	4	2
696	15	0	0	800	0	15	-1	4	2
697	15	0	0	800	0	15	-1	4	2
698	15	0	0	800	0	15	-1	4	2
699	15	0	0	800	0	15	-1	4	2
700	15	0	0	800	0	15	-1	4	2
701	15	0	0	800	0	15	-1	4	2
702	15	0	0	800	0	15	-1	4	2
703	15	0	0	800	0	15	-1	4	2
704	15	0	0	800	0	15	-1	4	2
705	15	0	0	800	0	15	-1	4	2
706	15	0	0	800	0	15	-1	4	2
707	15	0	0	800	0	15	-1	4	2
708	15	0	0	800	0	15	-1	4	2
709	15	0	0	800	0	15	-1	4	2
710	15	0	0	800	0	15	-1	4	2
711	15	0	0	800	0	15	-1	4	2
712	15	0	0	800	0	15	-1	4	2
713	15	0	0	800	0	15	-1	4	2
714	15	0	0	800	0	15	-1	4	2
715	15	0	0	800	0	15	-1	4	2
716	15	0	0	800	0	15	-1	4	2
717	15	0	0	800	0	15	-1	4	2
718	15	0	0	800	0	15	-1	4	2
719	15	0	0	800	0	15	-1	4	2
720	15	0	0	800	0	15	-1	4	2
721	15	0	0	800	0	15	-1	4	2
722	15	0	0	800	0	15	-1	4	2
723	15	0	0	800	0	15	-1	4	2
724	15	0	0	800	0	15	-1	4	2
725	15	0	0	800	0	15	-1	4	2
726	15	0	0	800	0	15	-1	4	2
727	15	0	0	800	0	15	-1	4	2
728	15	0	0	800	0	15	-1	4	2
729	15	0	0	800	0	15	-1	4	2
730	15	0	0	800	0	15	-1	4	2
731	15	0	0	800	0	15	-1	4	2
732	15	0	0	800	0	15	-1	4	2
733	15	0	0	800	0	15	-1	4	2
734	15	0	0	800	0	15	-1	4	2
735	15	0	0	800	0	15	-1	4	2
736	15	0	0	800	0	15	-1	4	2
737	15	0	0	800	0	15	-1	4	2
738	15	0	0	800	0	15	-1	4	2
739	15	0	0	800	0	15	-1	4	2
740	15	0	0	800	0	15	-1	4	2
741	15	0	0	800	0	15	-1	4	2
742	15	0	0	800	0	15	-1	4	2
743	15	0	0	800	0	15	-1	4	2
744	15	0	0	800	0	15	-1	4	2
745	15	0	0	800	0	15	-1	4	2
746	15	0	0	800	0	15	-1	4	2
747	15	0	0	800	0	15	-1	4	2
748	15	0	0	800	0	15	-1	4	2
749	15	0	0	800	0	15	-1	4	2
750	15	0	0	800	0	15	-1	4	2
751	15	0	0	800	0	15	-1	4	2
752	15	0	0	800	0	15	-1	4	2
753	15	0	0	800	0	15	-1	4	2
754	15	0	0	800	0	15	-1	4	2
755	15	0	0	800	0	15	-1	4	2
756	15	0	0	800	0	15	-1	4	2
757	15	0	0	800	0	15	-1	4	2
758	15	0	0	800	0	15	-1	4	2
759	15	0	0	800	0	15	-1	4	2
760	15	0	0	800	0	15	-1	4	2
761	15	0	0	800	0	15	-1	4	2
762	15	0	0	800	0	15	-1	4	2
763	15	0	0	800	0	15	-1	4	2
764	15	0	0	800	0	15	-1	4	2
765	15	0	0	800	0	15	-1	4	2
766	15	0	0	800	0	15	-1	4	2
767	15	0	0	800	0	15	-1	4	2
768	15	0	0	800	0	15	-1	4	2
769	15	0	0	800	0	15	-1	4	2
770	15	0	0	800	0	15	-1	4	2
771	15	0	0	800	0	15	-1	4	2
772	15	0	0	800	0	15	-1	4	2
773	15	0	0	800	0	15	-1	4	2
774	15	0	0	800	0	15	-1	4	2
775	15	0	0	800	0	15	-1	4	2
776	15	0	0	800	0	15	-1	4	2
777	15	0	0	800	0	15	-1	4	2
778	15	0	0	800	0	15	-1	4	2
779	15	0	0	800	0	15	-1	4	2
780	15	0	0	800	0	15	-1	4	2
781	15	0	0	800	0	15	-1	4	2
782	15	0	0	800	0	15	-1	4	2
783	15	0	0	800	0	15	-1	4	2
784	15	0	0	800	0	15	-1	4	2
785	15	0	0	800	0	15	-1	4	2
786	15	0	0	800	0	15	-1	4	2
787	15	0	0	800	0	15	-1	4	2
788	15	0	0	800	0	15	-1	4	2
789	15	0	0	800	0	15	-1	4	2
790	15	0	0	800	0	15	-1	4	2
791	15	0	0	800	0	15	-1	4	2
792	15	0	0	800	0	15	-1	4	2
793	15	0	0	800	0	15	-1	4	2
794	15	0	0	800	0	15	-1	4	2
795	15	0	0	800	0	15	-1	4	2
796	15	0	0	800	0	15	-1	4	2
797	15	0	0	800	0	15	-1	4	2
798	15	0	0	800	0	15	-1	4	2
799	15	0	0	800	0	15	-1	4	2
800	15	0	0	800	0	15	-1	4	2
801	15	0	0	800	0	15	-1	4	2
802	15	0	0	800	0	15	-1	4	2
803	15	0	0	800	0	15	-1	4	2
804	15	0	0	800	0	15	-1	4	2
805	15	0	0	800	0	15	-1	4	2
806	15	0	0	800	0	15	-1	4	2
807	15	0	0	800	0	15	-1	4	2
808	15	0	0	800	0	15	-1	4	2
809	15	0	0	800	0	15	-1	4	2
810	15	0	0	800	0	15	-1	4	2
811	15	0	0	800	0	15	-1	4	2
812	15	0	0	800	0	15	-1	4	2
813	15	0	0	800	0	15	-1	4	2
814	15	0	0	800	0	15	-1	4	2
815	15	0	0	800	0	15	-1	4	2
816	15	0	0	800	0	15	-1	4	2
817	15	0	0	800	0	15	-1	4	2
818	15	0	0	800	0	15	-1	4	2
819	15	0	0	800	0	15	-1	4	2
820	15	0	0	800	0	15	-1	4	2
821	15	0	0	800	0	15	-1	4	2
822	15	0	0	800	0	15	-1	4	2
823	15	0	0	800	0	15	-1	4	2
824	15	0	0	800	0	15	-1	4	2
825	15	0	0	800	0	15	-1	4	2
826	15	0	0	800	0	15	-1	4	2
827	15	0	0	800	0	15	-1	4	2
828	15	0	0	800	0	15	-1	4	2
829	15	0	0	800	0	15	-1	4	2
830	15	0	0	800	0	15	-1	4	2
831	15	0	0	800	0	15	-1	4	2
832	15	1	1	800	832	15	15	4	2
833	15	1	1	800	832	15	15	4	2
834	15	1	1	800	832	15	15	4	2
835	15	1	1	800	832	15	15	4	2
836	15	1	1	800	832	15	15	4	2
837	15	1	1	800	832	15	15	4	2
838	15	1	1	800	832	15	15	4	2
839	15	1	1	800	832	15	15	4	2
840	15	1	1	800	832	15	15	4	2
841	15	1	1	800	832	15	15	4	2
842	15	1	1	800	832	15	15	4	2
843	15	1	1	800	832	15	15	4	2
844	15	1	1	800	832	15	15	4	2
845	15	1	1	800	832	15	15	4	2
846	15	1	1	800	832	15	15	4	2
847	15	1	1	800	832	15	15	4	2
848	15	1	1	800	832	15	15	4	2
849	15	1	1	800	832	15	15	4	2
850	15	1	1	800	832	15	15	4	2
851	15	1	1	800	832	15	15	4	2
852	15	1	1	800	832	15	15	4	2
853	15	1	1	800	832	15	15	4	2
854	15	1	1	800	832	15	15	4	2
855	15	1	1	800	832	15	15	4	2
856	15	1	1	800	832	15	15	4	2
857	15	1	1	800	832	15	15	4	2
858	15	1	1	800	832	15	15	4	2
859	15	1	1	800	832	15	15	4	2
860	15	1	1	800	832	15	15	4	2
