1	5	0	0	800	0	5	-1	-6	5
2	5	0	0	800	0	5	-1	-6	5
3	5	0	0	800	0	5	-1	-6	5
4	5	0	0	800	0	5	-1	-6	5
5	5	0	0	800	0	5	-1	-6	5
6	5	0	0	800	0	5	-1	-6	5
7	5	0	0	800	0	5	-1	-6	5
8	5	0	0	800	0	5	-1	-6	5
9	5	0	0	800	0	5	-1	-6	5
10	5	0	0	800	0	5	-1	-6	5
11	5	0	0	800	0	5	-1	-6	5
12	5	0	0	800	0	5	-1	-6	5
13	5	0	0	800	0	5	-1	-6	5
14	5	0	0	800	0	5	-1	-6	5
15	5	0	0	800	0	5	-1	-6	5
16	5	0	0	800	0	5	-1	-6	5
17	5	0	0	800	0	5	-1	-6	5
18	5	0	0	800	0	5	-1	-6	5
19	5	0	0	800	0	5	-1	-6	5
20	5	0	0	800	0	5	-1	-6	5
21	5	0	0	800	0	5	-1	-6	5
22	5	0	0	800	0	5	-1	-6	5
23	5	0	0	800	0	5	-1	-6	5
24	5	0	0	800	0	5	-1	-6	5
25	5	0	0	800	0	5	-1	-6	5
26	5	0	0	800	0	5	-1	-6	5
27	5	0	0	800	0	5	-1	-6	5
28	5	0	0	800	0	5	-1	-6	5
29	5	0	0	800	0	5	-1	-6	5
30	5	0	0	800	0	5	-1	-6	5
31	5	0	0	800	0	5	-1	-6	5
32	5	0	0	800	0	5	-1	-6	5
33	5	0	0	800	0	5	-1	-6	5
34	5	0	0	800	0	5	-1	-6	5
35	5	0	0	800	0	5	-1	-6	5
36	5	0	0	800	0	5	-1	-6	5
37	5	0	0	800	0	5	-1	-6	5
38	5	0	0	800	0	5	-1	-6	5
39	5	0	0	800	0	5	-1	-6	5
40	5	0	0	800	0	5	-1	-6	5
41	5	0	0	800	0	5	-1	-6	5
42	5	0	0	800	0	5	-1	-6	5
43	5	0	0	800	0	5	-1	-6	5
44	5	0	0	800	0	5	-1	-6	5
45	5	0	0	800	0	5	-1	-6	5
46	5	0	0	800	0	5	-1	-6	5
47	5	0	0	800	0	5	-1	-6	5
48	5	0	0	800	0	5	-1	-6	5
49	5	0	0	800	0	5	-1	-6	5
50	5	0	0	800	0	5	-1	-6	5
51	5	0	0	800	0	5	-1	-6	5
52	5	0	0	800	0	5	-1	-6	5
53	5	0	0	800	0	5	-1	-6	5
54	5	0	0	800	0	5	-1	-6	5
55	5	0	0	800	0	5	-1	-6	5
56	5	0	0	800	0	5	-1	-6	5
57	5	0	0	800	0	5	-1	-6	5
58	5	0	0	800	0	5	-1	-6	5
59	5	0	0	800	0	5	-1	-6	5
60	5	0	0	800	0	5	-1	-6	5
61	5	0	0	800	0	5	-1	-6	5
62	5	0	0	800	0	5	-1	-6	5
63	5	0	0	800	0	5	-1	-6	5
64	5	0	0	800	0	5	-1	-6	5
65	5	0	0	800	0	5	-1	-6	5
66	5	0	0	800	0	5	-1	-6	5
67	5	0	0	800	0	5	-1	-6	5
68	5	0	0	800	0	5	-1	-6	5
69	5	0	0	800	0	5	-1	-6	5
70	5	0	0	800	0	5	-1	-6	5
71	5	0	0	800	0	5	-1	-6	5
72	5	0	0	800	0	5	-1	-6	5
73	5	0	0	800	0	5	-1	-6	5
74	5	0	0	800	0	5	-1	-6	5
75	5	0	0	800	0	5	-1	-6	5
76	5	0	0	800	0	5	-1	-6	5
77	5	0	0	800	0	5	-1	-6	5
78	5	0	0	800	0	5	-1	-6	5
79	5	0	0	800	0	5	-1	-6	5
80	5	0	0	800	0	5	-1	-6	5
81	5	0	0	800	0	5	-1	-6	5
82	5	0	0	800	0	5	-1	-6	5
83	5	0	0	800	0	5	-1	-6	5
84	5	0	0	800	0	5	-1	-6	5
85	5	0	0	800	0	5	-1	-6	5
86	5	0	0	800	0	5	-1	-6	5
87	5	0	0	800	0	5	-1	-6	5
88	5	0	0	800	0	5	-1	-6	5
89	5	0	0	800	0	5	-1	-6	5
90	5	0	0	800	0	5	-1	-6	5
91	5	0	0	800	0	5	-1	-6	5
92	5	0	0	800	0	5	-1	-6	5
93	5	0	0	800	0	5	-1	-6	5
94	5	0	0	800	0	5	-1	-6	5
95	5	0	0	800	0	5	-1	-6	5
96	5	0	0	800	0	5	-1	-6	5
97	5	0	0	800	0	5	-1	-6	5
98	5	0	0	800	0	5	-1	-6	5
99	5	0	0	800	0	5	-1	-6	5
100	5	0	0	800	0	5	-1	-6	5
101	5	0	0	800	0	5	-1	-6	5
102	5	0	0	800	0	5	-1	-6	5
103	5	0	0	800	0	5	-1	-6	5
104	5	0	0	800	0	5	-1	-6	5
105	5	0	0	800	0	5	-1	-6	5
106	5	0	0	800	0	5	-1	-6	5
107	5	0	0	800	0	5	-1	-6	5
108	5	0	0	800	0	5	-1	-6	5
109	5	0	0	800	0	5	-1	-6	5
110	5	0	0	800	0	5	-1	-6	5
111	5	0	0	800	0	5	-1	-6	5
112	5	0	0	800	0	5	-1	-6	5
113	5	0	0	800	0	5	-1	-6	5
114	5	0	0	800	0	5	-1	-6	5
115	5	0	0	800	0	5	-1	-6	5
116	5	0	0	800	0	5	-1	-6	5
117	5	0	0	800	0	5	-1	-6	5
118	5	0	0	800	0	5	-1	-6	5
119	5	0	0	800	0	5	-1	-6	5
120	5	0	0	800	0	5	-1	-6	5
121	5	0	0	800	0	5	-1	-6	5
122	5	0	0	800	0	5	-1	-6	5
123	5	0	0	800	0	5	-1	-6	5
124	5	0	0	800	0	5	-1	-6	5
125	5	0	0	800	0	5	-1	-6	5
126	5	0	0	800	0	5	-1	-6	5
127	5	0	0	800	0	5	-1	-6	5
128	5	0	0	800	0	5	-1	-6	5
129	5	0	0	800	0	5	-1	-6	5
130	5	0	0	800	0	5	-1	-6	5
131	5	0	0	800	0	5	-1	-6	5
132	5	0	0	800	0	5	-1	-6	5
133	5	0	0	800	0	5	-1	-6	5
134	5	0	0	800	0	5	-1	-6	5
135	5	0	0	800	0	5	-1	-6	5
136	5	0	0	800	0	5	-1	-6	5
137	5	0	0	800	0	5	-1	-6	5
138	5	0	0	800	0	5	-1	-6	5
139	5	0	0	800	0	5	-1	-6	5
140	5	0	0	800	0	5	-1	-6	5
141	5	0	0	800	0	5	-1	-6	5
142	5	0	0	800	0	5	-1	-6	5
143	5	0	0	800	0	5	-1	-6	5
144	5	0	0	800	0	5	-1	-6	5
145	5	0	0	800	0	5	-1	-6	5
146	5	0	0	800	0	5	-1	-6	5
147	5	0	0	800	0	5	-1	-6	5
148	5	0	0	800	0	5	-1	-6	5
149	5	0	0	800	0	5	-1	-6	5
150	5	0	0	800	0	5	-1	-6	5
151	5	0	0	800	0	5	-1	-6	5
152	5	0	0	800	0	5	-1	-6	5
153	5	0	0	800	0	5	-1	-6	5
154	5	0	0	800	0	5	-1	-6	5
155	5	0	0	800	0	5	-1	-6	5
156	5	0	0	800	0	5	-1	-6	5
157	5	0	0	800	0	5	-1	-6	5
158	5	0	0	800	0	5	-1	-6	5
159	5	0	0	800	0	5	-1	-6	5
160	5	0	0	800	0	5	-1	-6	5
161	5	0	0	800	0	5	-1	-6	5
162	5	0	0	800	0	5	-1	-6	5
163	5	0	0	800	0	5	-1	-6	5
164	5	0	0	800	0	5	-1	-6	5
165	5	0	0	800	0	5	-1	-6	5
166	5	0	0	800	0	5	-1	-6	5
167	5	0	0	800	0	5	-1	-6	5
168	5	0	0	800	0	5	-1	-6	5
169	5	0	0	800	0	5	-1	-6	5
170	5	0	0	800	0	5	-1	-6	5
171	5	0	0	800	0	5	-1	-6	5
172	5	0	0	800	0	5	-1	-6	5
173	5	0	0	800	0	5	-1	-6	5
174	5	0	0	800	0	5	-1	-6	5
175	5	0	0	800	0	5	-1	-6	5
176	5	0	0	800	0	5	-1	-6	5
177	5	0	0	800	0	5	-1	-6	5
178	5	0	0	800	0	5	-1	-6	5
179	5	0	0	800	0	5	-1	-6	5
180	5	0	0	800	0	5	-1	-6	5
181	5	0	0	800	0	5	-1	-6	5
182	5	0	0	800	0	5	-1	-6	5
183	5	0	0	800	0	5	-1	-6	5
184	5	0	0	800	0	5	-1	-6	5
185	5	0	0	800	0	5	-1	-6	5
186	5	0	0	800	0	5	-1	-6	5
187	5	0	0	800	0	5	-1	-6	5
188	5	0	0	800	0	5	-1	-6	5
189	5	0	0	800	0	5	-1	-6	5
190	5	0	0	800	0	5	-1	-6	5
191	5	0	0	800	0	5	-1	-6	5
192	5	0	0	800	0	5	-1	-6	5
193	5	0	0	800	0	5	-1	-6	5
194	5	0	0	800	0	5	-1	-6	5
195	5	0	0	800	0	5	-1	-6	5
196	5	0	0	800	0	5	-1	-6	5
197	5	0	0	800	0	5	-1	-6	5
198	5	0	0	800	0	5	-1	-6	5
199	5	0	0	800	0	5	-1	-6	5
200	5	0	0	800	0	5	-1	-6	5
201	5	0	0	800	0	5	-1	-6	5
202	5	0	0	800	0	5	-1	-6	5
203	5	0	0	800	0	5	-1	-6	5
204	5	0	0	800	0	5	-1	-6	5
205	5	0	0	800	0	5	-1	-6	5
206	5	0	0	800	0	5	-1	-6	5
207	5	0	0	800	0	5	-1	-6	5
208	5	0	0	800	0	5	-1	-6	5
209	5	0	0	800	0	5	-1	-6	5
210	5	0	0	800	0	5	-1	-6	5
211	5	0	0	800	0	5	-1	-6	5
212	5	0	0	800	0	5	-1	-6	5
213	5	0	0	800	0	5	-1	-6	5
214	5	0	0	800	0	5	-1	-6	5
215	5	0	0	800	0	5	-1	-6	5
216	5	0	0	800	0	5	-1	-6	5
217	5	0	0	800	0	5	-1	-6	5
218	5	0	0	800	0	5	-1	-6	5
219	5	0	0	800	0	5	-1	-6	5
220	5	0	0	800	0	5	-1	-6	5
221	5	0	0	800	0	5	-1	-6	5
222	5	0	0	800	0	5	-1	-6	5
223	5	0	0	800	0	5	-1	-6	5
224	5	0	0	800	0	5	-1	-6	5
225	5	0	0	800	0	5	-1	-6	5
226	5	0	0	800	0	5	-1	-6	5
227	5	0	0	800	0	5	-1	-6	5
228	5	0	0	800	0	5	-1	-6	5
229	5	0	0	800	0	5	-1	-6	5
230	5	0	0	800	0	5	-1	-6	5
231	5	0	0	800	0	5	-1	-6	5
232	5	0	0	800	0	5	-1	-6	5
233	5	0	0	800	0	5	-1	-6	5
234	5	0	0	800	0	5	-1	-6	5
235	5	0	0	800	0	5	-1	-6	5
236	5	0	0	800	0	5	-1	-6	5
237	5	0	0	800	0	5	-1	-6	5
238	5	0	0	800	0	5	-1	-6	5
239	5	0	0	800	0	5	-1	-6	5
240	5	0	0	800	0	5	-1	-6	5
241	5	0	0	800	0	5	-1	-6	5
242	5	0	0	800	0	5	-1	-6	5
243	5	0	0	800	0	5	-1	-6	5
244	5	0	0	800	0	5	-1	-6	5
245	5	0	0	800	0	5	-1	-6	5
246	5	0	0	800	0	5	-1	-6	5
247	5	0	0	800	0	5	-1	-6	5
248	5	0	0	800	0	5	-1	-6	5
249	5	0	0	800	0	5	-1	-6	5
250	5	0	0	800	0	5	-1	-6	5
251	5	0	0	800	0	5	-1	-6	5
252	5	0	0	800	0	5	-1	-6	5
253	5	0	0	800	0	5	-1	-6	5
254	5	0	0	800	0	5	-1	-6	5
255	5	0	0	800	0	5	-1	-6	5
256	5	0	0	800	0	5	-1	-6	5
257	5	0	0	800	0	5	-1	-6	5
258	5	0	0	800	0	5	-1	-6	5
259	5	0	0	800	0	5	-1	-6	5
260	5	0	0	800	0	5	-1	-6	5
261	5	0	0	800	0	5	-1	-6	5
262	5	0	0	800	0	5	-1	-6	5
263	5	0	0	800	0	5	-1	-6	5
264	5	0	0	800	0	5	-1	-6	5
265	5	0	0	800	0	5	-1	-6	5
266	5	0	0	800	0	5	-1	-6	5
267	5	0	0	800	0	5	-1	-6	5
268	5	0	0	800	0	5	-1	-6	5
269	5	0	0	800	0	5	-1	-6	5
270	5	0	0	800	0	5	-1	-6	5
271	5	0	0	800	0	5	-1	-6	5
272	5	0	0	800	0	5	-1	-6	5
273	5	0	0	800	0	5	-1	-6	5
274	5	0	0	800	0	5	-1	-6	5
275	5	0	0	800	0	5	-1	-6	5
276	5	0	0	800	0	5	-1	-6	5
277	5	0	0	800	0	5	-1	-6	5
278	5	0	0	800	0	5	-1	-6	5
279	5	0	0	800	0	5	-1	-6	5
280	5	0	0	800	0	5	-1	-6	5
281	5	0	0	800	0	5	-1	-6	5
282	5	0	0	800	0	5	-1	-6	5
283	5	0	0	800	0	5	-1	-6	5
284	5	0	0	800	0	5	-1	-6	5
285	5	0	0	800	0	5	-1	-6	5
286	5	0	0	800	0	5	-1	-6	5
287	5	0	0	800	0	5	-1	-6	5
288	5	0	0	800	0	5	-1	-6	5
289	5	0	0	800	0	5	-1	-6	5
290	5	0	0	800	0	5	-1	-6	5
291	5	0	0	800	0	5	-1	-6	5
292	5	0	0	800	0	5	-1	-6	5
293	5	0	0	800	0	5	-1	-6	5
294	5	0	0	800	0	5	-1	-6	5
295	5	0	0	800	0	5	-1	-6	5
296	5	0	0	800	0	5	-1	-6	5
297	5	0	0	800	0	5	-1	-6	5
298	5	0	0	800	0	5	-1	-6	5
299	5	0	0	800	0	5	-1	-6	5
300	5	0	0	800	0	5	-1	-6	5
301	5	0	0	800	0	5	-1	-6	5
302	5	0	0	800	0	5	-1	-6	5
303	5	0	0	800	0	5	-1	-6	5
304	5	0	0	800	0	5	-1	-6	5
305	5	0	0	800	0	5	-1	-6	5
306	5	0	0	800	0	5	-1	-6	5
307	5	0	0	800	0	5	-1	-6	5
308	5	0	0	800	0	5	-1	-6	5
309	5	0	0	800	0	5	-1	-6	5
310	5	0	0	800	0	5	-1	-6	5
311	5	0	0	800	0	5	-1	-6	5
312	5	0	0	800	0	5	-1	-6	5
313	5	0	0	800	0	5	-1	-6	5
314	5	0	0	800	0	5	-1	-6	5
315	5	0	0	800	0	5	-1	-6	5
316	5	0	0	800	0	5	-1	-6	5
317	5	0	0	800	0	5	-1	-6	5
318	5	0	0	800	0	5	-1	-6	5
319	5	0	0	800	0	5	-1	-6	5
320	5	0	0	800	0	5	-1	-6	5
321	5	0	0	800	0	5	-1	-6	5
322	5	0	0	800	0	5	-1	-6	5
323	5	0	0	800	0	5	-1	-6	5
324	5	0	0	800	0	5	-1	-6	5
325	5	0	0	800	0	5	-1	-6	5
326	5	0	0	800	0	5	-1	-6	5
327	5	0	0	800	0	5	-1	-6	5
328	5	0	0	800	0	5	-1	-6	5
329	5	0	0	800	0	5	-1	-6	5
330	5	0	0	800	0	5	-1	-6	5
331	5	0	0	800	0	5	-1	-6	5
332	5	0	0	800	0	5	-1	-6	5
333	5	0	0	800	0	5	-1	-6	5
334	5	0	0	800	0	5	-1	-6	5
335	5	0	0	800	0	5	-1	-6	5
336	5	0	0	800	0	5	-1	-6	5
337	5	0	0	800	0	5	-1	-6	5
338	5	0	0	800	0	5	-1	-6	5
339	5	0	0	800	0	5	-1	-6	5
340	5	0	0	800	0	5	-1	-6	5
341	5	0	0	800	0	5	-1	-6	5
342	5	0	0	800	0	5	-1	-6	5
343	5	0	0	800	0	5	-1	-6	5
344	5	0	0	800	0	5	-1	-6	5
345	5	0	0	800	0	5	-1	-6	5
346	5	0	0	800	0	5	-1	-6	5
347	5	0	0	800	0	5	-1	-6	5
348	5	0	0	800	0	5	-1	-6	5
349	5	0	0	800	0	5	-1	-6	5
350	5	0	0	800	0	5	-1	-6	5
351	5	0	0	800	0	5	-1	-6	5
352	5	0	0	800	0	5	-1	-6	5
353	5	0	0	800	0	5	-1	-6	5
354	5	0	0	800	0	5	-1	-6	5
355	5	0	0	800	0	5	-1	-6	5
356	5	0	0	800	0	5	-1	-6	5
357	5	0	0	800	0	5	-1	-6	5
358	5	0	0	800	0	5	-1	-6	5
359	5	0	0	800	0	5	-1	-6	5
360	5	0	0	800	0	5	-1	-6	5
361	5	0	0	800	0	5	-1	-6	5
362	5	0	0	800	0	5	-1	-6	5
363	5	0	0	800	0	5	-1	-6	5
364	5	0	0	800	0	5	-1	-6	5
365	5	0	0	800	0	5	-1	-6	5
366	5	0	0	800	0	5	-1	-6	5
367	5	0	0	800	0	5	-1	-6	5
368	5	0	0	800	0	5	-1	-6	5
369	5	0	0	800	0	5	-1	-6	5
370	5	0	0	800	0	5	-1	-6	5
371	5	0	0	800	0	5	-1	-6	5
372	5	0	0	800	0	5	-1	-6	5
373	5	0	0	800	0	5	-1	-6	5
374	5	0	0	800	0	5	-1	-6	5
375	5	0	0	800	0	5	-1	-6	5
376	5	0	0	800	0	5	-1	-6	5
377	5	0	0	800	0	5	-1	-6	5
378	5	0	0	800	0	5	-1	-6	5
379	5	0	0	800	0	5	-1	-6	5
380	5	0	0	800	0	5	-1	-6	5
381	5	0	0	800	0	5	-1	-6	5
382	5	0	0	800	0	5	-1	-6	5
383	5	0	0	800	0	5	-1	-6	5
384	5	0	0	800	0	5	-1	-6	5
385	5	0	0	800	0	5	-1	-6	5
386	5	0	0	800	0	5	-1	-6	5
387	5	0	0	800	0	5	-1	-6	5
388	5	0	0	800	0	5	-1	-6	5
389	5	0	0	800	0	5	-1	-6	5
390	5	0	0	800	0	5	-1	-6	5
391	5	0	0	800	0	5	-1	-6	5
392	5	0	0	800	0	5	-1	-6	5
393	5	0	0	800	0	5	-1	-6	5
394	5	0	0	800	0	5	-1	-6	5
395	5	0	0	800	0	5	-1	-6	5
396	5	0	0	800	0	5	-1	-6	5
397	5	0	0	800	0	5	-1	-6	5
398	5	0	0	800	0	5	-1	-6	5
399	5	0	0	800	0	5	-1	-6	5
400	5	0	0	800	0	5	-1	-6	5
401	5	0	0	800	0	5	-1	-6	5
402	5	0	0	800	0	5	-1	-6	5
403	5	0	0	800	0	5	-1	-6	5
404	5	0	0	800	0	5	-1	-6	5
405	5	0	0	800	0	5	-1	-6	5
406	5	0	0	800	0	5	-1	-6	5
407	5	0	0	800	0	5	-1	-6	5
408	5	0	0	800	0	5	-1	-6	5
409	5	0	0	800	0	5	-1	-6	5
410	5	0	0	800	0	5	-1	-6	5
411	5	0	0	800	0	5	-1	-6	5
412	5	0	0	800	0	5	-1	-6	5
413	5	0	0	800	0	5	-1	-6	5
414	5	0	0	800	0	5	-1	-6	5
415	5	0	0	800	0	5	-1	-6	5
416	5	0	0	800	0	5	-1	-6	5
417	5	0	0	800	0	5	-1	-6	5
418	5	0	0	800	0	5	-1	-6	5
419	5	0	0	800	0	5	-1	-6	5
420	5	0	0	800	0	5	-1	-6	5
421	5	0	0	800	0	5	-1	-6	5
422	5	0	0	800	0	5	-1	-6	5
423	5	0	0	800	0	5	-1	-6	5
424	5	0	0	800	0	5	-1	-6	5
425	5	0	0	800	0	5	-1	-6	5
426	5	0	0	800	0	5	-1	-6	5
427	5	0	0	800	0	5	-1	-6	5
428	5	0	0	800	0	5	-1	-6	5
429	5	0	0	800	0	5	-1	-6	5
430	5	0	0	800	0	5	-1	-6	5
431	5	0	0	800	0	5	-1	-6	5
432	5	0	0	800	0	5	-1	-6	5
433	5	0	0	800	0	5	-1	-6	5
434	5	0	0	800	0	5	-1	-6	5
435	5	0	0	800	0	5	-1	-6	5
436	5	0	0	800	0	5	-1	-6	5
437	5	0	0	800	0	5	-1	-6	5
438	5	0	0	800	0	5	-1	-6	5
439	5	0	0	800	0	5	-1	-6	5
440	5	0	0	800	0	5	-1	-6	5
441	5	0	0	800	0	5	-1	-6	5
442	5	0	0	800	0	5	-1	-6	5
443	5	0	0	800	0	5	-1	-6	5
444	5	0	0	800	0	5	-1	-6	5
445	5	0	0	800	0	5	-1	-6	5
446	5	0	0	800	0	5	-1	-6	5
447	5	0	0	800	0	5	-1	-6	5
448	5	0	0	800	0	5	-1	-6	5
449	5	0	0	800	0	5	-1	-6	5
450	5	0	0	800	0	5	-1	-6	5
451	5	0	0	800	0	5	-1	-6	5
452	5	0	0	800	0	5	-1	-6	5
453	5	0	0	800	0	5	-1	-6	5
454	5	0	0	800	0	5	-1	-6	5
455	5	0	0	800	0	5	-1	-6	5
456	5	0	0	800	0	5	-1	-6	5
457	5	0	0	800	0	5	-1	-6	5
458	5	0	0	800	0	5	-1	-6	5
459	5	0	0	800	0	5	-1	-6	5
460	5	0	0	800	0	5	-1	-6	5
461	5	0	0	800	0	5	-1	-6	5
462	5	0	0	800	0	5	-1	-6	5
463	5	0	0	800	0	5	-1	-6	5
464	5	0	0	800	0	5	-1	-6	5
465	5	0	0	800	0	5	-1	-6	5
466	5	0	0	800	0	5	-1	-6	5
467	5	0	0	800	0	5	-1	-6	5
468	5	0	0	800	0	5	-1	-6	5
469	5	0	0	800	0	5	-1	-6	5
470	5	0	0	800	0	5	-1	-6	5
471	5	0	0	800	0	5	-1	-6	5
472	5	0	0	800	0	5	-1	-6	5
473	5	0	0	800	0	5	-1	-6	5
474	5	0	0	800	0	5	-1	-6	5
475	5	0	0	800	0	5	-1	-6	5
476	5	0	0	800	0	5	-1	-6	5
477	5	0	0	800	0	5	-1	-6	5
478	5	0	0	800	0	5	-1	-6	5
479	5	0	0	800	0	5	-1	-6	5
480	5	0	0	800	0	5	-1	-6	5
481	5	0	0	800	0	5	-1	-6	5
482	5	0	0	800	0	5	-1	-6	5
483	5	0	0	800	0	5	-1	-6	5
484	5	0	0	800	0	5	-1	-6	5
485	5	0	0	800	0	5	-1	-6	5
486	5	0	0	800	0	5	-1	-6	5
487	5	0	0	800	0	5	-1	-6	5
488	5	0	0	800	0	5	-1	-6	5
489	5	0	0	800	0	5	-1	-6	5
490	5	0	0	800	0	5	-1	-6	5
491	5	0	0	800	0	5	-1	-6	5
492	5	0	0	800	0	5	-1	-6	5
493	5	0	0	800	0	5	-1	-6	5
494	5	0	0	800	0	5	-1	-6	5
495	5	0	0	800	0	5	-1	-6	5
496	5	0	0	800	0	5	-1	-6	5
497	5	0	0	800	0	5	-1	-6	5
498	5	0	0	800	0	5	-1	-6	5
499	5	0	0	800	0	5	-1	-6	5
500	5	0	0	800	0	5	-1	-6	5
501	5	0	0	800	0	5	-1	-6	5
502	5	0	0	800	0	5	-1	-6	5
503	5	0	0	800	0	5	-1	-6	5
504	5	0	0	800	0	5	-1	-6	5
505	5	0	0	800	0	5	-1	-6	5
506	5	0	0	800	0	5	-1	-6	5
507	5	0	0	800	0	5	-1	-6	5
508	5	0	0	800	0	5	-1	-6	5
509	5	0	0	800	0	5	-1	-6	5
510	5	0	0	800	0	5	-1	-6	5
511	5	0	0	800	0	5	-1	-6	5
512	5	0	0	800	0	5	-1	-6	5
513	5	0	0	800	0	5	-1	-6	5
514	5	0	0	800	0	5	-1	-6	5
515	5	0	0	800	0	5	-1	-6	5
516	5	0	0	800	0	5	-1	-6	5
517	5	0	0	800	0	5	-1	-6	5
518	5	0	0	800	0	5	-1	-6	5
519	5	0	0	800	0	5	-1	-6	5
520	5	0	0	800	0	5	-1	-6	5
521	5	0	0	800	0	5	-1	-6	5
522	5	0	0	800	0	5	-1	-6	5
523	5	0	0	800	0	5	-1	-6	5
524	5	0	0	800	0	5	-1	-6	5
525	5	0	0	800	0	5	-1	-6	5
526	5	0	0	800	0	5	-1	-6	5
527	5	0	0	800	0	5	-1	-6	5
528	5	0	0	800	0	5	-1	-6	5
529	5	0	0	800	0	5	-1	-6	5
530	5	0	0	800	0	5	-1	-6	5
531	5	0	0	800	0	5	-1	-6	5
532	5	0	0	800	0	5	-1	-6	5
533	5	0	0	800	0	5	-1	-6	5
534	5	0	0	800	0	5	-1	-6	5
535	5	0	0	800	0	5	-1	-6	5
536	5	0	0	800	0	5	-1	-6	5
537	5	0	0	800	0	5	-1	-6	5
538	5	0	0	800	0	5	-1	-6	5
539	5	0	0	800	0	5	-1	-6	5
540	5	0	0	800	0	5	-1	-6	5
541	5	0	0	800	0	5	-1	-6	5
542	5	0	0	800	0	5	-1	-6	5
543	5	0	0	800	0	5	-1	-6	5
544	5	0	0	800	0	5	-1	-6	5
545	5	0	0	800	0	5	-1	-6	5
546	5	0	0	800	0	5	-1	-6	5
547	5	0	0	800	0	5	-1	-6	5
548	5	0	0	800	0	5	-1	-6	5
549	5	0	0	800	0	5	-1	-6	5
550	5	0	0	800	0	5	-1	-6	5
551	5	0	0	800	0	5	-1	-6	5
552	5	0	0	800	0	5	-1	-6	5
553	5	0	0	800	0	5	-1	-6	5
554	5	0	0	800	0	5	-1	-6	5
555	5	0	0	800	0	5	-1	-6	5
556	5	0	0	800	0	5	-1	-6	5
557	5	0	0	800	0	5	-1	-6	5
558	5	0	0	800	0	5	-1	-6	5
559	5	0	0	800	0	5	-1	-6	5
560	5	0	0	800	0	5	-1	-6	5
561	5	0	0	800	0	5	-1	-6	5
562	5	0	0	800	0	5	-1	-6	5
563	5	0	0	800	0	5	-1	-6	5
564	5	0	0	800	0	5	-1	-6	5
565	5	0	0	800	0	5	-1	-6	5
566	5	0	0	800	0	5	-1	-6	5
567	5	0	0	800	0	5	-1	-6	5
568	5	0	0	800	0	5	-1	-6	5
569	5	0	0	800	0	5	-1	-6	5
570	5	0	0	800	0	5	-1	-6	5
571	5	0	0	800	0	5	-1	-6	5
572	5	0	0	800	0	5	-1	-6	5
573	5	0	0	800	0	5	-1	-6	5
574	5	0	0	800	0	5	-1	-6	5
575	5	0	0	800	0	5	-1	-6	5
576	5	0	0	800	0	5	-1	-6	5
577	5	0	0	800	0	5	-1	-6	5
578	5	0	0	800	0	5	-1	-6	5
579	5	0	0	800	0	5	-1	-6	5
580	5	0	0	800	0	5	-1	-6	5
581	5	0	0	800	0	5	-1	-6	5
582	5	0	0	800	0	5	-1	-6	5
583	5	0	0	800	0	5	-1	-6	5
584	5	0	0	800	0	5	-1	-6	5
585	5	0	0	800	0	5	-1	-6	5
586	5	0	0	800	0	5	-1	-6	5
587	5	0	0	800	0	5	-1	-6	5
588	5	0	0	800	0	5	-1	-6	5
589	5	0	0	800	0	5	-1	-6	5
590	5	0	0	800	0	5	-1	-6	5
591	5	0	0	800	0	5	-1	-6	5
592	5	0	0	800	0	5	-1	-6	5
593	5	0	0	800	0	5	-1	-6	5
594	5	0	0	800	0	5	-1	-6	5
595	5	0	0	800	0	5	-1	-6	5
596	5	0	0	800	0	5	-1	-6	5
597	5	0	0	800	0	5	-1	-6	5
598	5	0	0	800	0	5	-1	-6	5
599	5	0	0	800	0	5	-1	-6	5
600	5	0	0	800	0	5	-1	-6	5
601	5	0	0	800	0	5	-1	-6	5
602	5	0	0	800	0	5	-1	-6	5
603	5	0	0	800	0	5	-1	-6	5
604	5	0	0	800	0	5	-1	-6	5
605	5	0	0	800	0	5	-1	-6	5
606	5	0	0	800	0	5	-1	-6	5
607	5	0	0	800	0	5	-1	-6	5
608	5	0	0	800	0	5	-1	-6	5
609	5	0	0	800	0	5	-1	-6	5
610	5	0	0	800	0	5	-1	-6	5
611	5	0	0	800	0	5	-1	-6	5
612	5	0	0	800	0	5	-1	-6	5
613	5	0	0	800	0	5	-1	-6	5
614	5	0	0	800	0	5	-1	-6	5
615	5	0	0	800	0	5	-1	-6	5
616	5	0	0	800	0	5	-1	-6	5
617	5	0	0	800	0	5	-1	-6	5
618	5	0	0	800	0	5	-1	-6	5
619	5	0	0	800	0	5	-1	-6	5
620	5	0	0	800	0	5	-1	-6	5
621	5	0	0	800	0	5	-1	-6	5
622	5	0	0	800	0	5	-1	-6	5
623	5	0	0	800	0	5	-1	-6	5
624	5	0	0	800	0	5	-1	-6	5
625	5	0	0	800	0	5	-1	-6	5
626	5	0	0	800	0	5	-1	-6	5
627	5	0	0	800	0	5	-1	-6	5
628	5	0	0	800	0	5	-1	-6	5
629	5	0	0	800	0	5	-1	-6	5
630	5	0	0	800	0	5	-1	-6	5
631	5	0	0	800	0	5	-1	-6	5
632	5	0	0	800	0	5	-1	-6	5
633	5	0	0	800	0	5	-1	-6	5
634	5	0	0	800	0	5	-1	-6	5
635	5	0	0	800	0	5	-1	-6	5
636	5	0	0	800	0	5	-1	-6	5
637	5	0	0	800	0	5	-1	-6	5
638	5	0	0	800	0	5	-1	-6	5
639	5	0	0	800	0	5	-1	-6	5
640	5	0	0	800	0	5	-1	-6	5
641	5	0	0	800	0	5	-1	-6	5
642	5	0	0	800	0	5	-1	-6	5
643	5	0	0	800	0	5	-1	-6	5
644	5	0	0	800	0	5	-1	-6	5
645	5	0	0	800	0	5	-1	-6	5
646	5	0	0	800	0	5	-1	-6	5
647	5	0	0	800	0	5	-1	-6	5
648	5	0	0	800	0	5	-1	-6	5
649	5	0	0	800	0	5	-1	-6	5
650	5	0	0	800	0	5	-1	-6	5
651	5	0	0	800	0	5	-1	-6	5
652	5	0	0	800	0	5	-1	-6	5
653	5	0	0	800	0	5	-1	-6	5
654	5	0	0	800	0	5	-1	-6	5
655	5	0	0	800	0	5	-1	-6	5
656	5	0	0	800	0	5	-1	-6	5
657	5	0	0	800	0	5	-1	-6	5
658	5	0	0	800	0	5	-1	-6	5
659	5	0	0	800	0	5	-1	-6	5
660	5	0	0	800	0	5	-1	-6	5
661	5	0	0	800	0	5	-1	-6	5
662	5	0	0	800	0	5	-1	-6	5
663	5	0	0	800	0	5	-1	-6	5
664	5	0	0	800	0	5	-1	-6	5
665	5	0	0	800	0	5	-1	-6	5
666	5	0	0	800	0	5	-1	-6	5
667	5	0	0	800	0	5	-1	-6	5
668	5	0	0	800	0	5	-1	-6	5
669	5	0	0	800	0	5	-1	-6	5
670	5	0	0	800	0	5	-1	-6	5
671	5	0	0	800	0	5	-1	-6	5
672	5	0	0	800	0	5	-1	-6	5
673	5	0	0	800	0	5	-1	-6	5
674	5	0	0	800	0	5	-1	-6	5
675	5	0	0	800	0	5	-1	-6	5
676	5	0	0	800	0	5	-1	-6	5
677	5	0	0	800	0	5	-1	-6	5
678	5	0	0	800	0	5	-1	-6	5
679	5	0	0	800	0	5	-1	-6	5
680	5	0	0	800	0	5	-1	-6	5
681	5	0	0	800	0	5	-1	-6	5
682	5	0	0	800	0	5	-1	-6	5
683	5	0	0	800	0	5	-1	-6	5
684	5	0	0	800	0	5	-1	-6	5
685	5	0	0	800	0	5	-1	-6	5
686	5	0	0	800	0	5	-1	-6	5
687	5	0	0	800	0	5	-1	-6	5
688	5	0	0	800	0	5	-1	-6	5
689	5	0	0	800	0	5	-1	-6	5
690	5	0	0	800	0	5	-1	-6	5
691	5	0	0	800	0	5	-1	-6	5
692	5	0	0	800	0	5	-1	-6	5
693	5	0	0	800	0	5	-1	-6	5
694	5	0	0	800	0	5	-1	-6	5
695	5	0	0	800	0	5	-1	-6	5
696	5	0	0	800	0	5	-1	-6	5
697	5	0	0	800	0	5	-1	-6	5
698	5	0	0	800	0	5	-1	-6	5
699	5	0	0	800	0	5	-1	-6	5
700	5	0	0	800	0	5	-1	-6	5
701	5	0	0	800	0	5	-1	-6	5
702	5	0	0	800	0	5	-1	-6	5
703	5	0	0	800	0	5	-1	-6	5
704	5	0	0	800	0	5	-1	-6	5
705	5	0	0	800	0	5	-1	-6	5
706	5	0	0	800	0	5	-1	-6	5
707	5	0	0	800	0	5	-1	-6	5
708	5	0	0	800	0	5	-1	-6	5
709	5	0	0	800	0	5	-1	-6	5
710	5	0	0	800	0	5	-1	-6	5
711	5	0	0	800	0	5	-1	-6	5
712	5	0	0	800	0	5	-1	-6	5
713	5	0	0	800	0	5	-1	-6	5
714	5	0	0	800	0	5	-1	-6	5
715	5	0	0	800	0	5	-1	-6	5
716	5	0	0	800	0	5	-1	-6	5
717	5	0	0	800	0	5	-1	-6	5
718	5	0	0	800	0	5	-1	-6	5
719	5	0	0	800	0	5	-1	-6	5
720	5	0	0	800	0	5	-1	-6	5
721	5	0	0	800	0	5	-1	-6	5
722	5	0	0	800	0	5	-1	-6	5
723	5	0	0	800	0	5	-1	-6	5
724	5	0	0	800	0	5	-1	-6	5
725	5	0	0	800	0	5	-1	-6	5
726	5	0	0	800	0	5	-1	-6	5
727	5	0	0	800	0	5	-1	-6	5
728	5	0	0	800	0	5	-1	-6	5
729	5	0	0	800	0	5	-1	-6	5
730	5	0	0	800	0	5	-1	-6	5
731	5	0	0	800	0	5	-1	-6	5
732	5	0	0	800	0	5	-1	-6	5
733	5	0	0	800	0	5	-1	-6	5
734	5	0	0	800	0	5	-1	-6	5
735	5	0	0	800	0	5	-1	-6	5
736	5	0	0	800	0	5	-1	-6	5
737	5	0	0	800	0	5	-1	-6	5
738	5	0	0	800	0	5	-1	-6	5
739	5	0	0	800	0	5	-1	-6	5
740	5	0	0	800	0	5	-1	-6	5
741	5	0	0	800	0	5	-1	-6	5
742	5	0	0	800	0	5	-1	-6	5
743	5	0	0	800	0	5	-1	-6	5
744	5	0	0	800	0	5	-1	-6	5
745	5	0	0	800	0	5	-1	-6	5
746	5	0	0	800	0	5	-1	-6	5
747	5	0	0	800	0	5	-1	-6	5
748	5	0	0	800	0	5	-1	-6	5
749	5	0	0	800	0	5	-1	-6	5
750	5	0	0	800	0	5	-1	-6	5
751	5	0	0	800	0	5	-1	-6	5
752	5	0	0	800	0	5	-1	-6	5
753	5	0	0	800	0	5	-1	-6	5
754	5	0	0	800	0	5	-1	-6	5
755	5	0	0	800	0	5	-1	-6	5
756	5	0	0	800	0	5	-1	-6	5
757	5	0	0	800	0	5	-1	-6	5
758	5	0	0	800	0	5	-1	-6	5
759	5	0	0	800	0	5	-1	-6	5
760	5	0	0	800	0	5	-1	-6	5
761	5	0	0	800	0	5	-1	-6	5
762	5	0	0	800	0	5	-1	-6	5
763	5	0	0	800	0	5	-1	-6	5
764	5	0	0	800	0	5	-1	-6	5
765	5	0	0	800	0	5	-1	-6	5
766	5	0	0	800	0	5	-1	-6	5
767	5	0	0	800	0	5	-1	-6	5
768	5	0	0	800	0	5	-1	-6	5
769	5	0	0	800	0	5	-1	-6	5
770	5	0	0	800	0	5	-1	-6	5
771	5	0	0	800	0	5	-1	-6	5
772	5	0	0	800	0	5	-1	-6	5
773	5	0	0	800	0	5	-1	-6	5
774	5	0	0	800	0	5	-1	-6	5
775	5	0	0	800	0	5	-1	-6	5
776	5	0	0	800	0	5	-1	-6	5
777	5	0	0	800	0	5	-1	-6	5
778	5	0	0	800	0	5	-1	-6	5
779	5	0	0	800	0	5	-1	-6	5
780	5	0	0	800	0	5	-1	-6	5
781	5	0	0	800	0	5	-1	-6	5
782	5	0	0	800	0	5	-1	-6	5
783	5	0	0	800	0	5	-1	-6	5
784	5	0	0	800	0	5	-1	-6	5
785	5	0	0	800	0	5	-1	-6	5
786	5	0	0	800	0	5	-1	-6	5
787	5	0	0	800	0	5	-1	-6	5
788	5	0	0	800	0	5	-1	-6	5
789	5	0	0	800	0	5	-1	-6	5
790	5	0	0	800	0	5	-1	-6	5
791	5	0	0	800	0	5	-1	-6	5
792	5	0	0	800	0	5	-1	-6	5
793	5	0	0	800	0	5	-1	-6	5
794	5	0	0	800	0	5	-1	-6	5
795	5	0	0	800	0	5	-1	-6	5
796	5	0	0	800	0	5	-1	-6	5
797	5	0	0	800	0	5	-1	-6	5
798	5	0	0	800	0	5	-1	-6	5
799	5	0	0	800	0	5	-1	-6	5
800	5	0	0	800	0	5	-1	-6	5
801	5	0	0	800	0	5	-1	-6	5
802	5	0	0	800	0	5	-1	-6	5
803	5	0	0	800	0	5	-1	-6	5
804	5	0	0	800	0	5	-1	-6	5
805	5	0	0	800	0	5	-1	-6	5
806	5	0	0	800	0	5	-1	-6	5
807	5	0	0	800	0	5	-1	-6	5
808	5	0	0	800	0	5	-1	-6	5
809	5	1	1	800	809	5	5	-6	5
810	5	1	1	800	809	5	5	-6	5
811	5	1	1	800	809	5	5	-6	5
812	5	1	1	800	809	5	5	-6	5
813	5	1	1	800	809	5	5	-6	5
814	5	1	1	800	809	5	5	-6	5
815	5	1	1	800	809	5	5	-6	5
816	5	1	1	800	809	5	5	-6	5
817	5	1	1	800	809	5	5	-6	5
818	5	1	1	800	809	5	5	-6	5
819	5	1	1	800	809	5	5	-6	5
820	5	1	1	800	809	5	5	-6	5
821	5	1	1	800	809	5	5	-6	5
822	5	1	1	800	809	5	5	-6	5
823	5	1	1	800	809	5	5	-6	5
824	5	1	1	800	809	5	5	-6	5
825	5	1	1	800	809	5	5	-6	5
826	5	1	1	800	809	5	5	-6	5
827	5	1	1	800	809	5	5	-6	5
828	5	1	1	800	809	5	5	-6	5
829	5	1	1	800	809	5	5	-6	5
830	5	1	1	800	809	5	5	-6	5
831	5	1	1	800	809	5	5	-6	5
832	5	1	1	800	809	5	5	-6	5
833	5	1	1	800	809	5	5	-6	5
834	5	1	1	800	809	5	5	-6	5
835	5	1	1	800	809	5	5	-6	5
836	5	1	1	800	809	5	5	-6	5
837	5	1	1	800	809	5	5	-6	5
838	5	1	1	800	809	5	5	-6	5
839	5	1	1	800	809	5	5	-6	5
840	5	1	1	800	809	5	5	-6	5
841	5	1	1	800	809	5	5	-6	5
842	5	1	1	800	809	5	5	-6	5
843	5	1	1	800	809	5	5	-6	5
844	5	1	1	800	809	5	5	-6	5
845	5	1	1	800	809	5	5	-6	5
846	5	1	1	800	809	5	5	-6	5
847	5	1	1	800	809	5	5	-6	5
848	5	1	1	800	809	5	5	-6	5
849	5	1	1	800	809	5	5	-6	5
850	5	1	1	800	809	5	5	-6	5
851	5	1	1	800	809	5	5	-6	5
852	5	1	1	800	809	5	5	-6	5
853	5	1	1	800	809	5	5	-6	5
854	5	1	1	800	809	5	5	-6	5
855	5	1	1	800	809	5	5	-6	5
856	5	1	1	800	809	5	5	-6	5
