1	16	0	0	800	0	16	-1	-2	-1
2	16	0	0	800	0	16	-1	-2	-1
3	16	0	0	800	0	16	-1	-2	-1
4	16	0	0	800	0	16	-1	-2	-1
5	16	0	0	800	0	16	-1	-2	-1
6	16	0	0	800	0	16	-1	-2	-1
7	16	0	0	800	0	16	-1	-2	-1
8	16	0	0	800	0	16	-1	-2	-1
9	16	0	0	800	0	16	-1	-2	-1
10	16	0	0	800	0	16	-1	-2	-1
11	16	0	0	800	0	16	-1	-2	-1
12	16	0	0	800	0	16	-1	-2	-1
13	16	0	0	800	0	16	-1	-2	-1
14	16	0	0	800	0	16	-1	-2	-1
15	16	0	0	800	0	16	-1	-2	-1
16	16	0	0	800	0	16	-1	-2	-1
17	16	0	0	800	0	16	-1	-2	-1
18	16	0	0	800	0	16	-1	-2	-1
19	16	0	0	800	0	16	-1	-2	-1
20	16	0	0	800	0	16	-1	-2	-1
21	16	0	0	800	0	16	-1	-2	-1
22	16	0	0	800	0	16	-1	-2	-1
23	16	0	0	800	0	16	-1	-2	-1
24	16	0	0	800	0	16	-1	-2	-1
25	16	0	0	800	0	16	-1	-2	-1
26	16	0	0	800	0	16	-1	-2	-1
27	16	0	0	800	0	16	-1	-2	-1
28	16	0	0	800	0	16	-1	-2	-1
29	16	0	0	800	0	16	-1	-2	-1
30	16	0	0	800	0	16	-1	-2	-1
31	16	0	0	800	0	16	-1	-2	-1
32	16	0	0	800	0	16	-1	-2	-1
33	16	0	0	800	0	16	-1	-2	-1
34	16	0	0	800	0	16	-1	-2	-1
35	16	0	0	800	0	16	-1	-2	-1
36	16	0	0	800	0	16	-1	-2	-1
37	16	0	0	800	0	16	-1	-2	-1
38	16	0	0	800	0	16	-1	-2	-1
39	16	0	0	800	0	16	-1	-2	-1
40	16	0	0	800	0	16	-1	-2	-1
41	16	0	0	800	0	16	-1	-2	-1
42	16	0	0	800	0	16	-1	-2	-1
43	16	0	0	800	0	16	-1	-2	-1
44	16	0	0	800	0	16	-1	-2	-1
45	16	0	0	800	0	16	-1	-2	-1
46	16	0	0	800	0	16	-1	-2	-1
47	16	0	0	800	0	16	-1	-2	-1
48	16	0	0	800	0	16	-1	-2	-1
49	16	0	0	800	0	16	-1	-2	-1
50	16	0	0	800	0	16	-1	-2	-1
51	16	0	0	800	0	16	-1	-2	-1
52	16	0	0	800	0	16	-1	-2	-1
53	16	0	0	800	0	16	-1	-2	-1
54	16	0	0	800	0	16	-1	-2	-1
55	16	0	0	800	0	16	-1	-2	-1
56	16	0	0	800	0	16	-1	-2	-1
57	16	0	0	800	0	16	-1	-2	-1
58	16	0	0	800	0	16	-1	-2	-1
59	16	0	0	800	0	16	-1	-2	-1
60	16	0	0	800	0	16	-1	-2	-1
61	16	0	0	800	0	16	-1	-2	-1
62	16	0	0	800	0	16	-1	-2	-1
63	16	0	0	800	0	16	-1	-2	-1
64	16	0	0	800	0	16	-1	-2	-1
65	16	0	0	800	0	16	-1	-2	-1
66	16	0	0	800	0	16	-1	-2	-1
67	16	0	0	800	0	16	-1	-2	-1
68	16	0	0	800	0	16	-1	-2	-1
69	16	0	0	800	0	16	-1	-2	-1
70	16	0	0	800	0	16	-1	-2	-1
71	16	0	0	800	0	16	-1	-2	-1
72	16	0	0	800	0	16	-1	-2	-1
73	16	0	0	800	0	16	-1	-2	-1
74	16	0	0	800	0	16	-1	-2	-1
75	16	0	0	800	0	16	-1	-2	-1
76	16	0	0	800	0	16	-1	-2	-1
77	16	0	0	800	0	16	-1	-2	-1
78	16	0	0	800	0	16	-1	-2	-1
79	16	0	0	800	0	16	-1	-2	-1
80	16	0	0	800	0	16	-1	-2	-1
81	16	0	0	800	0	16	-1	-2	-1
82	16	0	0	800	0	16	-1	-2	-1
83	16	0	0	800	0	16	-1	-2	-1
84	16	0	0	800	0	16	-1	-2	-1
85	16	0	0	800	0	16	-1	-2	-1
86	16	0	0	800	0	16	-1	-2	-1
87	16	0	0	800	0	16	-1	-2	-1
88	16	0	0	800	0	16	-1	-2	-1
89	16	0	0	800	0	16	-1	-2	-1
90	16	0	0	800	0	16	-1	-2	-1
91	16	0	0	800	0	16	-1	-2	-1
92	16	0	0	800	0	16	-1	-2	-1
93	16	0	0	800	0	16	-1	-2	-1
94	16	0	0	800	0	16	-1	-2	-1
95	16	0	0	800	0	16	-1	-2	-1
96	16	0	0	800	0	16	-1	-2	-1
97	16	0	0	800	0	16	-1	-2	-1
98	16	0	0	800	0	16	-1	-2	-1
99	16	0	0	800	0	16	-1	-2	-1
100	16	0	0	800	0	16	-1	-2	-1
101	16	0	0	800	0	16	-1	-2	-1
102	16	0	0	800	0	16	-1	-2	-1
103	16	0	0	800	0	16	-1	-2	-1
104	16	0	0	800	0	16	-1	-2	-1
105	16	0	0	800	0	16	-1	-2	-1
106	16	0	0	800	0	16	-1	-2	-1
107	16	0	0	800	0	16	-1	-2	-1
108	16	0	0	800	0	16	-1	-2	-1
109	16	0	0	800	0	16	-1	-2	-1
110	16	0	0	800	0	16	-1	-2	-1
111	16	0	0	800	0	16	-1	-2	-1
112	16	0	0	800	0	16	-1	-2	-1
113	16	0	0	800	0	16	-1	-2	-1
114	16	0	0	800	0	16	-1	-2	-1
115	16	0	0	800	0	16	-1	-2	-1
116	16	0	0	800	0	16	-1	-2	-1
117	16	0	0	800	0	16	-1	-2	-1
118	16	0	0	800	0	16	-1	-2	-1
119	16	0	0	800	0	16	-1	-2	-1
120	16	0	0	800	0	16	-1	-2	-1
121	16	0	0	800	0	16	-1	-2	-1
122	16	0	0	800	0	16	-1	-2	-1
123	16	0	0	800	0	16	-1	-2	-1
124	16	0	0	800	0	16	-1	-2	-1
125	16	0	0	800	0	16	-1	-2	-1
126	16	0	0	800	0	16	-1	-2	-1
127	16	0	0	800	0	16	-1	-2	-1
128	16	0	0	800	0	16	-1	-2	-1
129	16	0	0	800	0	16	-1	-2	-1
130	16	0	0	800	0	16	-1	-2	-1
131	16	0	0	800	0	16	-1	-2	-1
132	16	0	0	800	0	16	-1	-2	-1
133	16	0	0	800	0	16	-1	-2	-1
134	16	0	0	800	0	16	-1	-2	-1
135	16	0	0	800	0	16	-1	-2	-1
136	16	0	0	800	0	16	-1	-2	-1
137	16	0	0	800	0	16	-1	-2	-1
138	16	0	0	800	0	16	-1	-2	-1
139	16	0	0	800	0	16	-1	-2	-1
140	16	0	0	800	0	16	-1	-2	-1
141	16	0	0	800	0	16	-1	-2	-1
142	16	0	0	800	0	16	-1	-2	-1
143	16	0	0	800	0	16	-1	-2	-1
144	16	0	0	800	0	16	-1	-2	-1
145	16	0	0	800	0	16	-1	-2	-1
146	16	0	0	800	0	16	-1	-2	-1
147	16	0	0	800	0	16	-1	-2	-1
148	16	0	0	800	0	16	-1	-2	-1
149	16	0	0	800	0	16	-1	-2	-1
150	16	0	0	800	0	16	-1	-2	-1
151	16	0	0	800	0	16	-1	-2	-1
152	16	0	0	800	0	16	-1	-2	-1
153	16	0	0	800	0	16	-1	-2	-1
154	16	0	0	800	0	16	-1	-2	-1
155	16	0	0	800	0	16	-1	-2	-1
156	16	0	0	800	0	16	-1	-2	-1
157	16	0	0	800	0	16	-1	-2	-1
158	16	0	0	800	0	16	-1	-2	-1
159	16	0	0	800	0	16	-1	-2	-1
160	16	0	0	800	0	16	-1	-2	-1
161	16	0	0	800	0	16	-1	-2	-1
162	16	0	0	800	0	16	-1	-2	-1
163	16	0	0	800	0	16	-1	-2	-1
164	16	0	0	800	0	16	-1	-2	-1
165	16	0	0	800	0	16	-1	-2	-1
166	16	0	0	800	0	16	-1	-2	-1
167	16	0	0	800	0	16	-1	-2	-1
168	16	0	0	800	0	16	-1	-2	-1
169	16	0	0	800	0	16	-1	-2	-1
170	16	0	0	800	0	16	-1	-2	-1
171	16	0	0	800	0	16	-1	-2	-1
172	16	0	0	800	0	16	-1	-2	-1
173	16	0	0	800	0	16	-1	-2	-1
174	16	0	0	800	0	16	-1	-2	-1
175	16	0	0	800	0	16	-1	-2	-1
176	16	0	0	800	0	16	-1	-2	-1
177	16	0	0	800	0	16	-1	-2	-1
178	16	0	0	800	0	16	-1	-2	-1
179	16	0	0	800	0	16	-1	-2	-1
180	16	0	0	800	0	16	-1	-2	-1
181	16	0	0	800	0	16	-1	-2	-1
182	16	0	0	800	0	16	-1	-2	-1
183	16	0	0	800	0	16	-1	-2	-1
184	16	0	0	800	0	16	-1	-2	-1
185	16	0	0	800	0	16	-1	-2	-1
186	16	0	0	800	0	16	-1	-2	-1
187	16	0	0	800	0	16	-1	-2	-1
188	16	0	0	800	0	16	-1	-2	-1
189	16	0	0	800	0	16	-1	-2	-1
190	16	0	0	800	0	16	-1	-2	-1
191	16	0	0	800	0	16	-1	-2	-1
192	16	0	0	800	0	16	-1	-2	-1
193	16	0	0	800	0	16	-1	-2	-1
194	16	0	0	800	0	16	-1	-2	-1
195	16	0	0	800	0	16	-1	-2	-1
196	16	0	0	800	0	16	-1	-2	-1
197	16	0	0	800	0	16	-1	-2	-1
198	16	0	0	800	0	16	-1	-2	-1
199	16	0	0	800	0	16	-1	-2	-1
200	16	0	0	800	0	16	-1	-2	-1
201	16	0	0	800	0	16	-1	-2	-1
202	16	0	0	800	0	16	-1	-2	-1
203	16	0	0	800	0	16	-1	-2	-1
204	16	0	0	800	0	16	-1	-2	-1
205	16	0	0	800	0	16	-1	-2	-1
206	16	0	0	800	0	16	-1	-2	-1
207	16	0	0	800	0	16	-1	-2	-1
208	16	0	0	800	0	16	-1	-2	-1
209	16	0	0	800	0	16	-1	-2	-1
210	16	0	0	800	0	16	-1	-2	-1
211	16	0	0	800	0	16	-1	-2	-1
212	16	0	0	800	0	16	-1	-2	-1
213	16	0	0	800	0	16	-1	-2	-1
214	16	0	0	800	0	16	-1	-2	-1
215	16	0	0	800	0	16	-1	-2	-1
216	16	0	0	800	0	16	-1	-2	-1
217	16	0	0	800	0	16	-1	-2	-1
218	16	0	0	800	0	16	-1	-2	-1
219	16	0	0	800	0	16	-1	-2	-1
220	16	0	0	800	0	16	-1	-2	-1
221	16	0	0	800	0	16	-1	-2	-1
222	16	0	0	800	0	16	-1	-2	-1
223	16	0	0	800	0	16	-1	-2	-1
224	16	0	0	800	0	16	-1	-2	-1
225	16	0	0	800	0	16	-1	-2	-1
226	16	0	0	800	0	16	-1	-2	-1
227	16	0	0	800	0	16	-1	-2	-1
228	16	0	0	800	0	16	-1	-2	-1
229	16	0	0	800	0	16	-1	-2	-1
230	16	0	0	800	0	16	-1	-2	-1
231	16	0	0	800	0	16	-1	-2	-1
232	16	0	0	800	0	16	-1	-2	-1
233	16	0	0	800	0	16	-1	-2	-1
234	16	0	0	800	0	16	-1	-2	-1
235	16	0	0	800	0	16	-1	-2	-1
236	16	0	0	800	0	16	-1	-2	-1
237	16	0	0	800	0	16	-1	-2	-1
238	16	0	0	800	0	16	-1	-2	-1
239	16	0	0	800	0	16	-1	-2	-1
240	16	0	0	800	0	16	-1	-2	-1
241	16	0	0	800	0	16	-1	-2	-1
242	16	0	0	800	0	16	-1	-2	-1
243	16	0	0	800	0	16	-1	-2	-1
244	16	0	0	800	0	16	-1	-2	-1
245	16	0	0	800	0	16	-1	-2	-1
246	16	0	0	800	0	16	-1	-2	-1
247	16	0	0	800	0	16	-1	-2	-1
248	16	0	0	800	0	16	-1	-2	-1
249	16	0	0	800	0	16	-1	-2	-1
250	16	0	0	800	0	16	-1	-2	-1
251	16	0	0	800	0	16	-1	-2	-1
252	16	0	0	800	0	16	-1	-2	-1
253	16	0	0	800	0	16	-1	-2	-1
254	16	0	0	800	0	16	-1	-2	-1
255	16	0	0	800	0	16	-1	-2	-1
256	16	0	0	800	0	16	-1	-2	-1
257	16	0	0	800	0	16	-1	-2	-1
258	16	0	0	800	0	16	-1	-2	-1
259	16	0	0	800	0	16	-1	-2	-1
260	16	0	0	800	0	16	-1	-2	-1
261	16	0	0	800	0	16	-1	-2	-1
262	16	0	0	800	0	16	-1	-2	-1
263	16	0	0	800	0	16	-1	-2	-1
264	16	0	0	800	0	16	-1	-2	-1
265	16	0	0	800	0	16	-1	-2	-1
266	16	0	0	800	0	16	-1	-2	-1
267	16	0	0	800	0	16	-1	-2	-1
268	16	0	0	800	0	16	-1	-2	-1
269	16	0	0	800	0	16	-1	-2	-1
270	16	0	0	800	0	16	-1	-2	-1
271	16	0	0	800	0	16	-1	-2	-1
272	16	0	0	800	0	16	-1	-2	-1
273	16	0	0	800	0	16	-1	-2	-1
274	16	0	0	800	0	16	-1	-2	-1
275	16	0	0	800	0	16	-1	-2	-1
276	16	0	0	800	0	16	-1	-2	-1
277	16	0	0	800	0	16	-1	-2	-1
278	16	0	0	800	0	16	-1	-2	-1
279	16	0	0	800	0	16	-1	-2	-1
280	16	0	0	800	0	16	-1	-2	-1
281	16	0	0	800	0	16	-1	-2	-1
282	16	0	0	800	0	16	-1	-2	-1
283	16	0	0	800	0	16	-1	-2	-1
284	16	0	0	800	0	16	-1	-2	-1
285	16	0	0	800	0	16	-1	-2	-1
286	16	0	0	800	0	16	-1	-2	-1
287	16	0	0	800	0	16	-1	-2	-1
288	16	0	0	800	0	16	-1	-2	-1
289	16	0	0	800	0	16	-1	-2	-1
290	16	0	0	800	0	16	-1	-2	-1
291	16	0	0	800	0	16	-1	-2	-1
292	16	0	0	800	0	16	-1	-2	-1
293	16	0	0	800	0	16	-1	-2	-1
294	16	0	0	800	0	16	-1	-2	-1
295	16	0	0	800	0	16	-1	-2	-1
296	16	0	0	800	0	16	-1	-2	-1
297	16	0	0	800	0	16	-1	-2	-1
298	16	0	0	800	0	16	-1	-2	-1
299	16	0	0	800	0	16	-1	-2	-1
300	16	0	0	800	0	16	-1	-2	-1
301	16	0	0	800	0	16	-1	-2	-1
302	16	0	0	800	0	16	-1	-2	-1
303	16	0	0	800	0	16	-1	-2	-1
304	16	0	0	800	0	16	-1	-2	-1
305	16	0	0	800	0	16	-1	-2	-1
306	16	0	0	800	0	16	-1	-2	-1
307	16	0	0	800	0	16	-1	-2	-1
308	16	0	0	800	0	16	-1	-2	-1
309	16	0	0	800	0	16	-1	-2	-1
310	16	0	0	800	0	16	-1	-2	-1
311	16	0	0	800	0	16	-1	-2	-1
312	16	0	0	800	0	16	-1	-2	-1
313	16	0	0	800	0	16	-1	-2	-1
314	16	0	0	800	0	16	-1	-2	-1
315	16	0	0	800	0	16	-1	-2	-1
316	16	0	0	800	0	16	-1	-2	-1
317	16	0	0	800	0	16	-1	-2	-1
318	16	0	0	800	0	16	-1	-2	-1
319	16	0	0	800	0	16	-1	-2	-1
320	16	0	0	800	0	16	-1	-2	-1
321	16	0	0	800	0	16	-1	-2	-1
322	16	0	0	800	0	16	-1	-2	-1
323	16	0	0	800	0	16	-1	-2	-1
324	16	0	0	800	0	16	-1	-2	-1
325	16	0	0	800	0	16	-1	-2	-1
326	16	0	0	800	0	16	-1	-2	-1
327	16	0	0	800	0	16	-1	-2	-1
328	16	0	0	800	0	16	-1	-2	-1
329	16	0	0	800	0	16	-1	-2	-1
330	16	0	0	800	0	16	-1	-2	-1
331	16	0	0	800	0	16	-1	-2	-1
332	16	0	0	800	0	16	-1	-2	-1
333	16	0	0	800	0	16	-1	-2	-1
334	16	0	0	800	0	16	-1	-2	-1
335	16	0	0	800	0	16	-1	-2	-1
336	16	0	0	800	0	16	-1	-2	-1
337	16	0	0	800	0	16	-1	-2	-1
338	16	0	0	800	0	16	-1	-2	-1
339	16	0	0	800	0	16	-1	-2	-1
340	16	0	0	800	0	16	-1	-2	-1
341	16	0	0	800	0	16	-1	-2	-1
342	16	0	0	800	0	16	-1	-2	-1
343	16	0	0	800	0	16	-1	-2	-1
344	16	0	0	800	0	16	-1	-2	-1
345	16	0	0	800	0	16	-1	-2	-1
346	16	0	0	800	0	16	-1	-2	-1
347	16	0	0	800	0	16	-1	-2	-1
348	16	0	0	800	0	16	-1	-2	-1
349	16	0	0	800	0	16	-1	-2	-1
350	16	0	0	800	0	16	-1	-2	-1
351	16	0	0	800	0	16	-1	-2	-1
352	16	0	0	800	0	16	-1	-2	-1
353	16	0	0	800	0	16	-1	-2	-1
354	16	0	0	800	0	16	-1	-2	-1
355	16	0	0	800	0	16	-1	-2	-1
356	16	0	0	800	0	16	-1	-2	-1
357	16	0	0	800	0	16	-1	-2	-1
358	16	0	0	800	0	16	-1	-2	-1
359	16	0	0	800	0	16	-1	-2	-1
360	16	0	0	800	0	16	-1	-2	-1
361	16	0	0	800	0	16	-1	-2	-1
362	16	0	0	800	0	16	-1	-2	-1
363	16	0	0	800	0	16	-1	-2	-1
364	16	0	0	800	0	16	-1	-2	-1
365	16	0	0	800	0	16	-1	-2	-1
366	16	0	0	800	0	16	-1	-2	-1
367	16	0	0	800	0	16	-1	-2	-1
368	16	0	0	800	0	16	-1	-2	-1
369	16	0	0	800	0	16	-1	-2	-1
370	16	0	0	800	0	16	-1	-2	-1
371	16	0	0	800	0	16	-1	-2	-1
372	16	0	0	800	0	16	-1	-2	-1
373	16	0	0	800	0	16	-1	-2	-1
374	16	0	0	800	0	16	-1	-2	-1
375	16	0	0	800	0	16	-1	-2	-1
376	16	0	0	800	0	16	-1	-2	-1
377	16	0	0	800	0	16	-1	-2	-1
378	16	0	0	800	0	16	-1	-2	-1
379	16	0	0	800	0	16	-1	-2	-1
380	16	0	0	800	0	16	-1	-2	-1
381	16	0	0	800	0	16	-1	-2	-1
382	16	0	0	800	0	16	-1	-2	-1
383	16	0	0	800	0	16	-1	-2	-1
384	16	0	0	800	0	16	-1	-2	-1
385	16	0	0	800	0	16	-1	-2	-1
386	16	0	0	800	0	16	-1	-2	-1
387	16	0	0	800	0	16	-1	-2	-1
388	16	0	0	800	0	16	-1	-2	-1
389	16	0	0	800	0	16	-1	-2	-1
390	16	0	0	800	0	16	-1	-2	-1
391	16	0	0	800	0	16	-1	-2	-1
392	16	0	0	800	0	16	-1	-2	-1
393	16	0	0	800	0	16	-1	-2	-1
394	16	0	0	800	0	16	-1	-2	-1
395	16	0	0	800	0	16	-1	-2	-1
396	16	0	0	800	0	16	-1	-2	-1
397	16	0	0	800	0	16	-1	-2	-1
398	16	0	0	800	0	16	-1	-2	-1
399	16	0	0	800	0	16	-1	-2	-1
400	16	0	0	800	0	16	-1	-2	-1
401	16	0	0	800	0	16	-1	-2	-1
402	16	0	0	800	0	16	-1	-2	-1
403	16	0	0	800	0	16	-1	-2	-1
404	16	0	0	800	0	16	-1	-2	-1
405	16	0	0	800	0	16	-1	-2	-1
406	16	0	0	800	0	16	-1	-2	-1
407	16	0	0	800	0	16	-1	-2	-1
408	16	0	0	800	0	16	-1	-2	-1
409	16	0	0	800	0	16	-1	-2	-1
410	16	0	0	800	0	16	-1	-2	-1
411	16	0	0	800	0	16	-1	-2	-1
412	16	0	0	800	0	16	-1	-2	-1
413	16	0	0	800	0	16	-1	-2	-1
414	16	0	0	800	0	16	-1	-2	-1
415	16	0	0	800	0	16	-1	-2	-1
416	16	0	0	800	0	16	-1	-2	-1
417	16	0	0	800	0	16	-1	-2	-1
418	16	0	0	800	0	16	-1	-2	-1
419	16	0	0	800	0	16	-1	-2	-1
420	16	0	0	800	0	16	-1	-2	-1
421	16	0	0	800	0	16	-1	-2	-1
422	16	0	0	800	0	16	-1	-2	-1
423	16	0	0	800	0	16	-1	-2	-1
424	16	0	0	800	0	16	-1	-2	-1
425	16	0	0	800	0	16	-1	-2	-1
426	16	0	0	800	0	16	-1	-2	-1
427	16	0	0	800	0	16	-1	-2	-1
428	16	0	0	800	0	16	-1	-2	-1
429	16	0	0	800	0	16	-1	-2	-1
430	16	0	0	800	0	16	-1	-2	-1
431	16	0	0	800	0	16	-1	-2	-1
432	16	0	0	800	0	16	-1	-2	-1
433	16	0	0	800	0	16	-1	-2	-1
434	16	0	0	800	0	16	-1	-2	-1
435	16	0	0	800	0	16	-1	-2	-1
436	16	0	0	800	0	16	-1	-2	-1
437	16	0	0	800	0	16	-1	-2	-1
438	16	0	0	800	0	16	-1	-2	-1
439	16	0	0	800	0	16	-1	-2	-1
440	16	0	0	800	0	16	-1	-2	-1
441	16	0	0	800	0	16	-1	-2	-1
442	16	0	0	800	0	16	-1	-2	-1
443	16	0	0	800	0	16	-1	-2	-1
444	16	0	0	800	0	16	-1	-2	-1
445	16	0	0	800	0	16	-1	-2	-1
446	16	0	0	800	0	16	-1	-2	-1
447	16	0	0	800	0	16	-1	-2	-1
448	16	0	0	800	0	16	-1	-2	-1
449	16	0	0	800	0	16	-1	-2	-1
450	16	0	0	800	0	16	-1	-2	-1
451	16	0	0	800	0	16	-1	-2	-1
452	16	0	0	800	0	16	-1	-2	-1
453	16	0	0	800	0	16	-1	-2	-1
454	16	0	0	800	0	16	-1	-2	-1
455	16	0	0	800	0	16	-1	-2	-1
456	16	0	0	800	0	16	-1	-2	-1
457	16	0	0	800	0	16	-1	-2	-1
458	16	0	0	800	0	16	-1	-2	-1
459	16	0	0	800	0	16	-1	-2	-1
460	16	0	0	800	0	16	-1	-2	-1
461	16	0	0	800	0	16	-1	-2	-1
462	16	0	0	800	0	16	-1	-2	-1
463	16	0	0	800	0	16	-1	-2	-1
464	16	0	0	800	0	16	-1	-2	-1
465	16	0	0	800	0	16	-1	-2	-1
466	16	0	0	800	0	16	-1	-2	-1
467	16	0	0	800	0	16	-1	-2	-1
468	16	0	0	800	0	16	-1	-2	-1
469	16	0	0	800	0	16	-1	-2	-1
470	16	0	0	800	0	16	-1	-2	-1
471	16	0	0	800	0	16	-1	-2	-1
472	16	0	0	800	0	16	-1	-2	-1
473	16	0	0	800	0	16	-1	-2	-1
474	16	0	0	800	0	16	-1	-2	-1
475	16	0	0	800	0	16	-1	-2	-1
476	16	0	0	800	0	16	-1	-2	-1
477	16	0	0	800	0	16	-1	-2	-1
478	16	0	0	800	0	16	-1	-2	-1
479	16	0	0	800	0	16	-1	-2	-1
480	16	0	0	800	0	16	-1	-2	-1
481	16	0	0	800	0	16	-1	-2	-1
482	16	0	0	800	0	16	-1	-2	-1
483	16	0	0	800	0	16	-1	-2	-1
484	16	0	0	800	0	16	-1	-2	-1
485	16	0	0	800	0	16	-1	-2	-1
486	16	0	0	800	0	16	-1	-2	-1
487	16	0	0	800	0	16	-1	-2	-1
488	16	0	0	800	0	16	-1	-2	-1
489	16	0	0	800	0	16	-1	-2	-1
490	16	0	0	800	0	16	-1	-2	-1
491	16	0	0	800	0	16	-1	-2	-1
492	16	0	0	800	0	16	-1	-2	-1
493	16	0	0	800	0	16	-1	-2	-1
494	16	0	0	800	0	16	-1	-2	-1
495	16	0	0	800	0	16	-1	-2	-1
496	16	0	0	800	0	16	-1	-2	-1
497	16	0	0	800	0	16	-1	-2	-1
498	16	0	0	800	0	16	-1	-2	-1
499	16	0	0	800	0	16	-1	-2	-1
500	16	0	0	800	0	16	-1	-2	-1
501	16	0	0	800	0	16	-1	-2	-1
502	16	0	0	800	0	16	-1	-2	-1
503	16	0	0	800	0	16	-1	-2	-1
504	16	0	0	800	0	16	-1	-2	-1
505	16	0	0	800	0	16	-1	-2	-1
506	16	0	0	800	0	16	-1	-2	-1
507	16	0	0	800	0	16	-1	-2	-1
508	16	0	0	800	0	16	-1	-2	-1
509	16	0	0	800	0	16	-1	-2	-1
510	16	0	0	800	0	16	-1	-2	-1
511	16	0	0	800	0	16	-1	-2	-1
512	16	0	0	800	0	16	-1	-2	-1
513	16	0	0	800	0	16	-1	-2	-1
514	16	0	0	800	0	16	-1	-2	-1
515	16	0	0	800	0	16	-1	-2	-1
516	16	0	0	800	0	16	-1	-2	-1
517	16	0	0	800	0	16	-1	-2	-1
518	16	0	0	800	0	16	-1	-2	-1
519	16	0	0	800	0	16	-1	-2	-1
520	16	0	0	800	0	16	-1	-2	-1
521	16	0	0	800	0	16	-1	-2	-1
522	16	0	0	800	0	16	-1	-2	-1
523	16	0	0	800	0	16	-1	-2	-1
524	16	0	0	800	0	16	-1	-2	-1
525	16	0	0	800	0	16	-1	-2	-1
526	16	0	0	800	0	16	-1	-2	-1
527	16	0	0	800	0	16	-1	-2	-1
528	16	0	0	800	0	16	-1	-2	-1
529	16	0	0	800	0	16	-1	-2	-1
530	16	0	0	800	0	16	-1	-2	-1
531	16	0	0	800	0	16	-1	-2	-1
532	16	0	0	800	0	16	-1	-2	-1
533	16	0	0	800	0	16	-1	-2	-1
534	16	0	0	800	0	16	-1	-2	-1
535	16	0	0	800	0	16	-1	-2	-1
536	16	0	0	800	0	16	-1	-2	-1
537	16	0	0	800	0	16	-1	-2	-1
538	16	0	0	800	0	16	-1	-2	-1
539	16	0	0	800	0	16	-1	-2	-1
540	16	0	0	800	0	16	-1	-2	-1
541	16	0	0	800	0	16	-1	-2	-1
542	16	0	0	800	0	16	-1	-2	-1
543	16	0	0	800	0	16	-1	-2	-1
544	16	0	0	800	0	16	-1	-2	-1
545	16	0	0	800	0	16	-1	-2	-1
546	16	0	0	800	0	16	-1	-2	-1
547	16	0	0	800	0	16	-1	-2	-1
548	16	0	0	800	0	16	-1	-2	-1
549	16	0	0	800	0	16	-1	-2	-1
550	16	0	0	800	0	16	-1	-2	-1
551	16	0	0	800	0	16	-1	-2	-1
552	16	0	0	800	0	16	-1	-2	-1
553	16	0	0	800	0	16	-1	-2	-1
554	16	0	0	800	0	16	-1	-2	-1
555	16	0	0	800	0	16	-1	-2	-1
556	16	0	0	800	0	16	-1	-2	-1
557	16	0	0	800	0	16	-1	-2	-1
558	16	0	0	800	0	16	-1	-2	-1
559	16	0	0	800	0	16	-1	-2	-1
560	16	0	0	800	0	16	-1	-2	-1
561	16	0	0	800	0	16	-1	-2	-1
562	16	0	0	800	0	16	-1	-2	-1
563	16	0	0	800	0	16	-1	-2	-1
564	16	0	0	800	0	16	-1	-2	-1
565	16	0	0	800	0	16	-1	-2	-1
566	16	0	0	800	0	16	-1	-2	-1
567	16	0	0	800	0	16	-1	-2	-1
568	16	0	0	800	0	16	-1	-2	-1
569	16	0	0	800	0	16	-1	-2	-1
570	16	0	0	800	0	16	-1	-2	-1
571	16	0	0	800	0	16	-1	-2	-1
572	16	0	0	800	0	16	-1	-2	-1
573	16	0	0	800	0	16	-1	-2	-1
574	16	0	0	800	0	16	-1	-2	-1
575	16	0	0	800	0	16	-1	-2	-1
576	16	0	0	800	0	16	-1	-2	-1
577	16	0	0	800	0	16	-1	-2	-1
578	16	0	0	800	0	16	-1	-2	-1
579	16	0	0	800	0	16	-1	-2	-1
580	16	0	0	800	0	16	-1	-2	-1
581	16	0	0	800	0	16	-1	-2	-1
582	16	0	0	800	0	16	-1	-2	-1
583	16	0	0	800	0	16	-1	-2	-1
584	16	0	0	800	0	16	-1	-2	-1
585	16	0	0	800	0	16	-1	-2	-1
586	16	0	0	800	0	16	-1	-2	-1
587	16	0	0	800	0	16	-1	-2	-1
588	16	0	0	800	0	16	-1	-2	-1
589	16	0	0	800	0	16	-1	-2	-1
590	16	0	0	800	0	16	-1	-2	-1
591	16	0	0	800	0	16	-1	-2	-1
592	16	0	0	800	0	16	-1	-2	-1
593	16	0	0	800	0	16	-1	-2	-1
594	16	0	0	800	0	16	-1	-2	-1
595	16	0	0	800	0	16	-1	-2	-1
596	16	0	0	800	0	16	-1	-2	-1
597	16	0	0	800	0	16	-1	-2	-1
598	16	0	0	800	0	16	-1	-2	-1
599	16	0	0	800	0	16	-1	-2	-1
600	16	0	0	800	0	16	-1	-2	-1
601	16	0	0	800	0	16	-1	-2	-1
602	16	0	0	800	0	16	-1	-2	-1
603	16	0	0	800	0	16	-1	-2	-1
604	16	0	0	800	0	16	-1	-2	-1
605	16	0	0	800	0	16	-1	-2	-1
606	16	0	0	800	0	16	-1	-2	-1
607	16	0	0	800	0	16	-1	-2	-1
608	16	0	0	800	0	16	-1	-2	-1
609	16	0	0	800	0	16	-1	-2	-1
610	16	0	0	800	0	16	-1	-2	-1
611	16	0	0	800	0	16	-1	-2	-1
612	16	0	0	800	0	16	-1	-2	-1
613	16	0	0	800	0	16	-1	-2	-1
614	16	0	0	800	0	16	-1	-2	-1
615	16	0	0	800	0	16	-1	-2	-1
616	16	0	0	800	0	16	-1	-2	-1
617	16	0	0	800	0	16	-1	-2	-1
618	16	0	0	800	0	16	-1	-2	-1
619	16	0	0	800	0	16	-1	-2	-1
620	16	0	0	800	0	16	-1	-2	-1
621	16	0	0	800	0	16	-1	-2	-1
622	16	0	0	800	0	16	-1	-2	-1
623	16	0	0	800	0	16	-1	-2	-1
624	16	0	0	800	0	16	-1	-2	-1
625	16	0	0	800	0	16	-1	-2	-1
626	16	0	0	800	0	16	-1	-2	-1
627	16	0	0	800	0	16	-1	-2	-1
628	16	0	0	800	0	16	-1	-2	-1
629	16	0	0	800	0	16	-1	-2	-1
630	16	0	0	800	0	16	-1	-2	-1
631	16	0	0	800	0	16	-1	-2	-1
632	16	0	0	800	0	16	-1	-2	-1
633	16	0	0	800	0	16	-1	-2	-1
634	16	0	0	800	0	16	-1	-2	-1
635	16	0	0	800	0	16	-1	-2	-1
636	16	0	0	800	0	16	-1	-2	-1
637	16	0	0	800	0	16	-1	-2	-1
638	16	0	0	800	0	16	-1	-2	-1
639	16	0	0	800	0	16	-1	-2	-1
640	16	0	0	800	0	16	-1	-2	-1
641	16	0	0	800	0	16	-1	-2	-1
642	16	0	0	800	0	16	-1	-2	-1
643	16	0	0	800	0	16	-1	-2	-1
644	16	0	0	800	0	16	-1	-2	-1
645	16	0	0	800	0	16	-1	-2	-1
646	16	0	0	800	0	16	-1	-2	-1
647	16	0	0	800	0	16	-1	-2	-1
648	16	0	0	800	0	16	-1	-2	-1
649	16	0	0	800	0	16	-1	-2	-1
650	16	0	0	800	0	16	-1	-2	-1
651	16	0	0	800	0	16	-1	-2	-1
652	16	0	0	800	0	16	-1	-2	-1
653	16	0	0	800	0	16	-1	-2	-1
654	16	0	0	800	0	16	-1	-2	-1
655	16	0	0	800	0	16	-1	-2	-1
656	16	0	0	800	0	16	-1	-2	-1
657	16	0	0	800	0	16	-1	-2	-1
658	16	0	0	800	0	16	-1	-2	-1
659	16	0	0	800	0	16	-1	-2	-1
660	16	0	0	800	0	16	-1	-2	-1
661	16	0	0	800	0	16	-1	-2	-1
662	16	0	0	800	0	16	-1	-2	-1
663	16	0	0	800	0	16	-1	-2	-1
664	16	0	0	800	0	16	-1	-2	-1
665	16	0	0	800	0	16	-1	-2	-1
666	16	0	0	800	0	16	-1	-2	-1
667	16	0	0	800	0	16	-1	-2	-1
668	16	0	0	800	0	16	-1	-2	-1
669	16	0	0	800	0	16	-1	-2	-1
670	16	0	0	800	0	16	-1	-2	-1
671	16	0	0	800	0	16	-1	-2	-1
672	16	0	0	800	0	16	-1	-2	-1
673	16	0	0	800	0	16	-1	-2	-1
674	16	0	0	800	0	16	-1	-2	-1
675	16	0	0	800	0	16	-1	-2	-1
676	16	0	0	800	0	16	-1	-2	-1
677	16	0	0	800	0	16	-1	-2	-1
678	16	0	0	800	0	16	-1	-2	-1
679	16	0	0	800	0	16	-1	-2	-1
680	16	0	0	800	0	16	-1	-2	-1
681	16	0	0	800	0	16	-1	-2	-1
682	16	0	0	800	0	16	-1	-2	-1
683	16	0	0	800	0	16	-1	-2	-1
684	16	0	0	800	0	16	-1	-2	-1
685	16	0	0	800	0	16	-1	-2	-1
686	16	0	0	800	0	16	-1	-2	-1
687	16	0	0	800	0	16	-1	-2	-1
688	16	0	0	800	0	16	-1	-2	-1
689	16	0	0	800	0	16	-1	-2	-1
690	16	0	0	800	0	16	-1	-2	-1
691	16	0	0	800	0	16	-1	-2	-1
692	16	0	0	800	0	16	-1	-2	-1
693	16	0	0	800	0	16	-1	-2	-1
694	16	0	0	800	0	16	-1	-2	-1
695	16	0	0	800	0	16	-1	-2	-1
696	16	0	0	800	0	16	-1	-2	-1
697	16	0	0	800	0	16	-1	-2	-1
698	16	0	0	800	0	16	-1	-2	-1
699	16	0	0	800	0	16	-1	-2	-1
700	16	0	0	800	0	16	-1	-2	-1
701	16	0	0	800	0	16	-1	-2	-1
702	16	0	0	800	0	16	-1	-2	-1
703	16	0	0	800	0	16	-1	-2	-1
704	16	0	0	800	0	16	-1	-2	-1
705	16	0	0	800	0	16	-1	-2	-1
706	16	0	0	800	0	16	-1	-2	-1
707	16	0	0	800	0	16	-1	-2	-1
708	16	0	0	800	0	16	-1	-2	-1
709	16	0	0	800	0	16	-1	-2	-1
710	16	0	0	800	0	16	-1	-2	-1
711	16	0	0	800	0	16	-1	-2	-1
712	16	0	0	800	0	16	-1	-2	-1
713	16	0	0	800	0	16	-1	-2	-1
714	16	0	0	800	0	16	-1	-2	-1
715	16	0	0	800	0	16	-1	-2	-1
716	16	0	0	800	0	16	-1	-2	-1
717	16	0	0	800	0	16	-1	-2	-1
718	16	0	0	800	0	16	-1	-2	-1
719	16	0	0	800	0	16	-1	-2	-1
720	16	0	0	800	0	16	-1	-2	-1
721	16	0	0	800	0	16	-1	-2	-1
722	16	0	0	800	0	16	-1	-2	-1
723	16	0	0	800	0	16	-1	-2	-1
724	16	0	0	800	0	16	-1	-2	-1
725	16	0	0	800	0	16	-1	-2	-1
726	16	0	0	800	0	16	-1	-2	-1
727	16	0	0	800	0	16	-1	-2	-1
728	16	0	0	800	0	16	-1	-2	-1
729	16	0	0	800	0	16	-1	-2	-1
730	16	0	0	800	0	16	-1	-2	-1
731	16	0	0	800	0	16	-1	-2	-1
732	16	0	0	800	0	16	-1	-2	-1
733	16	0	0	800	0	16	-1	-2	-1
734	16	0	0	800	0	16	-1	-2	-1
735	16	0	0	800	0	16	-1	-2	-1
736	16	0	0	800	0	16	-1	-2	-1
737	16	0	0	800	0	16	-1	-2	-1
738	16	0	0	800	0	16	-1	-2	-1
739	16	0	0	800	0	16	-1	-2	-1
740	16	0	0	800	0	16	-1	-2	-1
741	16	0	0	800	0	16	-1	-2	-1
742	16	0	0	800	0	16	-1	-2	-1
743	16	0	0	800	0	16	-1	-2	-1
744	16	0	0	800	0	16	-1	-2	-1
745	16	0	0	800	0	16	-1	-2	-1
746	16	0	0	800	0	16	-1	-2	-1
747	16	0	0	800	0	16	-1	-2	-1
748	16	0	0	800	0	16	-1	-2	-1
749	16	0	0	800	0	16	-1	-2	-1
750	16	0	0	800	0	16	-1	-2	-1
751	16	0	0	800	0	16	-1	-2	-1
752	16	0	0	800	0	16	-1	-2	-1
753	16	0	0	800	0	16	-1	-2	-1
754	16	0	0	800	0	16	-1	-2	-1
755	16	0	0	800	0	16	-1	-2	-1
756	16	0	0	800	0	16	-1	-2	-1
757	16	0	0	800	0	16	-1	-2	-1
758	16	0	0	800	0	16	-1	-2	-1
759	16	0	0	800	0	16	-1	-2	-1
760	16	0	0	800	0	16	-1	-2	-1
761	16	0	0	800	0	16	-1	-2	-1
762	16	0	0	800	0	16	-1	-2	-1
763	16	0	0	800	0	16	-1	-2	-1
764	16	0	0	800	0	16	-1	-2	-1
765	16	0	0	800	0	16	-1	-2	-1
766	16	0	0	800	0	16	-1	-2	-1
767	16	0	0	800	0	16	-1	-2	-1
768	16	0	0	800	0	16	-1	-2	-1
769	16	0	0	800	0	16	-1	-2	-1
770	16	0	0	800	0	16	-1	-2	-1
771	16	0	0	800	0	16	-1	-2	-1
772	16	0	0	800	0	16	-1	-2	-1
773	16	0	0	800	0	16	-1	-2	-1
774	16	0	0	800	0	16	-1	-2	-1
775	16	0	0	800	0	16	-1	-2	-1
776	16	0	0	800	0	16	-1	-2	-1
777	16	0	0	800	0	16	-1	-2	-1
778	16	0	0	800	0	16	-1	-2	-1
779	16	0	0	800	0	16	-1	-2	-1
780	16	0	0	800	0	16	-1	-2	-1
781	16	0	0	800	0	16	-1	-2	-1
782	16	0	0	800	0	16	-1	-2	-1
783	16	0	0	800	0	16	-1	-2	-1
784	16	0	0	800	0	16	-1	-2	-1
785	16	0	0	800	0	16	-1	-2	-1
786	16	0	0	800	0	16	-1	-2	-1
787	16	0	0	800	0	16	-1	-2	-1
788	16	0	0	800	0	16	-1	-2	-1
789	16	0	0	800	0	16	-1	-2	-1
790	16	0	0	800	0	16	-1	-2	-1
791	16	0	0	800	0	16	-1	-2	-1
792	16	0	0	800	0	16	-1	-2	-1
793	16	0	0	800	0	16	-1	-2	-1
794	16	0	0	800	0	16	-1	-2	-1
795	16	0	0	800	0	16	-1	-2	-1
796	16	0	0	800	0	16	-1	-2	-1
797	16	0	0	800	0	16	-1	-2	-1
798	16	0	0	800	0	16	-1	-2	-1
799	16	0	0	800	0	16	-1	-2	-1
800	16	0	0	800	0	16	-1	-2	-1
801	16	0	0	800	0	16	-1	-2	-1
802	16	0	0	800	0	16	-1	-2	-1
803	16	0	0	800	0	16	-1	-2	-1
804	16	0	0	800	0	16	-1	-2	-1
805	16	0	0	800	0	16	-1	-2	-1
806	16	0	0	800	0	16	-1	-2	-1
807	16	0	0	800	0	16	-1	-2	-1
808	16	0	0	800	0	16	-1	-2	-1
809	16	0	0	800	0	16	-1	-2	-1
810	16	0	0	800	0	16	-1	-2	-1
811	16	0	0	800	0	16	-1	-2	-1
812	16	0	0	800	0	16	-1	-2	-1
813	16	0	0	800	0	16	-1	-2	-1
814	16	0	0	800	0	16	-1	-2	-1
815	16	0	0	800	0	16	-1	-2	-1
816	16	0	0	800	0	16	-1	-2	-1
817	16	0	0	800	0	16	-1	-2	-1
818	16	0	0	800	0	16	-1	-2	-1
819	16	0	0	800	0	16	-1	-2	-1
820	16	0	0	800	0	16	-1	-2	-1
821	16	0	0	800	0	16	-1	-2	-1
822	16	0	0	800	0	16	-1	-2	-1
823	16	0	0	800	0	16	-1	-2	-1
824	16	0	0	800	0	16	-1	-2	-1
825	16	0	0	800	0	16	-1	-2	-1
826	16	0	0	800	0	16	-1	-2	-1
827	16	0	0	800	0	16	-1	-2	-1
828	16	0	0	800	0	16	-1	-2	-1
829	16	0	0	800	0	16	-1	-2	-1
830	16	0	0	800	0	16	-1	-2	-1
831	16	0	0	800	0	16	-1	-2	-1
832	16	0	0	800	0	16	-1	-2	-1
833	16	0	0	800	0	16	-1	-2	-1
834	16	0	0	800	0	16	-1	-2	-1
835	16	0	0	800	0	16	-1	-2	-1
836	16	0	0	800	0	16	-1	-2	-1
837	16	0	0	800	0	16	-1	-2	-1
838	16	0	0	800	0	16	-1	-2	-1
839	16	0	0	800	0	16	-1	-2	-1
840	16	1	1	800	840	16	16	-2	-1
841	16	1	1	800	840	16	16	-2	-1
842	16	1	1	800	840	16	16	-2	-1
843	16	1	1	800	840	16	16	-2	-1
844	16	1	1	800	840	16	16	-2	-1
845	16	1	1	800	840	16	16	-2	-1
846	16	1	1	800	840	16	16	-2	-1
847	16	1	1	800	840	16	16	-2	-1
848	16	1	1	800	840	16	16	-2	-1
849	16	1	1	800	840	16	16	-2	-1
850	16	1	1	800	840	16	16	-2	-1
851	16	1	1	800	840	16	16	-2	-1
852	16	1	1	800	840	16	16	-2	-1
853	16	1	1	800	840	16	16	-2	-1
854	16	1	1	800	840	16	16	-2	-1
855	16	1	1	800	840	16	16	-2	-1
856	16	1	1	800	840	16	16	-2	-1
857	16	1	1	800	840	16	16	-2	-1
858	16	1	1	800	840	16	16	-2	-1
859	16	1	1	800	840	16	16	-2	-1
860	16	1	1	800	840	16	16	-2	-1
861	16	1	1	800	840	16	16	-2	-1
862	16	1	1	800	840	16	16	-2	-1
863	16	1	1	800	840	16	16	-2	-1
864	16	1	1	800	840	16	16	-2	-1
