1	17	0	0	800	0	17	-1	5	-3
2	17	0	0	800	0	17	-1	5	-3
3	17	0	0	800	0	17	-1	5	-3
4	17	0	0	800	0	17	-1	5	-3
5	17	0	0	800	0	17	-1	5	-3
6	17	0	0	800	0	17	-1	5	-3
7	17	0	0	800	0	17	-1	5	-3
8	17	0	0	800	0	17	-1	5	-3
9	17	0	0	800	0	17	-1	5	-3
10	17	0	0	800	0	17	-1	5	-3
11	17	0	0	800	0	17	-1	5	-3
12	17	0	0	800	0	17	-1	5	-3
13	17	0	0	800	0	17	-1	5	-3
14	17	0	0	800	0	17	-1	5	-3
15	17	0	0	800	0	17	-1	5	-3
16	17	0	0	800	0	17	-1	5	-3
17	17	0	0	800	0	17	-1	5	-3
18	17	0	0	800	0	17	-1	5	-3
19	17	0	0	800	0	17	-1	5	-3
20	17	0	0	800	0	17	-1	5	-3
21	17	0	0	800	0	17	-1	5	-3
22	17	0	0	800	0	17	-1	5	-3
23	17	0	0	800	0	17	-1	5	-3
24	17	0	0	800	0	17	-1	5	-3
25	17	0	0	800	0	17	-1	5	-3
26	17	0	0	800	0	17	-1	5	-3
27	17	0	0	800	0	17	-1	5	-3
28	17	0	0	800	0	17	-1	5	-3
29	17	0	0	800	0	17	-1	5	-3
30	17	0	0	800	0	17	-1	5	-3
31	17	0	0	800	0	17	-1	5	-3
32	17	0	0	800	0	17	-1	5	-3
33	17	0	0	800	0	17	-1	5	-3
34	17	0	0	800	0	17	-1	5	-3
35	17	0	0	800	0	17	-1	5	-3
36	17	0	0	800	0	17	-1	5	-3
37	17	0	0	800	0	17	-1	5	-3
38	17	0	0	800	0	17	-1	5	-3
39	17	0	0	800	0	17	-1	5	-3
40	17	0	0	800	0	17	-1	5	-3
41	17	0	0	800	0	17	-1	5	-3
42	17	0	0	800	0	17	-1	5	-3
43	17	0	0	800	0	17	-1	5	-3
44	17	0	0	800	0	17	-1	5	-3
45	17	0	0	800	0	17	-1	5	-3
46	17	0	0	800	0	17	-1	5	-3
47	17	0	0	800	0	17	-1	5	-3
48	17	0	0	800	0	17	-1	5	-3
49	17	0	0	800	0	17	-1	5	-3
50	17	0	0	800	0	17	-1	5	-3
51	17	0	0	800	0	17	-1	5	-3
52	17	0	0	800	0	17	-1	5	-3
53	17	0	0	800	0	17	-1	5	-3
54	17	0	0	800	0	17	-1	5	-3
55	17	0	0	800	0	17	-1	5	-3
56	17	0	0	800	0	17	-1	5	-3
57	17	0	0	800	0	17	-1	5	-3
58	17	0	0	800	0	17	-1	5	-3
59	17	0	0	800	0	17	-1	5	-3
60	17	0	0	800	0	17	-1	5	-3
61	17	0	0	800	0	17	-1	5	-3
62	17	0	0	800	0	17	-1	5	-3
63	17	0	0	800	0	17	-1	5	-3
64	17	0	0	800	0	17	-1	5	-3
65	17	0	0	800	0	17	-1	5	-3
66	17	0	0	800	0	17	-1	5	-3
67	17	0	0	800	0	17	-1	5	-3
68	17	0	0	800	0	17	-1	5	-3
69	17	0	0	800	0	17	-1	5	-3
70	17	0	0	800	0	17	-1	5	-3
71	17	0	0	800	0	17	-1	5	-3
72	17	0	0	800	0	17	-1	5	-3
73	17	0	0	800	0	17	-1	5	-3
74	17	0	0	800	0	17	-1	5	-3
75	17	0	0	800	0	17	-1	5	-3
76	17	0	0	800	0	17	-1	5	-3
77	17	0	0	800	0	17	-1	5	-3
78	17	0	0	800	0	17	-1	5	-3
79	17	0	0	800	0	17	-1	5	-3
80	17	0	0	800	0	17	-1	5	-3
81	17	0	0	800	0	17	-1	5	-3
82	17	0	0	800	0	17	-1	5	-3
83	17	0	0	800	0	17	-1	5	-3
84	17	0	0	800	0	17	-1	5	-3
85	17	0	0	800	0	17	-1	5	-3
86	17	0	0	800	0	17	-1	5	-3
87	17	0	0	800	0	17	-1	5	-3
88	17	0	0	800	0	17	-1	5	-3
89	17	0	0	800	0	17	-1	5	-3
90	17	0	0	800	0	17	-1	5	-3
91	17	0	0	800	0	17	-1	5	-3
92	17	0	0	800	0	17	-1	5	-3
93	17	0	0	800	0	17	-1	5	-3
94	17	0	0	800	0	17	-1	5	-3
95	17	0	0	800	0	17	-1	5	-3
96	17	0	0	800	0	17	-1	5	-3
97	17	0	0	800	0	17	-1	5	-3
98	17	0	0	800	0	17	-1	5	-3
99	17	0	0	800	0	17	-1	5	-3
100	17	0	0	800	0	17	-1	5	-3
101	17	0	0	800	0	17	-1	5	-3
102	17	0	0	800	0	17	-1	5	-3
103	17	0	0	800	0	17	-1	5	-3
104	17	0	0	800	0	17	-1	5	-3
105	17	0	0	800	0	17	-1	5	-3
106	17	0	0	800	0	17	-1	5	-3
107	17	0	0	800	0	17	-1	5	-3
108	17	0	0	800	0	17	-1	5	-3
109	17	0	0	800	0	17	-1	5	-3
110	17	0	0	800	0	17	-1	5	-3
111	17	0	0	800	0	17	-1	5	-3
112	17	0	0	800	0	17	-1	5	-3
113	17	0	0	800	0	17	-1	5	-3
114	17	0	0	800	0	17	-1	5	-3
115	17	0	0	800	0	17	-1	5	-3
116	17	0	0	800	0	17	-1	5	-3
117	17	0	0	800	0	17	-1	5	-3
118	17	0	0	800	0	17	-1	5	-3
119	17	0	0	800	0	17	-1	5	-3
120	17	0	0	800	0	17	-1	5	-3
121	17	0	0	800	0	17	-1	5	-3
122	17	0	0	800	0	17	-1	5	-3
123	17	0	0	800	0	17	-1	5	-3
124	17	0	0	800	0	17	-1	5	-3
125	17	0	0	800	0	17	-1	5	-3
126	17	0	0	800	0	17	-1	5	-3
127	17	0	0	800	0	17	-1	5	-3
128	17	0	0	800	0	17	-1	5	-3
129	17	0	0	800	0	17	-1	5	-3
130	17	0	0	800	0	17	-1	5	-3
131	17	0	0	800	0	17	-1	5	-3
132	17	0	0	800	0	17	-1	5	-3
133	17	0	0	800	0	17	-1	5	-3
134	17	0	0	800	0	17	-1	5	-3
135	17	0	0	800	0	17	-1	5	-3
136	17	0	0	800	0	17	-1	5	-3
137	17	0	0	800	0	17	-1	5	-3
138	17	0	0	800	0	17	-1	5	-3
139	17	0	0	800	0	17	-1	5	-3
140	17	0	0	800	0	17	-1	5	-3
141	17	0	0	800	0	17	-1	5	-3
142	17	0	0	800	0	17	-1	5	-3
143	17	0	0	800	0	17	-1	5	-3
144	17	0	0	800	0	17	-1	5	-3
145	17	0	0	800	0	17	-1	5	-3
146	17	0	0	800	0	17	-1	5	-3
147	17	0	0	800	0	17	-1	5	-3
148	17	0	0	800	0	17	-1	5	-3
149	17	0	0	800	0	17	-1	5	-3
150	17	0	0	800	0	17	-1	5	-3
151	17	0	0	800	0	17	-1	5	-3
152	17	0	0	800	0	17	-1	5	-3
153	17	0	0	800	0	17	-1	5	-3
154	17	0	0	800	0	17	-1	5	-3
155	17	0	0	800	0	17	-1	5	-3
156	17	0	0	800	0	17	-1	5	-3
157	17	0	0	800	0	17	-1	5	-3
158	17	0	0	800	0	17	-1	5	-3
159	17	0	0	800	0	17	-1	5	-3
160	17	0	0	800	0	17	-1	5	-3
161	17	0	0	800	0	17	-1	5	-3
162	17	0	0	800	0	17	-1	5	-3
163	17	0	0	800	0	17	-1	5	-3
164	17	0	0	800	0	17	-1	5	-3
165	17	0	0	800	0	17	-1	5	-3
166	17	0	0	800	0	17	-1	5	-3
167	17	0	0	800	0	17	-1	5	-3
168	17	0	0	800	0	17	-1	5	-3
169	17	0	0	800	0	17	-1	5	-3
170	17	0	0	800	0	17	-1	5	-3
171	17	0	0	800	0	17	-1	5	-3
172	17	0	0	800	0	17	-1	5	-3
173	17	0	0	800	0	17	-1	5	-3
174	17	0	0	800	0	17	-1	5	-3
175	17	0	0	800	0	17	-1	5	-3
176	17	0	0	800	0	17	-1	5	-3
177	17	0	0	800	0	17	-1	5	-3
178	17	0	0	800	0	17	-1	5	-3
179	17	0	0	800	0	17	-1	5	-3
180	17	0	0	800	0	17	-1	5	-3
181	17	0	0	800	0	17	-1	5	-3
182	17	0	0	800	0	17	-1	5	-3
183	17	0	0	800	0	17	-1	5	-3
184	17	0	0	800	0	17	-1	5	-3
185	17	0	0	800	0	17	-1	5	-3
186	17	0	0	800	0	17	-1	5	-3
187	17	0	0	800	0	17	-1	5	-3
188	17	0	0	800	0	17	-1	5	-3
189	17	0	0	800	0	17	-1	5	-3
190	17	0	0	800	0	17	-1	5	-3
191	17	0	0	800	0	17	-1	5	-3
192	17	0	0	800	0	17	-1	5	-3
193	17	0	0	800	0	17	-1	5	-3
194	17	0	0	800	0	17	-1	5	-3
195	17	0	0	800	0	17	-1	5	-3
196	17	0	0	800	0	17	-1	5	-3
197	17	0	0	800	0	17	-1	5	-3
198	17	0	0	800	0	17	-1	5	-3
199	17	0	0	800	0	17	-1	5	-3
200	17	0	0	800	0	17	-1	5	-3
201	17	0	0	800	0	17	-1	5	-3
202	17	0	0	800	0	17	-1	5	-3
203	17	0	0	800	0	17	-1	5	-3
204	17	0	0	800	0	17	-1	5	-3
205	17	0	0	800	0	17	-1	5	-3
206	17	0	0	800	0	17	-1	5	-3
207	17	0	0	800	0	17	-1	5	-3
208	17	0	0	800	0	17	-1	5	-3
209	17	0	0	800	0	17	-1	5	-3
210	17	0	0	800	0	17	-1	5	-3
211	17	0	0	800	0	17	-1	5	-3
212	17	0	0	800	0	17	-1	5	-3
213	17	0	0	800	0	17	-1	5	-3
214	17	0	0	800	0	17	-1	5	-3
215	17	0	0	800	0	17	-1	5	-3
216	17	0	0	800	0	17	-1	5	-3
217	17	0	0	800	0	17	-1	5	-3
218	17	0	0	800	0	17	-1	5	-3
219	17	0	0	800	0	17	-1	5	-3
220	17	0	0	800	0	17	-1	5	-3
221	17	0	0	800	0	17	-1	5	-3
222	17	0	0	800	0	17	-1	5	-3
223	17	0	0	800	0	17	-1	5	-3
224	17	0	0	800	0	17	-1	5	-3
225	17	0	0	800	0	17	-1	5	-3
226	17	0	0	800	0	17	-1	5	-3
227	17	0	0	800	0	17	-1	5	-3
228	17	0	0	800	0	17	-1	5	-3
229	17	0	0	800	0	17	-1	5	-3
230	17	0	0	800	0	17	-1	5	-3
231	17	0	0	800	0	17	-1	5	-3
232	17	0	0	800	0	17	-1	5	-3
233	17	0	0	800	0	17	-1	5	-3
234	17	0	0	800	0	17	-1	5	-3
235	17	0	0	800	0	17	-1	5	-3
236	17	0	0	800	0	17	-1	5	-3
237	17	0	0	800	0	17	-1	5	-3
238	17	0	0	800	0	17	-1	5	-3
239	17	0	0	800	0	17	-1	5	-3
240	17	0	0	800	0	17	-1	5	-3
241	17	0	0	800	0	17	-1	5	-3
242	17	0	0	800	0	17	-1	5	-3
243	17	0	0	800	0	17	-1	5	-3
244	17	0	0	800	0	17	-1	5	-3
245	17	0	0	800	0	17	-1	5	-3
246	17	0	0	800	0	17	-1	5	-3
247	17	0	0	800	0	17	-1	5	-3
248	17	0	0	800	0	17	-1	5	-3
249	17	0	0	800	0	17	-1	5	-3
250	17	0	0	800	0	17	-1	5	-3
251	17	0	0	800	0	17	-1	5	-3
252	17	0	0	800	0	17	-1	5	-3
253	17	0	0	800	0	17	-1	5	-3
254	17	0	0	800	0	17	-1	5	-3
255	17	0	0	800	0	17	-1	5	-3
256	17	0	0	800	0	17	-1	5	-3
257	17	0	0	800	0	17	-1	5	-3
258	17	0	0	800	0	17	-1	5	-3
259	17	0	0	800	0	17	-1	5	-3
260	17	0	0	800	0	17	-1	5	-3
261	17	0	0	800	0	17	-1	5	-3
262	17	0	0	800	0	17	-1	5	-3
263	17	0	0	800	0	17	-1	5	-3
264	17	0	0	800	0	17	-1	5	-3
265	17	0	0	800	0	17	-1	5	-3
266	17	0	0	800	0	17	-1	5	-3
267	17	0	0	800	0	17	-1	5	-3
268	17	0	0	800	0	17	-1	5	-3
269	17	0	0	800	0	17	-1	5	-3
270	17	0	0	800	0	17	-1	5	-3
271	17	0	0	800	0	17	-1	5	-3
272	17	0	0	800	0	17	-1	5	-3
273	17	0	0	800	0	17	-1	5	-3
274	17	0	0	800	0	17	-1	5	-3
275	17	0	0	800	0	17	-1	5	-3
276	17	0	0	800	0	17	-1	5	-3
277	17	0	0	800	0	17	-1	5	-3
278	17	0	0	800	0	17	-1	5	-3
279	17	0	0	800	0	17	-1	5	-3
280	17	0	0	800	0	17	-1	5	-3
281	17	0	0	800	0	17	-1	5	-3
282	17	0	0	800	0	17	-1	5	-3
283	17	0	0	800	0	17	-1	5	-3
284	17	0	0	800	0	17	-1	5	-3
285	17	0	0	800	0	17	-1	5	-3
286	17	0	0	800	0	17	-1	5	-3
287	17	0	0	800	0	17	-1	5	-3
288	17	0	0	800	0	17	-1	5	-3
289	17	0	0	800	0	17	-1	5	-3
290	17	0	0	800	0	17	-1	5	-3
291	17	0	0	800	0	17	-1	5	-3
292	17	0	0	800	0	17	-1	5	-3
293	17	0	0	800	0	17	-1	5	-3
294	17	0	0	800	0	17	-1	5	-3
295	17	0	0	800	0	17	-1	5	-3
296	17	0	0	800	0	17	-1	5	-3
297	17	0	0	800	0	17	-1	5	-3
298	17	0	0	800	0	17	-1	5	-3
299	17	0	0	800	0	17	-1	5	-3
300	17	0	0	800	0	17	-1	5	-3
301	17	0	0	800	0	17	-1	5	-3
302	17	0	0	800	0	17	-1	5	-3
303	17	0	0	800	0	17	-1	5	-3
304	17	0	0	800	0	17	-1	5	-3
305	17	0	0	800	0	17	-1	5	-3
306	17	0	0	800	0	17	-1	5	-3
307	17	0	0	800	0	17	-1	5	-3
308	17	0	0	800	0	17	-1	5	-3
309	17	0	0	800	0	17	-1	5	-3
310	17	0	0	800	0	17	-1	5	-3
311	17	0	0	800	0	17	-1	5	-3
312	17	0	0	800	0	17	-1	5	-3
313	17	0	0	800	0	17	-1	5	-3
314	17	0	0	800	0	17	-1	5	-3
315	17	0	0	800	0	17	-1	5	-3
316	17	0	0	800	0	17	-1	5	-3
317	17	0	0	800	0	17	-1	5	-3
318	17	0	0	800	0	17	-1	5	-3
319	17	0	0	800	0	17	-1	5	-3
320	17	0	0	800	0	17	-1	5	-3
321	17	0	0	800	0	17	-1	5	-3
322	17	0	0	800	0	17	-1	5	-3
323	17	0	0	800	0	17	-1	5	-3
324	17	0	0	800	0	17	-1	5	-3
325	17	0	0	800	0	17	-1	5	-3
326	17	0	0	800	0	17	-1	5	-3
327	17	0	0	800	0	17	-1	5	-3
328	17	0	0	800	0	17	-1	5	-3
329	17	0	0	800	0	17	-1	5	-3
330	17	0	0	800	0	17	-1	5	-3
331	17	0	0	800	0	17	-1	5	-3
332	17	0	0	800	0	17	-1	5	-3
333	17	0	0	800	0	17	-1	5	-3
334	17	0	0	800	0	17	-1	5	-3
335	17	0	0	800	0	17	-1	5	-3
336	17	0	0	800	0	17	-1	5	-3
337	17	0	0	800	0	17	-1	5	-3
338	17	0	0	800	0	17	-1	5	-3
339	17	0	0	800	0	17	-1	5	-3
340	17	0	0	800	0	17	-1	5	-3
341	17	0	0	800	0	17	-1	5	-3
342	17	0	0	800	0	17	-1	5	-3
343	17	0	0	800	0	17	-1	5	-3
344	17	0	0	800	0	17	-1	5	-3
345	17	0	0	800	0	17	-1	5	-3
346	17	0	0	800	0	17	-1	5	-3
347	17	0	0	800	0	17	-1	5	-3
348	17	0	0	800	0	17	-1	5	-3
349	17	0	0	800	0	17	-1	5	-3
350	17	0	0	800	0	17	-1	5	-3
351	17	0	0	800	0	17	-1	5	-3
352	17	0	0	800	0	17	-1	5	-3
353	17	0	0	800	0	17	-1	5	-3
354	17	0	0	800	0	17	-1	5	-3
355	17	0	0	800	0	17	-1	5	-3
356	17	0	0	800	0	17	-1	5	-3
357	17	0	0	800	0	17	-1	5	-3
358	17	0	0	800	0	17	-1	5	-3
359	17	0	0	800	0	17	-1	5	-3
360	17	0	0	800	0	17	-1	5	-3
361	17	0	0	800	0	17	-1	5	-3
362	17	0	0	800	0	17	-1	5	-3
363	17	0	0	800	0	17	-1	5	-3
364	17	0	0	800	0	17	-1	5	-3
365	17	0	0	800	0	17	-1	5	-3
366	17	0	0	800	0	17	-1	5	-3
367	17	0	0	800	0	17	-1	5	-3
368	17	0	0	800	0	17	-1	5	-3
369	17	0	0	800	0	17	-1	5	-3
370	17	0	0	800	0	17	-1	5	-3
371	17	0	0	800	0	17	-1	5	-3
372	17	0	0	800	0	17	-1	5	-3
373	17	0	0	800	0	17	-1	5	-3
374	17	0	0	800	0	17	-1	5	-3
375	17	0	0	800	0	17	-1	5	-3
376	17	0	0	800	0	17	-1	5	-3
377	17	0	0	800	0	17	-1	5	-3
378	17	0	0	800	0	17	-1	5	-3
379	17	0	0	800	0	17	-1	5	-3
380	17	0	0	800	0	17	-1	5	-3
381	17	0	0	800	0	17	-1	5	-3
382	17	0	0	800	0	17	-1	5	-3
383	17	0	0	800	0	17	-1	5	-3
384	17	0	0	800	0	17	-1	5	-3
385	17	0	0	800	0	17	-1	5	-3
386	17	0	0	800	0	17	-1	5	-3
387	17	0	0	800	0	17	-1	5	-3
388	17	0	0	800	0	17	-1	5	-3
389	17	0	0	800	0	17	-1	5	-3
390	17	0	0	800	0	17	-1	5	-3
391	17	0	0	800	0	17	-1	5	-3
392	17	0	0	800	0	17	-1	5	-3
393	17	0	0	800	0	17	-1	5	-3
394	17	0	0	800	0	17	-1	5	-3
395	17	0	0	800	0	17	-1	5	-3
396	17	0	0	800	0	17	-1	5	-3
397	17	0	0	800	0	17	-1	5	-3
398	17	0	0	800	0	17	-1	5	-3
399	17	0	0	800	0	17	-1	5	-3
400	17	0	0	800	0	17	-1	5	-3
401	17	0	0	800	0	17	-1	5	-3
402	17	0	0	800	0	17	-1	5	-3
403	17	0	0	800	0	17	-1	5	-3
404	17	0	0	800	0	17	-1	5	-3
405	17	0	0	800	0	17	-1	5	-3
406	17	0	0	800	0	17	-1	5	-3
407	17	0	0	800	0	17	-1	5	-3
408	17	0	0	800	0	17	-1	5	-3
409	17	0	0	800	0	17	-1	5	-3
410	17	0	0	800	0	17	-1	5	-3
411	17	0	0	800	0	17	-1	5	-3
412	17	0	0	800	0	17	-1	5	-3
413	17	0	0	800	0	17	-1	5	-3
414	17	0	0	800	0	17	-1	5	-3
415	17	0	0	800	0	17	-1	5	-3
416	17	0	0	800	0	17	-1	5	-3
417	17	0	0	800	0	17	-1	5	-3
418	17	0	0	800	0	17	-1	5	-3
419	17	0	0	800	0	17	-1	5	-3
420	17	0	0	800	0	17	-1	5	-3
421	17	0	0	800	0	17	-1	5	-3
422	17	0	0	800	0	17	-1	5	-3
423	17	0	0	800	0	17	-1	5	-3
424	17	0	0	800	0	17	-1	5	-3
425	17	0	0	800	0	17	-1	5	-3
426	17	0	0	800	0	17	-1	5	-3
427	17	0	0	800	0	17	-1	5	-3
428	17	0	0	800	0	17	-1	5	-3
429	17	0	0	800	0	17	-1	5	-3
430	17	0	0	800	0	17	-1	5	-3
431	17	0	0	800	0	17	-1	5	-3
432	17	0	0	800	0	17	-1	5	-3
433	17	0	0	800	0	17	-1	5	-3
434	17	0	0	800	0	17	-1	5	-3
435	17	0	0	800	0	17	-1	5	-3
436	17	0	0	800	0	17	-1	5	-3
437	17	0	0	800	0	17	-1	5	-3
438	17	0	0	800	0	17	-1	5	-3
439	17	0	0	800	0	17	-1	5	-3
440	17	0	0	800	0	17	-1	5	-3
441	17	0	0	800	0	17	-1	5	-3
442	17	0	0	800	0	17	-1	5	-3
443	17	0	0	800	0	17	-1	5	-3
444	17	0	0	800	0	17	-1	5	-3
445	17	0	0	800	0	17	-1	5	-3
446	17	0	0	800	0	17	-1	5	-3
447	17	0	0	800	0	17	-1	5	-3
448	17	0	0	800	0	17	-1	5	-3
449	17	0	0	800	0	17	-1	5	-3
450	17	0	0	800	0	17	-1	5	-3
451	17	0	0	800	0	17	-1	5	-3
452	17	0	0	800	0	17	-1	5	-3
453	17	0	0	800	0	17	-1	5	-3
454	17	0	0	800	0	17	-1	5	-3
455	17	0	0	800	0	17	-1	5	-3
456	17	0	0	800	0	17	-1	5	-3
457	17	0	0	800	0	17	-1	5	-3
458	17	0	0	800	0	17	-1	5	-3
459	17	0	0	800	0	17	-1	5	-3
460	17	0	0	800	0	17	-1	5	-3
461	17	0	0	800	0	17	-1	5	-3
462	17	0	0	800	0	17	-1	5	-3
463	17	0	0	800	0	17	-1	5	-3
464	17	0	0	800	0	17	-1	5	-3
465	17	0	0	800	0	17	-1	5	-3
466	17	0	0	800	0	17	-1	5	-3
467	17	0	0	800	0	17	-1	5	-3
468	17	0	0	800	0	17	-1	5	-3
469	17	0	0	800	0	17	-1	5	-3
470	17	0	0	800	0	17	-1	5	-3
471	17	0	0	800	0	17	-1	5	-3
472	17	0	0	800	0	17	-1	5	-3
473	17	0	0	800	0	17	-1	5	-3
474	17	0	0	800	0	17	-1	5	-3
475	17	0	0	800	0	17	-1	5	-3
476	17	0	0	800	0	17	-1	5	-3
477	17	0	0	800	0	17	-1	5	-3
478	17	0	0	800	0	17	-1	5	-3
479	17	0	0	800	0	17	-1	5	-3
480	17	0	0	800	0	17	-1	5	-3
481	17	0	0	800	0	17	-1	5	-3
482	17	0	0	800	0	17	-1	5	-3
483	17	0	0	800	0	17	-1	5	-3
484	17	0	0	800	0	17	-1	5	-3
485	17	0	0	800	0	17	-1	5	-3
486	17	0	0	800	0	17	-1	5	-3
487	17	0	0	800	0	17	-1	5	-3
488	17	0	0	800	0	17	-1	5	-3
489	17	0	0	800	0	17	-1	5	-3
490	17	0	0	800	0	17	-1	5	-3
491	17	0	0	800	0	17	-1	5	-3
492	17	0	0	800	0	17	-1	5	-3
493	17	0	0	800	0	17	-1	5	-3
494	17	0	0	800	0	17	-1	5	-3
495	17	0	0	800	0	17	-1	5	-3
496	17	0	0	800	0	17	-1	5	-3
497	17	0	0	800	0	17	-1	5	-3
498	17	0	0	800	0	17	-1	5	-3
499	17	0	0	800	0	17	-1	5	-3
500	17	0	0	800	0	17	-1	5	-3
501	17	0	0	800	0	17	-1	5	-3
502	17	0	0	800	0	17	-1	5	-3
503	17	0	0	800	0	17	-1	5	-3
504	17	0	0	800	0	17	-1	5	-3
505	17	0	0	800	0	17	-1	5	-3
506	17	0	0	800	0	17	-1	5	-3
507	17	0	0	800	0	17	-1	5	-3
508	17	0	0	800	0	17	-1	5	-3
509	17	0	0	800	0	17	-1	5	-3
510	17	0	0	800	0	17	-1	5	-3
511	17	0	0	800	0	17	-1	5	-3
512	17	0	0	800	0	17	-1	5	-3
513	17	0	0	800	0	17	-1	5	-3
514	17	0	0	800	0	17	-1	5	-3
515	17	0	0	800	0	17	-1	5	-3
516	17	0	0	800	0	17	-1	5	-3
517	17	0	0	800	0	17	-1	5	-3
518	17	0	0	800	0	17	-1	5	-3
519	17	0	0	800	0	17	-1	5	-3
520	17	0	0	800	0	17	-1	5	-3
521	17	0	0	800	0	17	-1	5	-3
522	17	0	0	800	0	17	-1	5	-3
523	17	0	0	800	0	17	-1	5	-3
524	17	0	0	800	0	17	-1	5	-3
525	17	0	0	800	0	17	-1	5	-3
526	17	0	0	800	0	17	-1	5	-3
527	17	0	0	800	0	17	-1	5	-3
528	17	0	0	800	0	17	-1	5	-3
529	17	0	0	800	0	17	-1	5	-3
530	17	0	0	800	0	17	-1	5	-3
531	17	0	0	800	0	17	-1	5	-3
532	17	0	0	800	0	17	-1	5	-3
533	17	0	0	800	0	17	-1	5	-3
534	17	0	0	800	0	17	-1	5	-3
535	17	0	0	800	0	17	-1	5	-3
536	17	0	0	800	0	17	-1	5	-3
537	17	0	0	800	0	17	-1	5	-3
538	17	0	0	800	0	17	-1	5	-3
539	17	0	0	800	0	17	-1	5	-3
540	17	0	0	800	0	17	-1	5	-3
541	17	0	0	800	0	17	-1	5	-3
542	17	0	0	800	0	17	-1	5	-3
543	17	0	0	800	0	17	-1	5	-3
544	17	0	0	800	0	17	-1	5	-3
545	17	0	0	800	0	17	-1	5	-3
546	17	0	0	800	0	17	-1	5	-3
547	17	0	0	800	0	17	-1	5	-3
548	17	0	0	800	0	17	-1	5	-3
549	17	0	0	800	0	17	-1	5	-3
550	17	0	0	800	0	17	-1	5	-3
551	17	0	0	800	0	17	-1	5	-3
552	17	0	0	800	0	17	-1	5	-3
553	17	0	0	800	0	17	-1	5	-3
554	17	0	0	800	0	17	-1	5	-3
555	17	0	0	800	0	17	-1	5	-3
556	17	0	0	800	0	17	-1	5	-3
557	17	0	0	800	0	17	-1	5	-3
558	17	0	0	800	0	17	-1	5	-3
559	17	0	0	800	0	17	-1	5	-3
560	17	0	0	800	0	17	-1	5	-3
561	17	0	0	800	0	17	-1	5	-3
562	17	0	0	800	0	17	-1	5	-3
563	17	0	0	800	0	17	-1	5	-3
564	17	0	0	800	0	17	-1	5	-3
565	17	0	0	800	0	17	-1	5	-3
566	17	0	0	800	0	17	-1	5	-3
567	17	0	0	800	0	17	-1	5	-3
568	17	0	0	800	0	17	-1	5	-3
569	17	0	0	800	0	17	-1	5	-3
570	17	0	0	800	0	17	-1	5	-3
571	17	0	0	800	0	17	-1	5	-3
572	17	0	0	800	0	17	-1	5	-3
573	17	0	0	800	0	17	-1	5	-3
574	17	0	0	800	0	17	-1	5	-3
575	17	0	0	800	0	17	-1	5	-3
576	17	0	0	800	0	17	-1	5	-3
577	17	0	0	800	0	17	-1	5	-3
578	17	0	0	800	0	17	-1	5	-3
579	17	0	0	800	0	17	-1	5	-3
580	17	0	0	800	0	17	-1	5	-3
581	17	0	0	800	0	17	-1	5	-3
582	17	0	0	800	0	17	-1	5	-3
583	17	0	0	800	0	17	-1	5	-3
584	17	0	0	800	0	17	-1	5	-3
585	17	0	0	800	0	17	-1	5	-3
586	17	0	0	800	0	17	-1	5	-3
587	17	0	0	800	0	17	-1	5	-3
588	17	0	0	800	0	17	-1	5	-3
589	17	0	0	800	0	17	-1	5	-3
590	17	0	0	800	0	17	-1	5	-3
591	17	0	0	800	0	17	-1	5	-3
592	17	0	0	800	0	17	-1	5	-3
593	17	0	0	800	0	17	-1	5	-3
594	17	0	0	800	0	17	-1	5	-3
595	17	0	0	800	0	17	-1	5	-3
596	17	0	0	800	0	17	-1	5	-3
597	17	0	0	800	0	17	-1	5	-3
598	17	0	0	800	0	17	-1	5	-3
599	17	0	0	800	0	17	-1	5	-3
600	17	0	0	800	0	17	-1	5	-3
601	17	0	0	800	0	17	-1	5	-3
602	17	0	0	800	0	17	-1	5	-3
603	17	0	0	800	0	17	-1	5	-3
604	17	0	0	800	0	17	-1	5	-3
605	17	0	0	800	0	17	-1	5	-3
606	17	0	0	800	0	17	-1	5	-3
607	17	0	0	800	0	17	-1	5	-3
608	17	0	0	800	0	17	-1	5	-3
609	17	0	0	800	0	17	-1	5	-3
610	17	0	0	800	0	17	-1	5	-3
611	17	0	0	800	0	17	-1	5	-3
612	17	0	0	800	0	17	-1	5	-3
613	17	0	0	800	0	17	-1	5	-3
614	17	0	0	800	0	17	-1	5	-3
615	17	0	0	800	0	17	-1	5	-3
616	17	0	0	800	0	17	-1	5	-3
617	17	0	0	800	0	17	-1	5	-3
618	17	0	0	800	0	17	-1	5	-3
619	17	0	0	800	0	17	-1	5	-3
620	17	0	0	800	0	17	-1	5	-3
621	17	0	0	800	0	17	-1	5	-3
622	17	0	0	800	0	17	-1	5	-3
623	17	0	0	800	0	17	-1	5	-3
624	17	0	0	800	0	17	-1	5	-3
625	17	0	0	800	0	17	-1	5	-3
626	17	0	0	800	0	17	-1	5	-3
627	17	0	0	800	0	17	-1	5	-3
628	17	0	0	800	0	17	-1	5	-3
629	17	0	0	800	0	17	-1	5	-3
630	17	0	0	800	0	17	-1	5	-3
631	17	0	0	800	0	17	-1	5	-3
632	17	0	0	800	0	17	-1	5	-3
633	17	0	0	800	0	17	-1	5	-3
634	17	0	0	800	0	17	-1	5	-3
635	17	0	0	800	0	17	-1	5	-3
636	17	0	0	800	0	17	-1	5	-3
637	17	0	0	800	0	17	-1	5	-3
638	17	0	0	800	0	17	-1	5	-3
639	17	0	0	800	0	17	-1	5	-3
640	17	0	0	800	0	17	-1	5	-3
641	17	0	0	800	0	17	-1	5	-3
642	17	0	0	800	0	17	-1	5	-3
643	17	0	0	800	0	17	-1	5	-3
644	17	0	0	800	0	17	-1	5	-3
645	17	0	0	800	0	17	-1	5	-3
646	17	0	0	800	0	17	-1	5	-3
647	17	0	0	800	0	17	-1	5	-3
648	17	0	0	800	0	17	-1	5	-3
649	17	0	0	800	0	17	-1	5	-3
650	17	0	0	800	0	17	-1	5	-3
651	17	0	0	800	0	17	-1	5	-3
652	17	0	0	800	0	17	-1	5	-3
653	17	0	0	800	0	17	-1	5	-3
654	17	0	0	800	0	17	-1	5	-3
655	17	0	0	800	0	17	-1	5	-3
656	17	0	0	800	0	17	-1	5	-3
657	17	0	0	800	0	17	-1	5	-3
658	17	0	0	800	0	17	-1	5	-3
659	17	0	0	800	0	17	-1	5	-3
660	17	0	0	800	0	17	-1	5	-3
661	17	0	0	800	0	17	-1	5	-3
662	17	0	0	800	0	17	-1	5	-3
663	17	0	0	800	0	17	-1	5	-3
664	17	0	0	800	0	17	-1	5	-3
665	17	0	0	800	0	17	-1	5	-3
666	17	0	0	800	0	17	-1	5	-3
667	17	0	0	800	0	17	-1	5	-3
668	17	0	0	800	0	17	-1	5	-3
669	17	0	0	800	0	17	-1	5	-3
670	17	0	0	800	0	17	-1	5	-3
671	17	0	0	800	0	17	-1	5	-3
672	17	0	0	800	0	17	-1	5	-3
673	17	0	0	800	0	17	-1	5	-3
674	17	0	0	800	0	17	-1	5	-3
675	17	0	0	800	0	17	-1	5	-3
676	17	0	0	800	0	17	-1	5	-3
677	17	0	0	800	0	17	-1	5	-3
678	17	0	0	800	0	17	-1	5	-3
679	17	0	0	800	0	17	-1	5	-3
680	17	0	0	800	0	17	-1	5	-3
681	17	0	0	800	0	17	-1	5	-3
682	17	0	0	800	0	17	-1	5	-3
683	17	0	0	800	0	17	-1	5	-3
684	17	0	0	800	0	17	-1	5	-3
685	17	0	0	800	0	17	-1	5	-3
686	17	0	0	800	0	17	-1	5	-3
687	17	0	0	800	0	17	-1	5	-3
688	17	0	0	800	0	17	-1	5	-3
689	17	0	0	800	0	17	-1	5	-3
690	17	0	0	800	0	17	-1	5	-3
691	17	0	0	800	0	17	-1	5	-3
692	17	0	0	800	0	17	-1	5	-3
693	17	0	0	800	0	17	-1	5	-3
694	17	0	0	800	0	17	-1	5	-3
695	17	0	0	800	0	17	-1	5	-3
696	17	0	0	800	0	17	-1	5	-3
697	17	0	0	800	0	17	-1	5	-3
698	17	0	0	800	0	17	-1	5	-3
699	17	0	0	800	0	17	-1	5	-3
700	17	0	0	800	0	17	-1	5	-3
701	17	0	0	800	0	17	-1	5	-3
702	17	0	0	800	0	17	-1	5	-3
703	17	0	0	800	0	17	-1	5	-3
704	17	0	0	800	0	17	-1	5	-3
705	17	0	0	800	0	17	-1	5	-3
706	17	0	0	800	0	17	-1	5	-3
707	17	0	0	800	0	17	-1	5	-3
708	17	0	0	800	0	17	-1	5	-3
709	17	0	0	800	0	17	-1	5	-3
710	17	0	0	800	0	17	-1	5	-3
711	17	0	0	800	0	17	-1	5	-3
712	17	0	0	800	0	17	-1	5	-3
713	17	0	0	800	0	17	-1	5	-3
714	17	0	0	800	0	17	-1	5	-3
715	17	0	0	800	0	17	-1	5	-3
716	17	0	0	800	0	17	-1	5	-3
717	17	0	0	800	0	17	-1	5	-3
718	17	0	0	800	0	17	-1	5	-3
719	17	0	0	800	0	17	-1	5	-3
720	17	0	0	800	0	17	-1	5	-3
721	17	0	0	800	0	17	-1	5	-3
722	17	0	0	800	0	17	-1	5	-3
723	17	0	0	800	0	17	-1	5	-3
724	17	0	0	800	0	17	-1	5	-3
725	17	0	0	800	0	17	-1	5	-3
726	17	0	0	800	0	17	-1	5	-3
727	17	0	0	800	0	17	-1	5	-3
728	17	0	0	800	0	17	-1	5	-3
729	17	0	0	800	0	17	-1	5	-3
730	17	0	0	800	0	17	-1	5	-3
731	17	0	0	800	0	17	-1	5	-3
732	17	0	0	800	0	17	-1	5	-3
733	17	0	0	800	0	17	-1	5	-3
734	17	0	0	800	0	17	-1	5	-3
735	17	0	0	800	0	17	-1	5	-3
736	17	0	0	800	0	17	-1	5	-3
737	17	0	0	800	0	17	-1	5	-3
738	17	0	0	800	0	17	-1	5	-3
739	17	0	0	800	0	17	-1	5	-3
740	17	0	0	800	0	17	-1	5	-3
741	17	0	0	800	0	17	-1	5	-3
742	17	0	0	800	0	17	-1	5	-3
743	17	0	0	800	0	17	-1	5	-3
744	17	0	0	800	0	17	-1	5	-3
745	17	0	0	800	0	17	-1	5	-3
746	17	0	0	800	0	17	-1	5	-3
747	17	0	0	800	0	17	-1	5	-3
748	17	0	0	800	0	17	-1	5	-3
749	17	0	0	800	0	17	-1	5	-3
750	17	0	0	800	0	17	-1	5	-3
751	17	0	0	800	0	17	-1	5	-3
752	17	0	0	800	0	17	-1	5	-3
753	17	0	0	800	0	17	-1	5	-3
754	17	0	0	800	0	17	-1	5	-3
755	17	0	0	800	0	17	-1	5	-3
756	17	0	0	800	0	17	-1	5	-3
757	17	0	0	800	0	17	-1	5	-3
758	17	0	0	800	0	17	-1	5	-3
759	17	0	0	800	0	17	-1	5	-3
760	17	0	0	800	0	17	-1	5	-3
761	17	0	0	800	0	17	-1	5	-3
762	17	0	0	800	0	17	-1	5	-3
763	17	0	0	800	0	17	-1	5	-3
764	17	0	0	800	0	17	-1	5	-3
765	17	0	0	800	0	17	-1	5	-3
766	17	0	0	800	0	17	-1	5	-3
767	17	0	0	800	0	17	-1	5	-3
768	17	0	0	800	0	17	-1	5	-3
769	17	0	0	800	0	17	-1	5	-3
770	17	0	0	800	0	17	-1	5	-3
771	17	0	0	800	0	17	-1	5	-3
772	17	0	0	800	0	17	-1	5	-3
773	17	0	0	800	0	17	-1	5	-3
774	17	0	0	800	0	17	-1	5	-3
775	17	0	0	800	0	17	-1	5	-3
776	17	0	0	800	0	17	-1	5	-3
777	17	0	0	800	0	17	-1	5	-3
778	17	0	0	800	0	17	-1	5	-3
779	17	0	0	800	0	17	-1	5	-3
780	17	0	0	800	0	17	-1	5	-3
781	17	0	0	800	0	17	-1	5	-3
782	17	0	0	800	0	17	-1	5	-3
783	17	0	0	800	0	17	-1	5	-3
784	17	0	0	800	0	17	-1	5	-3
785	17	0	0	800	0	17	-1	5	-3
786	17	0	0	800	0	17	-1	5	-3
787	17	0	0	800	0	17	-1	5	-3
788	17	0	0	800	0	17	-1	5	-3
789	17	0	0	800	0	17	-1	5	-3
790	17	0	0	800	0	17	-1	5	-3
791	17	0	0	800	0	17	-1	5	-3
792	17	0	0	800	0	17	-1	5	-3
793	17	0	0	800	0	17	-1	5	-3
794	17	0	0	800	0	17	-1	5	-3
795	17	0	0	800	0	17	-1	5	-3
796	17	0	0	800	0	17	-1	5	-3
797	17	0	0	800	0	17	-1	5	-3
798	17	0	0	800	0	17	-1	5	-3
799	17	0	0	800	0	17	-1	5	-3
800	17	0	0	800	0	17	-1	5	-3
801	17	0	0	800	0	17	-1	5	-3
802	17	0	0	800	0	17	-1	5	-3
803	17	0	0	800	0	17	-1	5	-3
804	17	0	0	800	0	17	-1	5	-3
805	17	0	0	800	0	17	-1	5	-3
806	17	0	0	800	0	17	-1	5	-3
807	17	0	0	800	0	17	-1	5	-3
808	17	0	0	800	0	17	-1	5	-3
809	17	0	0	800	0	17	-1	5	-3
810	17	0	0	800	0	17	-1	5	-3
811	17	0	0	800	0	17	-1	5	-3
812	17	1	1	800	812	17	17	5	-3
813	17	1	1	800	812	17	17	5	-3
814	17	1	1	800	812	17	17	5	-3
815	17	1	1	800	812	17	17	5	-3
816	17	1	1	800	812	17	17	5	-3
817	17	1	1	800	812	17	17	5	-3
818	17	1	1	800	812	17	17	5	-3
819	17	1	1	800	812	17	17	5	-3
820	17	1	1	800	812	17	17	5	-3
821	17	1	1	800	812	17	17	5	-3
822	17	1	1	800	812	17	17	5	-3
823	17	1	1	800	812	17	17	5	-3
824	17	1	1	800	812	17	17	5	-3
825	17	1	1	800	812	17	17	5	-3
826	17	1	1	800	812	17	17	5	-3
827	17	1	1	800	812	17	17	5	-3
828	17	1	1	800	812	17	17	5	-3
829	17	1	1	800	812	17	17	5	-3
830	17	1	1	800	812	17	17	5	-3
831	17	1	1	800	812	17	17	5	-3
832	17	1	1	800	812	17	17	5	-3
833	17	1	1	800	812	17	17	5	-3
834	17	1	1	800	812	17	17	5	-3
835	17	1	1	800	812	17	17	5	-3
836	17	1	1	800	812	17	17	5	-3
837	17	1	1	800	812	17	17	5	-3
838	17	1	1	800	812	17	17	5	-3
839	17	1	1	800	812	17	17	5	-3
840	17	1	1	800	812	17	17	5	-3
841	17	1	1	800	812	17	17	5	-3
842	17	1	1	800	812	17	17	5	-3
843	17	1	1	800	812	17	17	5	-3
844	17	1	1	800	812	17	17	5	-3
845	17	1	1	800	812	17	17	5	-3
846	17	1	1	800	812	17	17	5	-3
847	17	1	1	800	812	17	17	5	-3
