1	15	0	0	800	0	15	-1	-3	-1
2	15	0	0	800	0	15	-1	-3	-1
3	15	0	0	800	0	15	-1	-3	-1
4	15	0	0	800	0	15	-1	-3	-1
5	15	0	0	800	0	15	-1	-3	-1
6	15	0	0	800	0	15	-1	-3	-1
7	15	0	0	800	0	15	-1	-3	-1
8	15	0	0	800	0	15	-1	-3	-1
9	15	0	0	800	0	15	-1	-3	-1
10	15	0	0	800	0	15	-1	-3	-1
11	15	0	0	800	0	15	-1	-3	-1
12	15	0	0	800	0	15	-1	-3	-1
13	15	0	0	800	0	15	-1	-3	-1
14	15	0	0	800	0	15	-1	-3	-1
15	15	0	0	800	0	15	-1	-3	-1
16	15	0	0	800	0	15	-1	-3	-1
17	15	0	0	800	0	15	-1	-3	-1
18	15	0	0	800	0	15	-1	-3	-1
19	15	0	0	800	0	15	-1	-3	-1
20	15	0	0	800	0	15	-1	-3	-1
21	15	0	0	800	0	15	-1	-3	-1
22	15	0	0	800	0	15	-1	-3	-1
23	15	0	0	800	0	15	-1	-3	-1
24	15	0	0	800	0	15	-1	-3	-1
25	15	0	0	800	0	15	-1	-3	-1
26	15	0	0	800	0	15	-1	-3	-1
27	15	0	0	800	0	15	-1	-3	-1
28	15	0	0	800	0	15	-1	-3	-1
29	15	0	0	800	0	15	-1	-3	-1
30	15	0	0	800	0	15	-1	-3	-1
31	15	0	0	800	0	15	-1	-3	-1
32	15	0	0	800	0	15	-1	-3	-1
33	15	0	0	800	0	15	-1	-3	-1
34	15	0	0	800	0	15	-1	-3	-1
35	15	0	0	800	0	15	-1	-3	-1
36	15	0	0	800	0	15	-1	-3	-1
37	15	0	0	800	0	15	-1	-3	-1
38	15	0	0	800	0	15	-1	-3	-1
39	15	0	0	800	0	15	-1	-3	-1
40	15	0	0	800	0	15	-1	-3	-1
41	15	0	0	800	0	15	-1	-3	-1
42	15	0	0	800	0	15	-1	-3	-1
43	15	0	0	800	0	15	-1	-3	-1
44	15	0	0	800	0	15	-1	-3	-1
45	15	0	0	800	0	15	-1	-3	-1
46	15	0	0	800	0	15	-1	-3	-1
47	15	0	0	800	0	15	-1	-3	-1
48	15	0	0	800	0	15	-1	-3	-1
49	15	0	0	800	0	15	-1	-3	-1
50	15	0	0	800	0	15	-1	-3	-1
51	15	0	0	800	0	15	-1	-3	-1
52	15	0	0	800	0	15	-1	-3	-1
53	15	0	0	800	0	15	-1	-3	-1
54	15	0	0	800	0	15	-1	-3	-1
55	15	0	0	800	0	15	-1	-3	-1
56	15	0	0	800	0	15	-1	-3	-1
57	15	0	0	800	0	15	-1	-3	-1
58	15	0	0	800	0	15	-1	-3	-1
59	15	0	0	800	0	15	-1	-3	-1
60	15	0	0	800	0	15	-1	-3	-1
61	15	0	0	800	0	15	-1	-3	-1
62	15	0	0	800	0	15	-1	-3	-1
63	15	0	0	800	0	15	-1	-3	-1
64	15	0	0	800	0	15	-1	-3	-1
65	15	0	0	800	0	15	-1	-3	-1
66	15	0	0	800	0	15	-1	-3	-1
67	15	0	0	800	0	15	-1	-3	-1
68	15	0	0	800	0	15	-1	-3	-1
69	15	0	0	800	0	15	-1	-3	-1
70	15	0	0	800	0	15	-1	-3	-1
71	15	0	0	800	0	15	-1	-3	-1
72	15	0	0	800	0	15	-1	-3	-1
73	15	0	0	800	0	15	-1	-3	-1
74	15	0	0	800	0	15	-1	-3	-1
75	15	0	0	800	0	15	-1	-3	-1
76	15	0	0	800	0	15	-1	-3	-1
77	15	0	0	800	0	15	-1	-3	-1
78	15	0	0	800	0	15	-1	-3	-1
79	15	0	0	800	0	15	-1	-3	-1
80	15	0	0	800	0	15	-1	-3	-1
81	15	0	0	800	0	15	-1	-3	-1
82	15	0	0	800	0	15	-1	-3	-1
83	15	0	0	800	0	15	-1	-3	-1
84	15	0	0	800	0	15	-1	-3	-1
85	15	0	0	800	0	15	-1	-3	-1
86	15	0	0	800	0	15	-1	-3	-1
87	15	0	0	800	0	15	-1	-3	-1
88	15	0	0	800	0	15	-1	-3	-1
89	15	0	0	800	0	15	-1	-3	-1
90	15	0	0	800	0	15	-1	-3	-1
91	15	0	0	800	0	15	-1	-3	-1
92	15	0	0	800	0	15	-1	-3	-1
93	15	0	0	800	0	15	-1	-3	-1
94	15	0	0	800	0	15	-1	-3	-1
95	15	0	0	800	0	15	-1	-3	-1
96	15	0	0	800	0	15	-1	-3	-1
97	15	0	0	800	0	15	-1	-3	-1
98	15	0	0	800	0	15	-1	-3	-1
99	15	0	0	800	0	15	-1	-3	-1
100	15	0	0	800	0	15	-1	-3	-1
101	15	0	0	800	0	15	-1	-3	-1
102	15	0	0	800	0	15	-1	-3	-1
103	15	0	0	800	0	15	-1	-3	-1
104	15	0	0	800	0	15	-1	-3	-1
105	15	0	0	800	0	15	-1	-3	-1
106	15	0	0	800	0	15	-1	-3	-1
107	15	0	0	800	0	15	-1	-3	-1
108	15	0	0	800	0	15	-1	-3	-1
109	15	0	0	800	0	15	-1	-3	-1
110	15	0	0	800	0	15	-1	-3	-1
111	15	0	0	800	0	15	-1	-3	-1
112	15	0	0	800	0	15	-1	-3	-1
113	15	0	0	800	0	15	-1	-3	-1
114	15	0	0	800	0	15	-1	-3	-1
115	15	0	0	800	0	15	-1	-3	-1
116	15	0	0	800	0	15	-1	-3	-1
117	15	0	0	800	0	15	-1	-3	-1
118	15	0	0	800	0	15	-1	-3	-1
119	15	0	0	800	0	15	-1	-3	-1
120	15	0	0	800	0	15	-1	-3	-1
121	15	0	0	800	0	15	-1	-3	-1
122	15	0	0	800	0	15	-1	-3	-1
123	15	0	0	800	0	15	-1	-3	-1
124	15	0	0	800	0	15	-1	-3	-1
125	15	0	0	800	0	15	-1	-3	-1
126	15	0	0	800	0	15	-1	-3	-1
127	15	0	0	800	0	15	-1	-3	-1
128	15	0	0	800	0	15	-1	-3	-1
129	15	0	0	800	0	15	-1	-3	-1
130	15	0	0	800	0	15	-1	-3	-1
131	15	0	0	800	0	15	-1	-3	-1
132	15	0	0	800	0	15	-1	-3	-1
133	15	0	0	800	0	15	-1	-3	-1
134	15	0	0	800	0	15	-1	-3	-1
135	15	0	0	800	0	15	-1	-3	-1
136	15	0	0	800	0	15	-1	-3	-1
137	15	0	0	800	0	15	-1	-3	-1
138	15	0	0	800	0	15	-1	-3	-1
139	15	0	0	800	0	15	-1	-3	-1
140	15	0	0	800	0	15	-1	-3	-1
141	15	0	0	800	0	15	-1	-3	-1
142	15	0	0	800	0	15	-1	-3	-1
143	15	0	0	800	0	15	-1	-3	-1
144	15	0	0	800	0	15	-1	-3	-1
145	15	0	0	800	0	15	-1	-3	-1
146	15	0	0	800	0	15	-1	-3	-1
147	15	0	0	800	0	15	-1	-3	-1
148	15	0	0	800	0	15	-1	-3	-1
149	15	0	0	800	0	15	-1	-3	-1
150	15	0	0	800	0	15	-1	-3	-1
151	15	0	0	800	0	15	-1	-3	-1
152	15	0	0	800	0	15	-1	-3	-1
153	15	0	0	800	0	15	-1	-3	-1
154	15	0	0	800	0	15	-1	-3	-1
155	15	0	0	800	0	15	-1	-3	-1
156	15	0	0	800	0	15	-1	-3	-1
157	15	0	0	800	0	15	-1	-3	-1
158	15	0	0	800	0	15	-1	-3	-1
159	15	0	0	800	0	15	-1	-3	-1
160	15	0	0	800	0	15	-1	-3	-1
161	15	0	0	800	0	15	-1	-3	-1
162	15	0	0	800	0	15	-1	-3	-1
163	15	0	0	800	0	15	-1	-3	-1
164	15	0	0	800	0	15	-1	-3	-1
165	15	0	0	800	0	15	-1	-3	-1
166	15	0	0	800	0	15	-1	-3	-1
167	15	0	0	800	0	15	-1	-3	-1
168	15	0	0	800	0	15	-1	-3	-1
169	15	0	0	800	0	15	-1	-3	-1
170	15	0	0	800	0	15	-1	-3	-1
171	15	0	0	800	0	15	-1	-3	-1
172	15	0	0	800	0	15	-1	-3	-1
173	15	0	0	800	0	15	-1	-3	-1
174	15	0	0	800	0	15	-1	-3	-1
175	15	0	0	800	0	15	-1	-3	-1
176	15	0	0	800	0	15	-1	-3	-1
177	15	0	0	800	0	15	-1	-3	-1
178	15	0	0	800	0	15	-1	-3	-1
179	15	0	0	800	0	15	-1	-3	-1
180	15	0	0	800	0	15	-1	-3	-1
181	15	0	0	800	0	15	-1	-3	-1
182	15	0	0	800	0	15	-1	-3	-1
183	15	0	0	800	0	15	-1	-3	-1
184	15	0	0	800	0	15	-1	-3	-1
185	15	0	0	800	0	15	-1	-3	-1
186	15	0	0	800	0	15	-1	-3	-1
187	15	0	0	800	0	15	-1	-3	-1
188	15	0	0	800	0	15	-1	-3	-1
189	15	0	0	800	0	15	-1	-3	-1
190	15	0	0	800	0	15	-1	-3	-1
191	15	0	0	800	0	15	-1	-3	-1
192	15	0	0	800	0	15	-1	-3	-1
193	15	0	0	800	0	15	-1	-3	-1
194	15	0	0	800	0	15	-1	-3	-1
195	15	0	0	800	0	15	-1	-3	-1
196	15	0	0	800	0	15	-1	-3	-1
197	15	0	0	800	0	15	-1	-3	-1
198	15	0	0	800	0	15	-1	-3	-1
199	15	0	0	800	0	15	-1	-3	-1
200	15	0	0	800	0	15	-1	-3	-1
201	15	0	0	800	0	15	-1	-3	-1
202	15	0	0	800	0	15	-1	-3	-1
203	15	0	0	800	0	15	-1	-3	-1
204	15	0	0	800	0	15	-1	-3	-1
205	15	0	0	800	0	15	-1	-3	-1
206	15	0	0	800	0	15	-1	-3	-1
207	15	0	0	800	0	15	-1	-3	-1
208	15	0	0	800	0	15	-1	-3	-1
209	15	0	0	800	0	15	-1	-3	-1
210	15	0	0	800	0	15	-1	-3	-1
211	15	0	0	800	0	15	-1	-3	-1
212	15	0	0	800	0	15	-1	-3	-1
213	15	0	0	800	0	15	-1	-3	-1
214	15	0	0	800	0	15	-1	-3	-1
215	15	0	0	800	0	15	-1	-3	-1
216	15	0	0	800	0	15	-1	-3	-1
217	15	0	0	800	0	15	-1	-3	-1
218	15	0	0	800	0	15	-1	-3	-1
219	15	0	0	800	0	15	-1	-3	-1
220	15	0	0	800	0	15	-1	-3	-1
221	15	0	0	800	0	15	-1	-3	-1
222	15	0	0	800	0	15	-1	-3	-1
223	15	0	0	800	0	15	-1	-3	-1
224	15	0	0	800	0	15	-1	-3	-1
225	15	0	0	800	0	15	-1	-3	-1
226	15	0	0	800	0	15	-1	-3	-1
227	15	0	0	800	0	15	-1	-3	-1
228	15	0	0	800	0	15	-1	-3	-1
229	15	0	0	800	0	15	-1	-3	-1
230	15	0	0	800	0	15	-1	-3	-1
231	15	0	0	800	0	15	-1	-3	-1
232	15	0	0	800	0	15	-1	-3	-1
233	15	0	0	800	0	15	-1	-3	-1
234	15	0	0	800	0	15	-1	-3	-1
235	15	0	0	800	0	15	-1	-3	-1
236	15	0	0	800	0	15	-1	-3	-1
237	15	0	0	800	0	15	-1	-3	-1
238	15	0	0	800	0	15	-1	-3	-1
239	15	0	0	800	0	15	-1	-3	-1
240	15	0	0	800	0	15	-1	-3	-1
241	15	0	0	800	0	15	-1	-3	-1
242	15	0	0	800	0	15	-1	-3	-1
243	15	0	0	800	0	15	-1	-3	-1
244	15	0	0	800	0	15	-1	-3	-1
245	15	0	0	800	0	15	-1	-3	-1
246	15	0	0	800	0	15	-1	-3	-1
247	15	0	0	800	0	15	-1	-3	-1
248	15	0	0	800	0	15	-1	-3	-1
249	15	0	0	800	0	15	-1	-3	-1
250	15	0	0	800	0	15	-1	-3	-1
251	15	0	0	800	0	15	-1	-3	-1
252	15	0	0	800	0	15	-1	-3	-1
253	15	0	0	800	0	15	-1	-3	-1
254	15	0	0	800	0	15	-1	-3	-1
255	15	0	0	800	0	15	-1	-3	-1
256	15	0	0	800	0	15	-1	-3	-1
257	15	0	0	800	0	15	-1	-3	-1
258	15	0	0	800	0	15	-1	-3	-1
259	15	0	0	800	0	15	-1	-3	-1
260	15	0	0	800	0	15	-1	-3	-1
261	15	0	0	800	0	15	-1	-3	-1
262	15	0	0	800	0	15	-1	-3	-1
263	15	0	0	800	0	15	-1	-3	-1
264	15	0	0	800	0	15	-1	-3	-1
265	15	0	0	800	0	15	-1	-3	-1
266	15	0	0	800	0	15	-1	-3	-1
267	15	0	0	800	0	15	-1	-3	-1
268	15	0	0	800	0	15	-1	-3	-1
269	15	0	0	800	0	15	-1	-3	-1
270	15	0	0	800	0	15	-1	-3	-1
271	15	0	0	800	0	15	-1	-3	-1
272	15	0	0	800	0	15	-1	-3	-1
273	15	0	0	800	0	15	-1	-3	-1
274	15	0	0	800	0	15	-1	-3	-1
275	15	0	0	800	0	15	-1	-3	-1
276	15	0	0	800	0	15	-1	-3	-1
277	15	0	0	800	0	15	-1	-3	-1
278	15	0	0	800	0	15	-1	-3	-1
279	15	0	0	800	0	15	-1	-3	-1
280	15	0	0	800	0	15	-1	-3	-1
281	15	0	0	800	0	15	-1	-3	-1
282	15	0	0	800	0	15	-1	-3	-1
283	15	0	0	800	0	15	-1	-3	-1
284	15	0	0	800	0	15	-1	-3	-1
285	15	0	0	800	0	15	-1	-3	-1
286	15	0	0	800	0	15	-1	-3	-1
287	15	0	0	800	0	15	-1	-3	-1
288	15	0	0	800	0	15	-1	-3	-1
289	15	0	0	800	0	15	-1	-3	-1
290	15	0	0	800	0	15	-1	-3	-1
291	15	0	0	800	0	15	-1	-3	-1
292	15	0	0	800	0	15	-1	-3	-1
293	15	0	0	800	0	15	-1	-3	-1
294	15	0	0	800	0	15	-1	-3	-1
295	15	0	0	800	0	15	-1	-3	-1
296	15	0	0	800	0	15	-1	-3	-1
297	15	0	0	800	0	15	-1	-3	-1
298	15	0	0	800	0	15	-1	-3	-1
299	15	0	0	800	0	15	-1	-3	-1
300	15	0	0	800	0	15	-1	-3	-1
301	15	0	0	800	0	15	-1	-3	-1
302	15	0	0	800	0	15	-1	-3	-1
303	15	0	0	800	0	15	-1	-3	-1
304	15	0	0	800	0	15	-1	-3	-1
305	15	0	0	800	0	15	-1	-3	-1
306	15	0	0	800	0	15	-1	-3	-1
307	15	0	0	800	0	15	-1	-3	-1
308	15	0	0	800	0	15	-1	-3	-1
309	15	0	0	800	0	15	-1	-3	-1
310	15	0	0	800	0	15	-1	-3	-1
311	15	0	0	800	0	15	-1	-3	-1
312	15	0	0	800	0	15	-1	-3	-1
313	15	0	0	800	0	15	-1	-3	-1
314	15	0	0	800	0	15	-1	-3	-1
315	15	0	0	800	0	15	-1	-3	-1
316	15	0	0	800	0	15	-1	-3	-1
317	15	0	0	800	0	15	-1	-3	-1
318	15	0	0	800	0	15	-1	-3	-1
319	15	0	0	800	0	15	-1	-3	-1
320	15	0	0	800	0	15	-1	-3	-1
321	15	0	0	800	0	15	-1	-3	-1
322	15	0	0	800	0	15	-1	-3	-1
323	15	0	0	800	0	15	-1	-3	-1
324	15	0	0	800	0	15	-1	-3	-1
325	15	0	0	800	0	15	-1	-3	-1
326	15	0	0	800	0	15	-1	-3	-1
327	15	0	0	800	0	15	-1	-3	-1
328	15	0	0	800	0	15	-1	-3	-1
329	15	0	0	800	0	15	-1	-3	-1
330	15	0	0	800	0	15	-1	-3	-1
331	15	0	0	800	0	15	-1	-3	-1
332	15	0	0	800	0	15	-1	-3	-1
333	15	0	0	800	0	15	-1	-3	-1
334	15	0	0	800	0	15	-1	-3	-1
335	15	0	0	800	0	15	-1	-3	-1
336	15	0	0	800	0	15	-1	-3	-1
337	15	0	0	800	0	15	-1	-3	-1
338	15	0	0	800	0	15	-1	-3	-1
339	15	0	0	800	0	15	-1	-3	-1
340	15	0	0	800	0	15	-1	-3	-1
341	15	0	0	800	0	15	-1	-3	-1
342	15	0	0	800	0	15	-1	-3	-1
343	15	0	0	800	0	15	-1	-3	-1
344	15	0	0	800	0	15	-1	-3	-1
345	15	0	0	800	0	15	-1	-3	-1
346	15	0	0	800	0	15	-1	-3	-1
347	15	0	0	800	0	15	-1	-3	-1
348	15	0	0	800	0	15	-1	-3	-1
349	15	0	0	800	0	15	-1	-3	-1
350	15	0	0	800	0	15	-1	-3	-1
351	15	0	0	800	0	15	-1	-3	-1
352	15	0	0	800	0	15	-1	-3	-1
353	15	0	0	800	0	15	-1	-3	-1
354	15	0	0	800	0	15	-1	-3	-1
355	15	0	0	800	0	15	-1	-3	-1
356	15	0	0	800	0	15	-1	-3	-1
357	15	0	0	800	0	15	-1	-3	-1
358	15	0	0	800	0	15	-1	-3	-1
359	15	0	0	800	0	15	-1	-3	-1
360	15	0	0	800	0	15	-1	-3	-1
361	15	0	0	800	0	15	-1	-3	-1
362	15	0	0	800	0	15	-1	-3	-1
363	15	0	0	800	0	15	-1	-3	-1
364	15	0	0	800	0	15	-1	-3	-1
365	15	0	0	800	0	15	-1	-3	-1
366	15	0	0	800	0	15	-1	-3	-1
367	15	0	0	800	0	15	-1	-3	-1
368	15	0	0	800	0	15	-1	-3	-1
369	15	0	0	800	0	15	-1	-3	-1
370	15	0	0	800	0	15	-1	-3	-1
371	15	0	0	800	0	15	-1	-3	-1
372	15	0	0	800	0	15	-1	-3	-1
373	15	0	0	800	0	15	-1	-3	-1
374	15	0	0	800	0	15	-1	-3	-1
375	15	0	0	800	0	15	-1	-3	-1
376	15	0	0	800	0	15	-1	-3	-1
377	15	0	0	800	0	15	-1	-3	-1
378	15	0	0	800	0	15	-1	-3	-1
379	15	0	0	800	0	15	-1	-3	-1
380	15	0	0	800	0	15	-1	-3	-1
381	15	0	0	800	0	15	-1	-3	-1
382	15	0	0	800	0	15	-1	-3	-1
383	15	0	0	800	0	15	-1	-3	-1
384	15	0	0	800	0	15	-1	-3	-1
385	15	0	0	800	0	15	-1	-3	-1
386	15	0	0	800	0	15	-1	-3	-1
387	15	0	0	800	0	15	-1	-3	-1
388	15	0	0	800	0	15	-1	-3	-1
389	15	0	0	800	0	15	-1	-3	-1
390	15	0	0	800	0	15	-1	-3	-1
391	15	0	0	800	0	15	-1	-3	-1
392	15	0	0	800	0	15	-1	-3	-1
393	15	0	0	800	0	15	-1	-3	-1
394	15	0	0	800	0	15	-1	-3	-1
395	15	0	0	800	0	15	-1	-3	-1
396	15	0	0	800	0	15	-1	-3	-1
397	15	0	0	800	0	15	-1	-3	-1
398	15	0	0	800	0	15	-1	-3	-1
399	15	0	0	800	0	15	-1	-3	-1
400	15	0	0	800	0	15	-1	-3	-1
401	15	0	0	800	0	15	-1	-3	-1
402	15	0	0	800	0	15	-1	-3	-1
403	15	0	0	800	0	15	-1	-3	-1
404	15	0	0	800	0	15	-1	-3	-1
405	15	0	0	800	0	15	-1	-3	-1
406	15	0	0	800	0	15	-1	-3	-1
407	15	0	0	800	0	15	-1	-3	-1
408	15	0	0	800	0	15	-1	-3	-1
409	15	0	0	800	0	15	-1	-3	-1
410	15	0	0	800	0	15	-1	-3	-1
411	15	0	0	800	0	15	-1	-3	-1
412	15	0	0	800	0	15	-1	-3	-1
413	15	0	0	800	0	15	-1	-3	-1
414	15	0	0	800	0	15	-1	-3	-1
415	15	0	0	800	0	15	-1	-3	-1
416	15	0	0	800	0	15	-1	-3	-1
417	15	0	0	800	0	15	-1	-3	-1
418	15	0	0	800	0	15	-1	-3	-1
419	15	0	0	800	0	15	-1	-3	-1
420	15	0	0	800	0	15	-1	-3	-1
421	15	0	0	800	0	15	-1	-3	-1
422	15	0	0	800	0	15	-1	-3	-1
423	15	0	0	800	0	15	-1	-3	-1
424	15	0	0	800	0	15	-1	-3	-1
425	15	0	0	800	0	15	-1	-3	-1
426	15	0	0	800	0	15	-1	-3	-1
427	15	0	0	800	0	15	-1	-3	-1
428	15	0	0	800	0	15	-1	-3	-1
429	15	0	0	800	0	15	-1	-3	-1
430	15	0	0	800	0	15	-1	-3	-1
431	15	0	0	800	0	15	-1	-3	-1
432	15	0	0	800	0	15	-1	-3	-1
433	15	0	0	800	0	15	-1	-3	-1
434	15	0	0	800	0	15	-1	-3	-1
435	15	0	0	800	0	15	-1	-3	-1
436	15	0	0	800	0	15	-1	-3	-1
437	15	0	0	800	0	15	-1	-3	-1
438	15	0	0	800	0	15	-1	-3	-1
439	15	0	0	800	0	15	-1	-3	-1
440	15	0	0	800	0	15	-1	-3	-1
441	15	0	0	800	0	15	-1	-3	-1
442	15	0	0	800	0	15	-1	-3	-1
443	15	0	0	800	0	15	-1	-3	-1
444	15	0	0	800	0	15	-1	-3	-1
445	15	0	0	800	0	15	-1	-3	-1
446	15	0	0	800	0	15	-1	-3	-1
447	15	0	0	800	0	15	-1	-3	-1
448	15	0	0	800	0	15	-1	-3	-1
449	15	0	0	800	0	15	-1	-3	-1
450	15	0	0	800	0	15	-1	-3	-1
451	15	0	0	800	0	15	-1	-3	-1
452	15	0	0	800	0	15	-1	-3	-1
453	15	0	0	800	0	15	-1	-3	-1
454	15	0	0	800	0	15	-1	-3	-1
455	15	0	0	800	0	15	-1	-3	-1
456	15	0	0	800	0	15	-1	-3	-1
457	15	0	0	800	0	15	-1	-3	-1
458	15	0	0	800	0	15	-1	-3	-1
459	15	0	0	800	0	15	-1	-3	-1
460	15	0	0	800	0	15	-1	-3	-1
461	15	0	0	800	0	15	-1	-3	-1
462	15	0	0	800	0	15	-1	-3	-1
463	15	0	0	800	0	15	-1	-3	-1
464	15	0	0	800	0	15	-1	-3	-1
465	15	0	0	800	0	15	-1	-3	-1
466	15	0	0	800	0	15	-1	-3	-1
467	15	0	0	800	0	15	-1	-3	-1
468	15	0	0	800	0	15	-1	-3	-1
469	15	0	0	800	0	15	-1	-3	-1
470	15	0	0	800	0	15	-1	-3	-1
471	15	0	0	800	0	15	-1	-3	-1
472	15	0	0	800	0	15	-1	-3	-1
473	15	0	0	800	0	15	-1	-3	-1
474	15	0	0	800	0	15	-1	-3	-1
475	15	0	0	800	0	15	-1	-3	-1
476	15	0	0	800	0	15	-1	-3	-1
477	15	0	0	800	0	15	-1	-3	-1
478	15	0	0	800	0	15	-1	-3	-1
479	15	0	0	800	0	15	-1	-3	-1
480	15	0	0	800	0	15	-1	-3	-1
481	15	0	0	800	0	15	-1	-3	-1
482	15	0	0	800	0	15	-1	-3	-1
483	15	0	0	800	0	15	-1	-3	-1
484	15	0	0	800	0	15	-1	-3	-1
485	15	0	0	800	0	15	-1	-3	-1
486	15	0	0	800	0	15	-1	-3	-1
487	15	0	0	800	0	15	-1	-3	-1
488	15	0	0	800	0	15	-1	-3	-1
489	15	0	0	800	0	15	-1	-3	-1
490	15	0	0	800	0	15	-1	-3	-1
491	15	0	0	800	0	15	-1	-3	-1
492	15	0	0	800	0	15	-1	-3	-1
493	15	0	0	800	0	15	-1	-3	-1
494	15	0	0	800	0	15	-1	-3	-1
495	15	0	0	800	0	15	-1	-3	-1
496	15	0	0	800	0	15	-1	-3	-1
497	15	0	0	800	0	15	-1	-3	-1
498	15	0	0	800	0	15	-1	-3	-1
499	15	0	0	800	0	15	-1	-3	-1
500	15	0	0	800	0	15	-1	-3	-1
501	15	0	0	800	0	15	-1	-3	-1
502	15	0	0	800	0	15	-1	-3	-1
503	15	0	0	800	0	15	-1	-3	-1
504	15	0	0	800	0	15	-1	-3	-1
505	15	0	0	800	0	15	-1	-3	-1
506	15	0	0	800	0	15	-1	-3	-1
507	15	0	0	800	0	15	-1	-3	-1
508	15	0	0	800	0	15	-1	-3	-1
509	15	0	0	800	0	15	-1	-3	-1
510	15	0	0	800	0	15	-1	-3	-1
511	15	0	0	800	0	15	-1	-3	-1
512	15	0	0	800	0	15	-1	-3	-1
513	15	0	0	800	0	15	-1	-3	-1
514	15	0	0	800	0	15	-1	-3	-1
515	15	0	0	800	0	15	-1	-3	-1
516	15	0	0	800	0	15	-1	-3	-1
517	15	0	0	800	0	15	-1	-3	-1
518	15	0	0	800	0	15	-1	-3	-1
519	15	0	0	800	0	15	-1	-3	-1
520	15	0	0	800	0	15	-1	-3	-1
521	15	0	0	800	0	15	-1	-3	-1
522	15	0	0	800	0	15	-1	-3	-1
523	15	0	0	800	0	15	-1	-3	-1
524	15	0	0	800	0	15	-1	-3	-1
525	15	0	0	800	0	15	-1	-3	-1
526	15	0	0	800	0	15	-1	-3	-1
527	15	0	0	800	0	15	-1	-3	-1
528	15	0	0	800	0	15	-1	-3	-1
529	15	0	0	800	0	15	-1	-3	-1
530	15	0	0	800	0	15	-1	-3	-1
531	15	0	0	800	0	15	-1	-3	-1
532	15	0	0	800	0	15	-1	-3	-1
533	15	0	0	800	0	15	-1	-3	-1
534	15	0	0	800	0	15	-1	-3	-1
535	15	0	0	800	0	15	-1	-3	-1
536	15	0	0	800	0	15	-1	-3	-1
537	15	0	0	800	0	15	-1	-3	-1
538	15	0	0	800	0	15	-1	-3	-1
539	15	0	0	800	0	15	-1	-3	-1
540	15	0	0	800	0	15	-1	-3	-1
541	15	0	0	800	0	15	-1	-3	-1
542	15	0	0	800	0	15	-1	-3	-1
543	15	0	0	800	0	15	-1	-3	-1
544	15	0	0	800	0	15	-1	-3	-1
545	15	0	0	800	0	15	-1	-3	-1
546	15	0	0	800	0	15	-1	-3	-1
547	15	0	0	800	0	15	-1	-3	-1
548	15	0	0	800	0	15	-1	-3	-1
549	15	0	0	800	0	15	-1	-3	-1
550	15	0	0	800	0	15	-1	-3	-1
551	15	0	0	800	0	15	-1	-3	-1
552	15	0	0	800	0	15	-1	-3	-1
553	15	0	0	800	0	15	-1	-3	-1
554	15	0	0	800	0	15	-1	-3	-1
555	15	0	0	800	0	15	-1	-3	-1
556	15	0	0	800	0	15	-1	-3	-1
557	15	0	0	800	0	15	-1	-3	-1
558	15	0	0	800	0	15	-1	-3	-1
559	15	0	0	800	0	15	-1	-3	-1
560	15	0	0	800	0	15	-1	-3	-1
561	15	0	0	800	0	15	-1	-3	-1
562	15	0	0	800	0	15	-1	-3	-1
563	15	0	0	800	0	15	-1	-3	-1
564	15	0	0	800	0	15	-1	-3	-1
565	15	0	0	800	0	15	-1	-3	-1
566	15	0	0	800	0	15	-1	-3	-1
567	15	0	0	800	0	15	-1	-3	-1
568	15	0	0	800	0	15	-1	-3	-1
569	15	0	0	800	0	15	-1	-3	-1
570	15	0	0	800	0	15	-1	-3	-1
571	15	0	0	800	0	15	-1	-3	-1
572	15	0	0	800	0	15	-1	-3	-1
573	15	0	0	800	0	15	-1	-3	-1
574	15	0	0	800	0	15	-1	-3	-1
575	15	0	0	800	0	15	-1	-3	-1
576	15	0	0	800	0	15	-1	-3	-1
577	15	0	0	800	0	15	-1	-3	-1
578	15	0	0	800	0	15	-1	-3	-1
579	15	0	0	800	0	15	-1	-3	-1
580	15	0	0	800	0	15	-1	-3	-1
581	15	0	0	800	0	15	-1	-3	-1
582	15	0	0	800	0	15	-1	-3	-1
583	15	0	0	800	0	15	-1	-3	-1
584	15	0	0	800	0	15	-1	-3	-1
585	15	0	0	800	0	15	-1	-3	-1
586	15	0	0	800	0	15	-1	-3	-1
587	15	0	0	800	0	15	-1	-3	-1
588	15	0	0	800	0	15	-1	-3	-1
589	15	0	0	800	0	15	-1	-3	-1
590	15	0	0	800	0	15	-1	-3	-1
591	15	0	0	800	0	15	-1	-3	-1
592	15	0	0	800	0	15	-1	-3	-1
593	15	0	0	800	0	15	-1	-3	-1
594	15	0	0	800	0	15	-1	-3	-1
595	15	0	0	800	0	15	-1	-3	-1
596	15	0	0	800	0	15	-1	-3	-1
597	15	0	0	800	0	15	-1	-3	-1
598	15	0	0	800	0	15	-1	-3	-1
599	15	0	0	800	0	15	-1	-3	-1
600	15	0	0	800	0	15	-1	-3	-1
601	15	0	0	800	0	15	-1	-3	-1
602	15	0	0	800	0	15	-1	-3	-1
603	15	0	0	800	0	15	-1	-3	-1
604	15	0	0	800	0	15	-1	-3	-1
605	15	0	0	800	0	15	-1	-3	-1
606	15	0	0	800	0	15	-1	-3	-1
607	15	0	0	800	0	15	-1	-3	-1
608	15	0	0	800	0	15	-1	-3	-1
609	15	0	0	800	0	15	-1	-3	-1
610	15	0	0	800	0	15	-1	-3	-1
611	15	0	0	800	0	15	-1	-3	-1
612	15	0	0	800	0	15	-1	-3	-1
613	15	0	0	800	0	15	-1	-3	-1
614	15	0	0	800	0	15	-1	-3	-1
615	15	0	0	800	0	15	-1	-3	-1
616	15	0	0	800	0	15	-1	-3	-1
617	15	0	0	800	0	15	-1	-3	-1
618	15	0	0	800	0	15	-1	-3	-1
619	15	0	0	800	0	15	-1	-3	-1
620	15	0	0	800	0	15	-1	-3	-1
621	15	0	0	800	0	15	-1	-3	-1
622	15	0	0	800	0	15	-1	-3	-1
623	15	0	0	800	0	15	-1	-3	-1
624	15	0	0	800	0	15	-1	-3	-1
625	15	0	0	800	0	15	-1	-3	-1
626	15	0	0	800	0	15	-1	-3	-1
627	15	0	0	800	0	15	-1	-3	-1
628	15	0	0	800	0	15	-1	-3	-1
629	15	0	0	800	0	15	-1	-3	-1
630	15	0	0	800	0	15	-1	-3	-1
631	15	0	0	800	0	15	-1	-3	-1
632	15	0	0	800	0	15	-1	-3	-1
633	15	0	0	800	0	15	-1	-3	-1
634	15	0	0	800	0	15	-1	-3	-1
635	15	0	0	800	0	15	-1	-3	-1
636	15	0	0	800	0	15	-1	-3	-1
637	15	0	0	800	0	15	-1	-3	-1
638	15	0	0	800	0	15	-1	-3	-1
639	15	0	0	800	0	15	-1	-3	-1
640	15	0	0	800	0	15	-1	-3	-1
641	15	0	0	800	0	15	-1	-3	-1
642	15	0	0	800	0	15	-1	-3	-1
643	15	0	0	800	0	15	-1	-3	-1
644	15	0	0	800	0	15	-1	-3	-1
645	15	0	0	800	0	15	-1	-3	-1
646	15	0	0	800	0	15	-1	-3	-1
647	15	0	0	800	0	15	-1	-3	-1
648	15	0	0	800	0	15	-1	-3	-1
649	15	0	0	800	0	15	-1	-3	-1
650	15	0	0	800	0	15	-1	-3	-1
651	15	0	0	800	0	15	-1	-3	-1
652	15	0	0	800	0	15	-1	-3	-1
653	15	0	0	800	0	15	-1	-3	-1
654	15	0	0	800	0	15	-1	-3	-1
655	15	0	0	800	0	15	-1	-3	-1
656	15	0	0	800	0	15	-1	-3	-1
657	15	0	0	800	0	15	-1	-3	-1
658	15	0	0	800	0	15	-1	-3	-1
659	15	0	0	800	0	15	-1	-3	-1
660	15	0	0	800	0	15	-1	-3	-1
661	15	0	0	800	0	15	-1	-3	-1
662	15	0	0	800	0	15	-1	-3	-1
663	15	0	0	800	0	15	-1	-3	-1
664	15	0	0	800	0	15	-1	-3	-1
665	15	0	0	800	0	15	-1	-3	-1
666	15	0	0	800	0	15	-1	-3	-1
667	15	0	0	800	0	15	-1	-3	-1
668	15	0	0	800	0	15	-1	-3	-1
669	15	0	0	800	0	15	-1	-3	-1
670	15	0	0	800	0	15	-1	-3	-1
671	15	0	0	800	0	15	-1	-3	-1
672	15	0	0	800	0	15	-1	-3	-1
673	15	0	0	800	0	15	-1	-3	-1
674	15	0	0	800	0	15	-1	-3	-1
675	15	0	0	800	0	15	-1	-3	-1
676	15	0	0	800	0	15	-1	-3	-1
677	15	0	0	800	0	15	-1	-3	-1
678	15	0	0	800	0	15	-1	-3	-1
679	15	0	0	800	0	15	-1	-3	-1
680	15	0	0	800	0	15	-1	-3	-1
681	15	0	0	800	0	15	-1	-3	-1
682	15	0	0	800	0	15	-1	-3	-1
683	15	0	0	800	0	15	-1	-3	-1
684	15	0	0	800	0	15	-1	-3	-1
685	15	0	0	800	0	15	-1	-3	-1
686	15	0	0	800	0	15	-1	-3	-1
687	15	0	0	800	0	15	-1	-3	-1
688	15	0	0	800	0	15	-1	-3	-1
689	15	0	0	800	0	15	-1	-3	-1
690	15	0	0	800	0	15	-1	-3	-1
691	15	0	0	800	0	15	-1	-3	-1
692	15	0	0	800	0	15	-1	-3	-1
693	15	0	0	800	0	15	-1	-3	-1
694	15	0	0	800	0	15	-1	-3	-1
695	15	0	0	800	0	15	-1	-3	-1
696	15	0	0	800	0	15	-1	-3	-1
697	15	0	0	800	0	15	-1	-3	-1
698	15	0	0	800	0	15	-1	-3	-1
699	15	0	0	800	0	15	-1	-3	-1
700	15	0	0	800	0	15	-1	-3	-1
701	15	0	0	800	0	15	-1	-3	-1
702	15	0	0	800	0	15	-1	-3	-1
703	15	0	0	800	0	15	-1	-3	-1
704	15	0	0	800	0	15	-1	-3	-1
705	15	0	0	800	0	15	-1	-3	-1
706	15	0	0	800	0	15	-1	-3	-1
707	15	0	0	800	0	15	-1	-3	-1
708	15	0	0	800	0	15	-1	-3	-1
709	15	0	0	800	0	15	-1	-3	-1
710	15	0	0	800	0	15	-1	-3	-1
711	15	0	0	800	0	15	-1	-3	-1
712	15	0	0	800	0	15	-1	-3	-1
713	15	0	0	800	0	15	-1	-3	-1
714	15	0	0	800	0	15	-1	-3	-1
715	15	0	0	800	0	15	-1	-3	-1
716	15	0	0	800	0	15	-1	-3	-1
717	15	0	0	800	0	15	-1	-3	-1
718	15	0	0	800	0	15	-1	-3	-1
719	15	0	0	800	0	15	-1	-3	-1
720	15	0	0	800	0	15	-1	-3	-1
721	15	0	0	800	0	15	-1	-3	-1
722	15	0	0	800	0	15	-1	-3	-1
723	15	0	0	800	0	15	-1	-3	-1
724	15	0	0	800	0	15	-1	-3	-1
725	15	0	0	800	0	15	-1	-3	-1
726	15	0	0	800	0	15	-1	-3	-1
727	15	0	0	800	0	15	-1	-3	-1
728	15	0	0	800	0	15	-1	-3	-1
729	15	0	0	800	0	15	-1	-3	-1
730	15	0	0	800	0	15	-1	-3	-1
731	15	0	0	800	0	15	-1	-3	-1
732	15	0	0	800	0	15	-1	-3	-1
733	15	0	0	800	0	15	-1	-3	-1
734	15	0	0	800	0	15	-1	-3	-1
735	15	0	0	800	0	15	-1	-3	-1
736	15	0	0	800	0	15	-1	-3	-1
737	15	0	0	800	0	15	-1	-3	-1
738	15	0	0	800	0	15	-1	-3	-1
739	15	0	0	800	0	15	-1	-3	-1
740	15	0	0	800	0	15	-1	-3	-1
741	15	0	0	800	0	15	-1	-3	-1
742	15	0	0	800	0	15	-1	-3	-1
743	15	0	0	800	0	15	-1	-3	-1
744	15	0	0	800	0	15	-1	-3	-1
745	15	0	0	800	0	15	-1	-3	-1
746	15	0	0	800	0	15	-1	-3	-1
747	15	0	0	800	0	15	-1	-3	-1
748	15	0	0	800	0	15	-1	-3	-1
749	15	0	0	800	0	15	-1	-3	-1
750	15	0	0	800	0	15	-1	-3	-1
751	15	0	0	800	0	15	-1	-3	-1
752	15	0	0	800	0	15	-1	-3	-1
753	15	0	0	800	0	15	-1	-3	-1
754	15	0	0	800	0	15	-1	-3	-1
755	15	0	0	800	0	15	-1	-3	-1
756	15	0	0	800	0	15	-1	-3	-1
757	15	0	0	800	0	15	-1	-3	-1
758	15	0	0	800	0	15	-1	-3	-1
759	15	0	0	800	0	15	-1	-3	-1
760	15	0	0	800	0	15	-1	-3	-1
761	15	0	0	800	0	15	-1	-3	-1
762	15	0	0	800	0	15	-1	-3	-1
763	15	0	0	800	0	15	-1	-3	-1
764	15	0	0	800	0	15	-1	-3	-1
765	15	0	0	800	0	15	-1	-3	-1
766	15	0	0	800	0	15	-1	-3	-1
767	15	0	0	800	0	15	-1	-3	-1
768	15	0	0	800	0	15	-1	-3	-1
769	15	0	0	800	0	15	-1	-3	-1
770	15	0	0	800	0	15	-1	-3	-1
771	15	0	0	800	0	15	-1	-3	-1
772	15	0	0	800	0	15	-1	-3	-1
773	15	0	0	800	0	15	-1	-3	-1
774	15	0	0	800	0	15	-1	-3	-1
775	15	0	0	800	0	15	-1	-3	-1
776	15	0	0	800	0	15	-1	-3	-1
777	15	0	0	800	0	15	-1	-3	-1
778	15	0	0	800	0	15	-1	-3	-1
779	15	0	0	800	0	15	-1	-3	-1
780	15	0	0	800	0	15	-1	-3	-1
781	15	0	0	800	0	15	-1	-3	-1
782	15	0	0	800	0	15	-1	-3	-1
783	15	0	0	800	0	15	-1	-3	-1
784	15	0	0	800	0	15	-1	-3	-1
785	15	0	0	800	0	15	-1	-3	-1
786	15	0	0	800	0	15	-1	-3	-1
787	15	0	0	800	0	15	-1	-3	-1
788	15	0	0	800	0	15	-1	-3	-1
789	15	0	0	800	0	15	-1	-3	-1
790	15	0	0	800	0	15	-1	-3	-1
791	15	0	0	800	0	15	-1	-3	-1
792	15	0	0	800	0	15	-1	-3	-1
793	15	0	0	800	0	15	-1	-3	-1
794	15	0	0	800	0	15	-1	-3	-1
795	15	0	0	800	0	15	-1	-3	-1
796	15	0	0	800	0	15	-1	-3	-1
797	15	0	0	800	0	15	-1	-3	-1
798	15	0	0	800	0	15	-1	-3	-1
799	15	0	0	800	0	15	-1	-3	-1
800	15	0	0	800	0	15	-1	-3	-1
801	15	0	0	800	0	15	-1	-3	-1
802	15	0	0	800	0	15	-1	-3	-1
803	15	0	0	800	0	15	-1	-3	-1
804	15	0	0	800	0	15	-1	-3	-1
805	15	0	0	800	0	15	-1	-3	-1
806	15	0	0	800	0	15	-1	-3	-1
807	15	0	0	800	0	15	-1	-3	-1
808	15	0	0	800	0	15	-1	-3	-1
809	15	0	0	800	0	15	-1	-3	-1
810	15	0	0	800	0	15	-1	-3	-1
811	15	0	0	800	0	15	-1	-3	-1
812	15	0	0	800	0	15	-1	-3	-1
813	15	0	0	800	0	15	-1	-3	-1
814	15	0	0	800	0	15	-1	-3	-1
815	15	0	0	800	0	15	-1	-3	-1
816	15	0	0	800	0	15	-1	-3	-1
817	15	0	0	800	0	15	-1	-3	-1
818	15	0	0	800	0	15	-1	-3	-1
819	15	0	0	800	0	15	-1	-3	-1
820	15	0	0	800	0	15	-1	-3	-1
821	15	1	1	800	821	15	15	-3	-1
822	15	1	1	800	821	15	15	-3	-1
823	15	1	1	800	821	15	15	-3	-1
824	15	1	1	800	821	15	15	-3	-1
825	15	1	1	800	821	15	15	-3	-1
826	15	1	1	800	821	15	15	-3	-1
827	15	1	1	800	821	15	15	-3	-1
828	15	1	1	800	821	15	15	-3	-1
829	15	1	1	800	821	15	15	-3	-1
830	15	1	1	800	821	15	15	-3	-1
831	15	1	1	800	821	15	15	-3	-1
832	15	1	1	800	821	15	15	-3	-1
833	15	1	1	800	821	15	15	-3	-1
834	15	1	1	800	821	15	15	-3	-1
835	15	1	1	800	821	15	15	-3	-1
836	15	1	1	800	821	15	15	-3	-1
837	15	1	1	800	821	15	15	-3	-1
838	15	1	1	800	821	15	15	-3	-1
839	15	1	1	800	821	15	15	-3	-1
840	15	1	1	800	821	15	15	-3	-1
841	15	1	1	800	821	15	15	-3	-1
842	15	1	1	800	821	15	15	-3	-1
843	15	1	1	800	821	15	15	-3	-1
844	15	1	1	800	821	15	15	-3	-1
845	15	1	1	800	821	15	15	-3	-1
846	15	1	1	800	821	15	15	-3	-1
847	15	1	1	800	821	15	15	-3	-1
848	15	1	1	800	821	15	15	-3	-1
849	15	1	1	800	821	15	15	-3	-1
850	15	1	1	800	821	15	15	-3	-1
851	15	1	1	800	821	15	15	-3	-1
852	15	1	1	800	821	15	15	-3	-1
853	15	1	1	800	821	15	15	-3	-1
854	15	1	1	800	821	15	15	-3	-1
855	15	1	1	800	821	15	15	-3	-1
856	15	1	1	800	821	15	15	-3	-1
857	15	1	1	800	821	15	15	-3	-1
858	15	1	1	800	821	15	15	-3	-1
859	15	1	1	800	821	15	15	-3	-1
860	15	1	1	800	821	15	15	-3	-1
861	15	1	1	800	821	15	15	-3	-1
862	15	1	1	800	821	15	15	-3	-1
863	15	1	1	800	821	15	15	-3	-1
864	15	1	1	800	821	15	15	-3	-1
865	15	1	1	800	821	15	15	-3	-1
866	15	1	1	800	821	15	15	-3	-1
867	15	1	1	800	821	15	15	-3	-1
868	15	1	1	800	821	15	15	-3	-1
869	15	1	1	800	821	15	15	-3	-1
