1	13	0	0	800	0	13	-1	2	5
2	13	0	0	800	0	13	-1	2	5
3	13	0	0	800	0	13	-1	2	5
4	13	0	0	800	0	13	-1	2	5
5	13	0	0	800	0	13	-1	2	5
6	13	0	0	800	0	13	-1	2	5
7	13	0	0	800	0	13	-1	2	5
8	13	0	0	800	0	13	-1	2	5
9	13	0	0	800	0	13	-1	2	5
10	13	0	0	800	0	13	-1	2	5
11	13	0	0	800	0	13	-1	2	5
12	13	0	0	800	0	13	-1	2	5
13	13	0	0	800	0	13	-1	2	5
14	13	0	0	800	0	13	-1	2	5
15	13	0	0	800	0	13	-1	2	5
16	13	0	0	800	0	13	-1	2	5
17	13	0	0	800	0	13	-1	2	5
18	13	0	0	800	0	13	-1	2	5
19	13	0	0	800	0	13	-1	2	5
20	13	0	0	800	0	13	-1	2	5
21	13	0	0	800	0	13	-1	2	5
22	13	0	0	800	0	13	-1	2	5
23	13	0	0	800	0	13	-1	2	5
24	13	0	0	800	0	13	-1	2	5
25	13	0	0	800	0	13	-1	2	5
26	13	0	0	800	0	13	-1	2	5
27	13	0	0	800	0	13	-1	2	5
28	13	0	0	800	0	13	-1	2	5
29	13	0	0	800	0	13	-1	2	5
30	13	0	0	800	0	13	-1	2	5
31	13	0	0	800	0	13	-1	2	5
32	13	0	0	800	0	13	-1	2	5
33	13	0	0	800	0	13	-1	2	5
34	13	0	0	800	0	13	-1	2	5
35	13	0	0	800	0	13	-1	2	5
36	13	0	0	800	0	13	-1	2	5
37	13	0	0	800	0	13	-1	2	5
38	13	0	0	800	0	13	-1	2	5
39	13	0	0	800	0	13	-1	2	5
40	13	0	0	800	0	13	-1	2	5
41	13	0	0	800	0	13	-1	2	5
42	13	0	0	800	0	13	-1	2	5
43	13	0	0	800	0	13	-1	2	5
44	13	0	0	800	0	13	-1	2	5
45	13	0	0	800	0	13	-1	2	5
46	13	0	0	800	0	13	-1	2	5
47	13	0	0	800	0	13	-1	2	5
48	13	0	0	800	0	13	-1	2	5
49	13	0	0	800	0	13	-1	2	5
50	13	0	0	800	0	13	-1	2	5
51	13	0	0	800	0	13	-1	2	5
52	13	0	0	800	0	13	-1	2	5
53	13	0	0	800	0	13	-1	2	5
54	13	0	0	800	0	13	-1	2	5
55	13	0	0	800	0	13	-1	2	5
56	13	0	0	800	0	13	-1	2	5
57	13	0	0	800	0	13	-1	2	5
58	13	0	0	800	0	13	-1	2	5
59	13	0	0	800	0	13	-1	2	5
60	13	0	0	800	0	13	-1	2	5
61	13	0	0	800	0	13	-1	2	5
62	13	0	0	800	0	13	-1	2	5
63	13	0	0	800	0	13	-1	2	5
64	13	0	0	800	0	13	-1	2	5
65	13	0	0	800	0	13	-1	2	5
66	13	0	0	800	0	13	-1	2	5
67	13	0	0	800	0	13	-1	2	5
68	13	0	0	800	0	13	-1	2	5
69	13	0	0	800	0	13	-1	2	5
70	13	0	0	800	0	13	-1	2	5
71	13	0	0	800	0	13	-1	2	5
72	13	0	0	800	0	13	-1	2	5
73	13	0	0	800	0	13	-1	2	5
74	13	0	0	800	0	13	-1	2	5
75	13	0	0	800	0	13	-1	2	5
76	13	0	0	800	0	13	-1	2	5
77	13	0	0	800	0	13	-1	2	5
78	13	0	0	800	0	13	-1	2	5
79	13	0	0	800	0	13	-1	2	5
80	13	0	0	800	0	13	-1	2	5
81	13	0	0	800	0	13	-1	2	5
82	13	0	0	800	0	13	-1	2	5
83	13	0	0	800	0	13	-1	2	5
84	13	0	0	800	0	13	-1	2	5
85	13	0	0	800	0	13	-1	2	5
86	13	0	0	800	0	13	-1	2	5
87	13	0	0	800	0	13	-1	2	5
88	13	0	0	800	0	13	-1	2	5
89	13	0	0	800	0	13	-1	2	5
90	13	0	0	800	0	13	-1	2	5
91	13	0	0	800	0	13	-1	2	5
92	13	0	0	800	0	13	-1	2	5
93	13	0	0	800	0	13	-1	2	5
94	13	0	0	800	0	13	-1	2	5
95	13	0	0	800	0	13	-1	2	5
96	13	0	0	800	0	13	-1	2	5
97	13	0	0	800	0	13	-1	2	5
98	13	0	0	800	0	13	-1	2	5
99	13	0	0	800	0	13	-1	2	5
100	13	0	0	800	0	13	-1	2	5
101	13	0	0	800	0	13	-1	2	5
102	13	0	0	800	0	13	-1	2	5
103	13	0	0	800	0	13	-1	2	5
104	13	0	0	800	0	13	-1	2	5
105	13	0	0	800	0	13	-1	2	5
106	13	0	0	800	0	13	-1	2	5
107	13	0	0	800	0	13	-1	2	5
108	13	0	0	800	0	13	-1	2	5
109	13	0	0	800	0	13	-1	2	5
110	13	0	0	800	0	13	-1	2	5
111	13	0	0	800	0	13	-1	2	5
112	13	0	0	800	0	13	-1	2	5
113	13	0	0	800	0	13	-1	2	5
114	13	0	0	800	0	13	-1	2	5
115	13	0	0	800	0	13	-1	2	5
116	13	0	0	800	0	13	-1	2	5
117	13	0	0	800	0	13	-1	2	5
118	13	0	0	800	0	13	-1	2	5
119	13	0	0	800	0	13	-1	2	5
120	13	0	0	800	0	13	-1	2	5
121	13	0	0	800	0	13	-1	2	5
122	13	0	0	800	0	13	-1	2	5
123	13	0	0	800	0	13	-1	2	5
124	13	0	0	800	0	13	-1	2	5
125	13	0	0	800	0	13	-1	2	5
126	13	0	0	800	0	13	-1	2	5
127	13	0	0	800	0	13	-1	2	5
128	13	0	0	800	0	13	-1	2	5
129	13	0	0	800	0	13	-1	2	5
130	13	0	0	800	0	13	-1	2	5
131	13	0	0	800	0	13	-1	2	5
132	13	0	0	800	0	13	-1	2	5
133	13	0	0	800	0	13	-1	2	5
134	13	0	0	800	0	13	-1	2	5
135	13	0	0	800	0	13	-1	2	5
136	13	0	0	800	0	13	-1	2	5
137	13	0	0	800	0	13	-1	2	5
138	13	0	0	800	0	13	-1	2	5
139	13	0	0	800	0	13	-1	2	5
140	13	0	0	800	0	13	-1	2	5
141	13	0	0	800	0	13	-1	2	5
142	13	0	0	800	0	13	-1	2	5
143	13	0	0	800	0	13	-1	2	5
144	13	0	0	800	0	13	-1	2	5
145	13	0	0	800	0	13	-1	2	5
146	13	0	0	800	0	13	-1	2	5
147	13	0	0	800	0	13	-1	2	5
148	13	0	0	800	0	13	-1	2	5
149	13	0	0	800	0	13	-1	2	5
150	13	0	0	800	0	13	-1	2	5
151	13	0	0	800	0	13	-1	2	5
152	13	0	0	800	0	13	-1	2	5
153	13	0	0	800	0	13	-1	2	5
154	13	0	0	800	0	13	-1	2	5
155	13	0	0	800	0	13	-1	2	5
156	13	0	0	800	0	13	-1	2	5
157	13	0	0	800	0	13	-1	2	5
158	13	0	0	800	0	13	-1	2	5
159	13	0	0	800	0	13	-1	2	5
160	13	0	0	800	0	13	-1	2	5
161	13	0	0	800	0	13	-1	2	5
162	13	0	0	800	0	13	-1	2	5
163	13	0	0	800	0	13	-1	2	5
164	13	0	0	800	0	13	-1	2	5
165	13	0	0	800	0	13	-1	2	5
166	13	0	0	800	0	13	-1	2	5
167	13	0	0	800	0	13	-1	2	5
168	13	0	0	800	0	13	-1	2	5
169	13	0	0	800	0	13	-1	2	5
170	13	0	0	800	0	13	-1	2	5
171	13	0	0	800	0	13	-1	2	5
172	13	0	0	800	0	13	-1	2	5
173	13	0	0	800	0	13	-1	2	5
174	13	0	0	800	0	13	-1	2	5
175	13	0	0	800	0	13	-1	2	5
176	13	0	0	800	0	13	-1	2	5
177	13	0	0	800	0	13	-1	2	5
178	13	0	0	800	0	13	-1	2	5
179	13	0	0	800	0	13	-1	2	5
180	13	0	0	800	0	13	-1	2	5
181	13	0	0	800	0	13	-1	2	5
182	13	0	0	800	0	13	-1	2	5
183	13	0	0	800	0	13	-1	2	5
184	13	0	0	800	0	13	-1	2	5
185	13	0	0	800	0	13	-1	2	5
186	13	0	0	800	0	13	-1	2	5
187	13	0	0	800	0	13	-1	2	5
188	13	0	0	800	0	13	-1	2	5
189	13	0	0	800	0	13	-1	2	5
190	13	0	0	800	0	13	-1	2	5
191	13	0	0	800	0	13	-1	2	5
192	13	0	0	800	0	13	-1	2	5
193	13	0	0	800	0	13	-1	2	5
194	13	0	0	800	0	13	-1	2	5
195	13	0	0	800	0	13	-1	2	5
196	13	0	0	800	0	13	-1	2	5
197	13	0	0	800	0	13	-1	2	5
198	13	0	0	800	0	13	-1	2	5
199	13	0	0	800	0	13	-1	2	5
200	13	0	0	800	0	13	-1	2	5
201	13	0	0	800	0	13	-1	2	5
202	13	0	0	800	0	13	-1	2	5
203	13	0	0	800	0	13	-1	2	5
204	13	0	0	800	0	13	-1	2	5
205	13	0	0	800	0	13	-1	2	5
206	13	0	0	800	0	13	-1	2	5
207	13	0	0	800	0	13	-1	2	5
208	13	0	0	800	0	13	-1	2	5
209	13	0	0	800	0	13	-1	2	5
210	13	0	0	800	0	13	-1	2	5
211	13	0	0	800	0	13	-1	2	5
212	13	0	0	800	0	13	-1	2	5
213	13	0	0	800	0	13	-1	2	5
214	13	0	0	800	0	13	-1	2	5
215	13	0	0	800	0	13	-1	2	5
216	13	0	0	800	0	13	-1	2	5
217	13	0	0	800	0	13	-1	2	5
218	13	0	0	800	0	13	-1	2	5
219	13	0	0	800	0	13	-1	2	5
220	13	0	0	800	0	13	-1	2	5
221	13	0	0	800	0	13	-1	2	5
222	13	0	0	800	0	13	-1	2	5
223	13	0	0	800	0	13	-1	2	5
224	13	0	0	800	0	13	-1	2	5
225	13	0	0	800	0	13	-1	2	5
226	13	0	0	800	0	13	-1	2	5
227	13	0	0	800	0	13	-1	2	5
228	13	0	0	800	0	13	-1	2	5
229	13	0	0	800	0	13	-1	2	5
230	13	0	0	800	0	13	-1	2	5
231	13	0	0	800	0	13	-1	2	5
232	13	0	0	800	0	13	-1	2	5
233	13	0	0	800	0	13	-1	2	5
234	13	0	0	800	0	13	-1	2	5
235	13	0	0	800	0	13	-1	2	5
236	13	0	0	800	0	13	-1	2	5
237	13	0	0	800	0	13	-1	2	5
238	13	0	0	800	0	13	-1	2	5
239	13	0	0	800	0	13	-1	2	5
240	13	0	0	800	0	13	-1	2	5
241	13	0	0	800	0	13	-1	2	5
242	13	0	0	800	0	13	-1	2	5
243	13	0	0	800	0	13	-1	2	5
244	13	0	0	800	0	13	-1	2	5
245	13	0	0	800	0	13	-1	2	5
246	13	0	0	800	0	13	-1	2	5
247	13	0	0	800	0	13	-1	2	5
248	13	0	0	800	0	13	-1	2	5
249	13	0	0	800	0	13	-1	2	5
250	13	0	0	800	0	13	-1	2	5
251	13	0	0	800	0	13	-1	2	5
252	13	0	0	800	0	13	-1	2	5
253	13	0	0	800	0	13	-1	2	5
254	13	0	0	800	0	13	-1	2	5
255	13	0	0	800	0	13	-1	2	5
256	13	0	0	800	0	13	-1	2	5
257	13	0	0	800	0	13	-1	2	5
258	13	0	0	800	0	13	-1	2	5
259	13	0	0	800	0	13	-1	2	5
260	13	0	0	800	0	13	-1	2	5
261	13	0	0	800	0	13	-1	2	5
262	13	0	0	800	0	13	-1	2	5
263	13	0	0	800	0	13	-1	2	5
264	13	0	0	800	0	13	-1	2	5
265	13	0	0	800	0	13	-1	2	5
266	13	0	0	800	0	13	-1	2	5
267	13	0	0	800	0	13	-1	2	5
268	13	0	0	800	0	13	-1	2	5
269	13	0	0	800	0	13	-1	2	5
270	13	0	0	800	0	13	-1	2	5
271	13	0	0	800	0	13	-1	2	5
272	13	0	0	800	0	13	-1	2	5
273	13	0	0	800	0	13	-1	2	5
274	13	0	0	800	0	13	-1	2	5
275	13	0	0	800	0	13	-1	2	5
276	13	0	0	800	0	13	-1	2	5
277	13	0	0	800	0	13	-1	2	5
278	13	0	0	800	0	13	-1	2	5
279	13	0	0	800	0	13	-1	2	5
280	13	0	0	800	0	13	-1	2	5
281	13	0	0	800	0	13	-1	2	5
282	13	0	0	800	0	13	-1	2	5
283	13	0	0	800	0	13	-1	2	5
284	13	0	0	800	0	13	-1	2	5
285	13	0	0	800	0	13	-1	2	5
286	13	0	0	800	0	13	-1	2	5
287	13	0	0	800	0	13	-1	2	5
288	13	0	0	800	0	13	-1	2	5
289	13	0	0	800	0	13	-1	2	5
290	13	0	0	800	0	13	-1	2	5
291	13	0	0	800	0	13	-1	2	5
292	13	0	0	800	0	13	-1	2	5
293	13	0	0	800	0	13	-1	2	5
294	13	0	0	800	0	13	-1	2	5
295	13	0	0	800	0	13	-1	2	5
296	13	0	0	800	0	13	-1	2	5
297	13	0	0	800	0	13	-1	2	5
298	13	0	0	800	0	13	-1	2	5
299	13	0	0	800	0	13	-1	2	5
300	13	0	0	800	0	13	-1	2	5
301	13	0	0	800	0	13	-1	2	5
302	13	0	0	800	0	13	-1	2	5
303	13	0	0	800	0	13	-1	2	5
304	13	0	0	800	0	13	-1	2	5
305	13	0	0	800	0	13	-1	2	5
306	13	0	0	800	0	13	-1	2	5
307	13	0	0	800	0	13	-1	2	5
308	13	0	0	800	0	13	-1	2	5
309	13	0	0	800	0	13	-1	2	5
310	13	0	0	800	0	13	-1	2	5
311	13	0	0	800	0	13	-1	2	5
312	13	0	0	800	0	13	-1	2	5
313	13	0	0	800	0	13	-1	2	5
314	13	0	0	800	0	13	-1	2	5
315	13	0	0	800	0	13	-1	2	5
316	13	0	0	800	0	13	-1	2	5
317	13	0	0	800	0	13	-1	2	5
318	13	0	0	800	0	13	-1	2	5
319	13	0	0	800	0	13	-1	2	5
320	13	0	0	800	0	13	-1	2	5
321	13	0	0	800	0	13	-1	2	5
322	13	0	0	800	0	13	-1	2	5
323	13	0	0	800	0	13	-1	2	5
324	13	0	0	800	0	13	-1	2	5
325	13	0	0	800	0	13	-1	2	5
326	13	0	0	800	0	13	-1	2	5
327	13	0	0	800	0	13	-1	2	5
328	13	0	0	800	0	13	-1	2	5
329	13	0	0	800	0	13	-1	2	5
330	13	0	0	800	0	13	-1	2	5
331	13	0	0	800	0	13	-1	2	5
332	13	0	0	800	0	13	-1	2	5
333	13	0	0	800	0	13	-1	2	5
334	13	0	0	800	0	13	-1	2	5
335	13	0	0	800	0	13	-1	2	5
336	13	0	0	800	0	13	-1	2	5
337	13	0	0	800	0	13	-1	2	5
338	13	0	0	800	0	13	-1	2	5
339	13	0	0	800	0	13	-1	2	5
340	13	0	0	800	0	13	-1	2	5
341	13	0	0	800	0	13	-1	2	5
342	13	0	0	800	0	13	-1	2	5
343	13	0	0	800	0	13	-1	2	5
344	13	0	0	800	0	13	-1	2	5
345	13	0	0	800	0	13	-1	2	5
346	13	0	0	800	0	13	-1	2	5
347	13	0	0	800	0	13	-1	2	5
348	13	0	0	800	0	13	-1	2	5
349	13	0	0	800	0	13	-1	2	5
350	13	0	0	800	0	13	-1	2	5
351	13	0	0	800	0	13	-1	2	5
352	13	0	0	800	0	13	-1	2	5
353	13	0	0	800	0	13	-1	2	5
354	13	0	0	800	0	13	-1	2	5
355	13	0	0	800	0	13	-1	2	5
356	13	0	0	800	0	13	-1	2	5
357	13	0	0	800	0	13	-1	2	5
358	13	0	0	800	0	13	-1	2	5
359	13	0	0	800	0	13	-1	2	5
360	13	0	0	800	0	13	-1	2	5
361	13	0	0	800	0	13	-1	2	5
362	13	0	0	800	0	13	-1	2	5
363	13	0	0	800	0	13	-1	2	5
364	13	0	0	800	0	13	-1	2	5
365	13	0	0	800	0	13	-1	2	5
366	13	0	0	800	0	13	-1	2	5
367	13	0	0	800	0	13	-1	2	5
368	13	0	0	800	0	13	-1	2	5
369	13	0	0	800	0	13	-1	2	5
370	13	0	0	800	0	13	-1	2	5
371	13	0	0	800	0	13	-1	2	5
372	13	0	0	800	0	13	-1	2	5
373	13	0	0	800	0	13	-1	2	5
374	13	0	0	800	0	13	-1	2	5
375	13	0	0	800	0	13	-1	2	5
376	13	0	0	800	0	13	-1	2	5
377	13	0	0	800	0	13	-1	2	5
378	13	0	0	800	0	13	-1	2	5
379	13	0	0	800	0	13	-1	2	5
380	13	0	0	800	0	13	-1	2	5
381	13	0	0	800	0	13	-1	2	5
382	13	0	0	800	0	13	-1	2	5
383	13	0	0	800	0	13	-1	2	5
384	13	0	0	800	0	13	-1	2	5
385	13	0	0	800	0	13	-1	2	5
386	13	0	0	800	0	13	-1	2	5
387	13	0	0	800	0	13	-1	2	5
388	13	0	0	800	0	13	-1	2	5
389	13	0	0	800	0	13	-1	2	5
390	13	0	0	800	0	13	-1	2	5
391	13	0	0	800	0	13	-1	2	5
392	13	0	0	800	0	13	-1	2	5
393	13	0	0	800	0	13	-1	2	5
394	13	0	0	800	0	13	-1	2	5
395	13	0	0	800	0	13	-1	2	5
396	13	0	0	800	0	13	-1	2	5
397	13	0	0	800	0	13	-1	2	5
398	13	0	0	800	0	13	-1	2	5
399	13	0	0	800	0	13	-1	2	5
400	13	0	0	800	0	13	-1	2	5
401	13	0	0	800	0	13	-1	2	5
402	13	0	0	800	0	13	-1	2	5
403	13	0	0	800	0	13	-1	2	5
404	13	0	0	800	0	13	-1	2	5
405	13	0	0	800	0	13	-1	2	5
406	13	0	0	800	0	13	-1	2	5
407	13	0	0	800	0	13	-1	2	5
408	13	0	0	800	0	13	-1	2	5
409	13	0	0	800	0	13	-1	2	5
410	13	0	0	800	0	13	-1	2	5
411	13	0	0	800	0	13	-1	2	5
412	13	0	0	800	0	13	-1	2	5
413	13	0	0	800	0	13	-1	2	5
414	13	0	0	800	0	13	-1	2	5
415	13	0	0	800	0	13	-1	2	5
416	13	0	0	800	0	13	-1	2	5
417	13	0	0	800	0	13	-1	2	5
418	13	0	0	800	0	13	-1	2	5
419	13	0	0	800	0	13	-1	2	5
420	13	0	0	800	0	13	-1	2	5
421	13	0	0	800	0	13	-1	2	5
422	13	0	0	800	0	13	-1	2	5
423	13	0	0	800	0	13	-1	2	5
424	13	0	0	800	0	13	-1	2	5
425	13	0	0	800	0	13	-1	2	5
426	13	0	0	800	0	13	-1	2	5
427	13	0	0	800	0	13	-1	2	5
428	13	0	0	800	0	13	-1	2	5
429	13	0	0	800	0	13	-1	2	5
430	13	0	0	800	0	13	-1	2	5
431	13	0	0	800	0	13	-1	2	5
432	13	0	0	800	0	13	-1	2	5
433	13	0	0	800	0	13	-1	2	5
434	13	0	0	800	0	13	-1	2	5
435	13	0	0	800	0	13	-1	2	5
436	13	0	0	800	0	13	-1	2	5
437	13	0	0	800	0	13	-1	2	5
438	13	0	0	800	0	13	-1	2	5
439	13	0	0	800	0	13	-1	2	5
440	13	0	0	800	0	13	-1	2	5
441	13	0	0	800	0	13	-1	2	5
442	13	0	0	800	0	13	-1	2	5
443	13	0	0	800	0	13	-1	2	5
444	13	0	0	800	0	13	-1	2	5
445	13	0	0	800	0	13	-1	2	5
446	13	0	0	800	0	13	-1	2	5
447	13	0	0	800	0	13	-1	2	5
448	13	0	0	800	0	13	-1	2	5
449	13	0	0	800	0	13	-1	2	5
450	13	0	0	800	0	13	-1	2	5
451	13	0	0	800	0	13	-1	2	5
452	13	0	0	800	0	13	-1	2	5
453	13	0	0	800	0	13	-1	2	5
454	13	0	0	800	0	13	-1	2	5
455	13	0	0	800	0	13	-1	2	5
456	13	0	0	800	0	13	-1	2	5
457	13	0	0	800	0	13	-1	2	5
458	13	0	0	800	0	13	-1	2	5
459	13	0	0	800	0	13	-1	2	5
460	13	0	0	800	0	13	-1	2	5
461	13	0	0	800	0	13	-1	2	5
462	13	0	0	800	0	13	-1	2	5
463	13	0	0	800	0	13	-1	2	5
464	13	0	0	800	0	13	-1	2	5
465	13	0	0	800	0	13	-1	2	5
466	13	0	0	800	0	13	-1	2	5
467	13	0	0	800	0	13	-1	2	5
468	13	0	0	800	0	13	-1	2	5
469	13	0	0	800	0	13	-1	2	5
470	13	0	0	800	0	13	-1	2	5
471	13	0	0	800	0	13	-1	2	5
472	13	0	0	800	0	13	-1	2	5
473	13	0	0	800	0	13	-1	2	5
474	13	0	0	800	0	13	-1	2	5
475	13	0	0	800	0	13	-1	2	5
476	13	0	0	800	0	13	-1	2	5
477	13	0	0	800	0	13	-1	2	5
478	13	0	0	800	0	13	-1	2	5
479	13	0	0	800	0	13	-1	2	5
480	13	0	0	800	0	13	-1	2	5
481	13	0	0	800	0	13	-1	2	5
482	13	0	0	800	0	13	-1	2	5
483	13	0	0	800	0	13	-1	2	5
484	13	0	0	800	0	13	-1	2	5
485	13	0	0	800	0	13	-1	2	5
486	13	0	0	800	0	13	-1	2	5
487	13	0	0	800	0	13	-1	2	5
488	13	0	0	800	0	13	-1	2	5
489	13	0	0	800	0	13	-1	2	5
490	13	0	0	800	0	13	-1	2	5
491	13	0	0	800	0	13	-1	2	5
492	13	0	0	800	0	13	-1	2	5
493	13	0	0	800	0	13	-1	2	5
494	13	0	0	800	0	13	-1	2	5
495	13	0	0	800	0	13	-1	2	5
496	13	0	0	800	0	13	-1	2	5
497	13	0	0	800	0	13	-1	2	5
498	13	0	0	800	0	13	-1	2	5
499	13	0	0	800	0	13	-1	2	5
500	13	0	0	800	0	13	-1	2	5
501	13	0	0	800	0	13	-1	2	5
502	13	0	0	800	0	13	-1	2	5
503	13	0	0	800	0	13	-1	2	5
504	13	0	0	800	0	13	-1	2	5
505	13	0	0	800	0	13	-1	2	5
506	13	0	0	800	0	13	-1	2	5
507	13	0	0	800	0	13	-1	2	5
508	13	0	0	800	0	13	-1	2	5
509	13	0	0	800	0	13	-1	2	5
510	13	0	0	800	0	13	-1	2	5
511	13	0	0	800	0	13	-1	2	5
512	13	0	0	800	0	13	-1	2	5
513	13	0	0	800	0	13	-1	2	5
514	13	0	0	800	0	13	-1	2	5
515	13	0	0	800	0	13	-1	2	5
516	13	0	0	800	0	13	-1	2	5
517	13	0	0	800	0	13	-1	2	5
518	13	0	0	800	0	13	-1	2	5
519	13	0	0	800	0	13	-1	2	5
520	13	0	0	800	0	13	-1	2	5
521	13	0	0	800	0	13	-1	2	5
522	13	0	0	800	0	13	-1	2	5
523	13	0	0	800	0	13	-1	2	5
524	13	0	0	800	0	13	-1	2	5
525	13	0	0	800	0	13	-1	2	5
526	13	0	0	800	0	13	-1	2	5
527	13	0	0	800	0	13	-1	2	5
528	13	0	0	800	0	13	-1	2	5
529	13	0	0	800	0	13	-1	2	5
530	13	0	0	800	0	13	-1	2	5
531	13	0	0	800	0	13	-1	2	5
532	13	0	0	800	0	13	-1	2	5
533	13	0	0	800	0	13	-1	2	5
534	13	0	0	800	0	13	-1	2	5
535	13	0	0	800	0	13	-1	2	5
536	13	0	0	800	0	13	-1	2	5
537	13	0	0	800	0	13	-1	2	5
538	13	0	0	800	0	13	-1	2	5
539	13	0	0	800	0	13	-1	2	5
540	13	0	0	800	0	13	-1	2	5
541	13	0	0	800	0	13	-1	2	5
542	13	0	0	800	0	13	-1	2	5
543	13	0	0	800	0	13	-1	2	5
544	13	0	0	800	0	13	-1	2	5
545	13	0	0	800	0	13	-1	2	5
546	13	0	0	800	0	13	-1	2	5
547	13	0	0	800	0	13	-1	2	5
548	13	0	0	800	0	13	-1	2	5
549	13	0	0	800	0	13	-1	2	5
550	13	0	0	800	0	13	-1	2	5
551	13	0	0	800	0	13	-1	2	5
552	13	0	0	800	0	13	-1	2	5
553	13	0	0	800	0	13	-1	2	5
554	13	0	0	800	0	13	-1	2	5
555	13	0	0	800	0	13	-1	2	5
556	13	0	0	800	0	13	-1	2	5
557	13	0	0	800	0	13	-1	2	5
558	13	0	0	800	0	13	-1	2	5
559	13	0	0	800	0	13	-1	2	5
560	13	0	0	800	0	13	-1	2	5
561	13	0	0	800	0	13	-1	2	5
562	13	0	0	800	0	13	-1	2	5
563	13	0	0	800	0	13	-1	2	5
564	13	0	0	800	0	13	-1	2	5
565	13	0	0	800	0	13	-1	2	5
566	13	0	0	800	0	13	-1	2	5
567	13	0	0	800	0	13	-1	2	5
568	13	0	0	800	0	13	-1	2	5
569	13	0	0	800	0	13	-1	2	5
570	13	0	0	800	0	13	-1	2	5
571	13	0	0	800	0	13	-1	2	5
572	13	0	0	800	0	13	-1	2	5
573	13	0	0	800	0	13	-1	2	5
574	13	0	0	800	0	13	-1	2	5
575	13	0	0	800	0	13	-1	2	5
576	13	0	0	800	0	13	-1	2	5
577	13	0	0	800	0	13	-1	2	5
578	13	0	0	800	0	13	-1	2	5
579	13	0	0	800	0	13	-1	2	5
580	13	0	0	800	0	13	-1	2	5
581	13	0	0	800	0	13	-1	2	5
582	13	0	0	800	0	13	-1	2	5
583	13	0	0	800	0	13	-1	2	5
584	13	0	0	800	0	13	-1	2	5
585	13	0	0	800	0	13	-1	2	5
586	13	0	0	800	0	13	-1	2	5
587	13	0	0	800	0	13	-1	2	5
588	13	0	0	800	0	13	-1	2	5
589	13	0	0	800	0	13	-1	2	5
590	13	0	0	800	0	13	-1	2	5
591	13	0	0	800	0	13	-1	2	5
592	13	0	0	800	0	13	-1	2	5
593	13	0	0	800	0	13	-1	2	5
594	13	0	0	800	0	13	-1	2	5
595	13	0	0	800	0	13	-1	2	5
596	13	0	0	800	0	13	-1	2	5
597	13	0	0	800	0	13	-1	2	5
598	13	0	0	800	0	13	-1	2	5
599	13	0	0	800	0	13	-1	2	5
600	13	0	0	800	0	13	-1	2	5
601	13	0	0	800	0	13	-1	2	5
602	13	0	0	800	0	13	-1	2	5
603	13	0	0	800	0	13	-1	2	5
604	13	0	0	800	0	13	-1	2	5
605	13	0	0	800	0	13	-1	2	5
606	13	0	0	800	0	13	-1	2	5
607	13	0	0	800	0	13	-1	2	5
608	13	0	0	800	0	13	-1	2	5
609	13	0	0	800	0	13	-1	2	5
610	13	0	0	800	0	13	-1	2	5
611	13	0	0	800	0	13	-1	2	5
612	13	0	0	800	0	13	-1	2	5
613	13	0	0	800	0	13	-1	2	5
614	13	0	0	800	0	13	-1	2	5
615	13	0	0	800	0	13	-1	2	5
616	13	0	0	800	0	13	-1	2	5
617	13	0	0	800	0	13	-1	2	5
618	13	0	0	800	0	13	-1	2	5
619	13	0	0	800	0	13	-1	2	5
620	13	0	0	800	0	13	-1	2	5
621	13	0	0	800	0	13	-1	2	5
622	13	0	0	800	0	13	-1	2	5
623	13	0	0	800	0	13	-1	2	5
624	13	0	0	800	0	13	-1	2	5
625	13	0	0	800	0	13	-1	2	5
626	13	0	0	800	0	13	-1	2	5
627	13	0	0	800	0	13	-1	2	5
628	13	0	0	800	0	13	-1	2	5
629	13	0	0	800	0	13	-1	2	5
630	13	0	0	800	0	13	-1	2	5
631	13	0	0	800	0	13	-1	2	5
632	13	0	0	800	0	13	-1	2	5
633	13	0	0	800	0	13	-1	2	5
634	13	0	0	800	0	13	-1	2	5
635	13	0	0	800	0	13	-1	2	5
636	13	0	0	800	0	13	-1	2	5
637	13	0	0	800	0	13	-1	2	5
638	13	0	0	800	0	13	-1	2	5
639	13	0	0	800	0	13	-1	2	5
640	13	0	0	800	0	13	-1	2	5
641	13	0	0	800	0	13	-1	2	5
642	13	0	0	800	0	13	-1	2	5
643	13	0	0	800	0	13	-1	2	5
644	13	0	0	800	0	13	-1	2	5
645	13	0	0	800	0	13	-1	2	5
646	13	0	0	800	0	13	-1	2	5
647	13	0	0	800	0	13	-1	2	5
648	13	0	0	800	0	13	-1	2	5
649	13	0	0	800	0	13	-1	2	5
650	13	0	0	800	0	13	-1	2	5
651	13	0	0	800	0	13	-1	2	5
652	13	0	0	800	0	13	-1	2	5
653	13	0	0	800	0	13	-1	2	5
654	13	0	0	800	0	13	-1	2	5
655	13	0	0	800	0	13	-1	2	5
656	13	0	0	800	0	13	-1	2	5
657	13	0	0	800	0	13	-1	2	5
658	13	0	0	800	0	13	-1	2	5
659	13	0	0	800	0	13	-1	2	5
660	13	0	0	800	0	13	-1	2	5
661	13	0	0	800	0	13	-1	2	5
662	13	0	0	800	0	13	-1	2	5
663	13	0	0	800	0	13	-1	2	5
664	13	0	0	800	0	13	-1	2	5
665	13	0	0	800	0	13	-1	2	5
666	13	0	0	800	0	13	-1	2	5
667	13	0	0	800	0	13	-1	2	5
668	13	0	0	800	0	13	-1	2	5
669	13	0	0	800	0	13	-1	2	5
670	13	0	0	800	0	13	-1	2	5
671	13	0	0	800	0	13	-1	2	5
672	13	0	0	800	0	13	-1	2	5
673	13	0	0	800	0	13	-1	2	5
674	13	0	0	800	0	13	-1	2	5
675	13	0	0	800	0	13	-1	2	5
676	13	0	0	800	0	13	-1	2	5
677	13	0	0	800	0	13	-1	2	5
678	13	0	0	800	0	13	-1	2	5
679	13	0	0	800	0	13	-1	2	5
680	13	0	0	800	0	13	-1	2	5
681	13	0	0	800	0	13	-1	2	5
682	13	0	0	800	0	13	-1	2	5
683	13	0	0	800	0	13	-1	2	5
684	13	0	0	800	0	13	-1	2	5
685	13	0	0	800	0	13	-1	2	5
686	13	0	0	800	0	13	-1	2	5
687	13	0	0	800	0	13	-1	2	5
688	13	0	0	800	0	13	-1	2	5
689	13	0	0	800	0	13	-1	2	5
690	13	0	0	800	0	13	-1	2	5
691	13	0	0	800	0	13	-1	2	5
692	13	0	0	800	0	13	-1	2	5
693	13	0	0	800	0	13	-1	2	5
694	13	0	0	800	0	13	-1	2	5
695	13	0	0	800	0	13	-1	2	5
696	13	0	0	800	0	13	-1	2	5
697	13	0	0	800	0	13	-1	2	5
698	13	0	0	800	0	13	-1	2	5
699	13	0	0	800	0	13	-1	2	5
700	13	0	0	800	0	13	-1	2	5
701	13	0	0	800	0	13	-1	2	5
702	13	0	0	800	0	13	-1	2	5
703	13	0	0	800	0	13	-1	2	5
704	13	0	0	800	0	13	-1	2	5
705	13	0	0	800	0	13	-1	2	5
706	13	0	0	800	0	13	-1	2	5
707	13	0	0	800	0	13	-1	2	5
708	13	0	0	800	0	13	-1	2	5
709	13	0	0	800	0	13	-1	2	5
710	13	0	0	800	0	13	-1	2	5
711	13	0	0	800	0	13	-1	2	5
712	13	0	0	800	0	13	-1	2	5
713	13	0	0	800	0	13	-1	2	5
714	13	0	0	800	0	13	-1	2	5
715	13	0	0	800	0	13	-1	2	5
716	13	0	0	800	0	13	-1	2	5
717	13	0	0	800	0	13	-1	2	5
718	13	0	0	800	0	13	-1	2	5
719	13	0	0	800	0	13	-1	2	5
720	13	0	0	800	0	13	-1	2	5
721	13	0	0	800	0	13	-1	2	5
722	13	0	0	800	0	13	-1	2	5
723	13	0	0	800	0	13	-1	2	5
724	13	0	0	800	0	13	-1	2	5
725	13	0	0	800	0	13	-1	2	5
726	13	0	0	800	0	13	-1	2	5
727	13	0	0	800	0	13	-1	2	5
728	13	0	0	800	0	13	-1	2	5
729	13	0	0	800	0	13	-1	2	5
730	13	0	0	800	0	13	-1	2	5
731	13	0	0	800	0	13	-1	2	5
732	13	0	0	800	0	13	-1	2	5
733	13	0	0	800	0	13	-1	2	5
734	13	0	0	800	0	13	-1	2	5
735	13	0	0	800	0	13	-1	2	5
736	13	0	0	800	0	13	-1	2	5
737	13	0	0	800	0	13	-1	2	5
738	13	0	0	800	0	13	-1	2	5
739	13	0	0	800	0	13	-1	2	5
740	13	0	0	800	0	13	-1	2	5
741	13	0	0	800	0	13	-1	2	5
742	13	0	0	800	0	13	-1	2	5
743	13	0	0	800	0	13	-1	2	5
744	13	0	0	800	0	13	-1	2	5
745	13	0	0	800	0	13	-1	2	5
746	13	0	0	800	0	13	-1	2	5
747	13	0	0	800	0	13	-1	2	5
748	13	0	0	800	0	13	-1	2	5
749	13	0	0	800	0	13	-1	2	5
750	13	0	0	800	0	13	-1	2	5
751	13	0	0	800	0	13	-1	2	5
752	13	0	0	800	0	13	-1	2	5
753	13	0	0	800	0	13	-1	2	5
754	13	0	0	800	0	13	-1	2	5
755	13	0	0	800	0	13	-1	2	5
756	13	0	0	800	0	13	-1	2	5
757	13	0	0	800	0	13	-1	2	5
758	13	0	0	800	0	13	-1	2	5
759	13	0	0	800	0	13	-1	2	5
760	13	0	0	800	0	13	-1	2	5
761	13	0	0	800	0	13	-1	2	5
762	13	0	0	800	0	13	-1	2	5
763	13	0	0	800	0	13	-1	2	5
764	13	0	0	800	0	13	-1	2	5
765	13	0	0	800	0	13	-1	2	5
766	13	0	0	800	0	13	-1	2	5
767	13	0	0	800	0	13	-1	2	5
768	13	0	0	800	0	13	-1	2	5
769	13	0	0	800	0	13	-1	2	5
770	13	0	0	800	0	13	-1	2	5
771	13	0	0	800	0	13	-1	2	5
772	13	0	0	800	0	13	-1	2	5
773	13	0	0	800	0	13	-1	2	5
774	13	0	0	800	0	13	-1	2	5
775	13	0	0	800	0	13	-1	2	5
776	13	0	0	800	0	13	-1	2	5
777	13	0	0	800	0	13	-1	2	5
778	13	0	0	800	0	13	-1	2	5
779	13	0	0	800	0	13	-1	2	5
780	13	0	0	800	0	13	-1	2	5
781	13	0	0	800	0	13	-1	2	5
782	13	0	0	800	0	13	-1	2	5
783	13	0	0	800	0	13	-1	2	5
784	13	0	0	800	0	13	-1	2	5
785	13	0	0	800	0	13	-1	2	5
786	13	0	0	800	0	13	-1	2	5
787	13	0	0	800	0	13	-1	2	5
788	13	0	0	800	0	13	-1	2	5
789	13	0	0	800	0	13	-1	2	5
790	13	0	0	800	0	13	-1	2	5
791	13	0	0	800	0	13	-1	2	5
792	13	0	0	800	0	13	-1	2	5
793	13	0	0	800	0	13	-1	2	5
794	13	0	0	800	0	13	-1	2	5
795	13	0	0	800	0	13	-1	2	5
796	13	0	0	800	0	13	-1	2	5
797	13	0	0	800	0	13	-1	2	5
798	13	0	0	800	0	13	-1	2	5
799	13	0	0	800	0	13	-1	2	5
800	13	0	0	800	0	13	-1	2	5
801	13	0	0	800	0	13	-1	2	5
802	13	0	0	800	0	13	-1	2	5
803	13	0	0	800	0	13	-1	2	5
804	13	0	0	800	0	13	-1	2	5
805	13	0	0	800	0	13	-1	2	5
806	13	0	0	800	0	13	-1	2	5
807	13	0	0	800	0	13	-1	2	5
808	13	0	0	800	0	13	-1	2	5
809	13	0	0	800	0	13	-1	2	5
810	13	0	0	800	0	13	-1	2	5
811	13	0	0	800	0	13	-1	2	5
812	13	0	0	800	0	13	-1	2	5
813	13	0	0	800	0	13	-1	2	5
814	13	0	0	800	0	13	-1	2	5
815	13	0	0	800	0	13	-1	2	5
816	13	1	1	800	816	13	13	2	5
817	13	1	1	800	816	13	13	2	5
818	13	1	1	800	816	13	13	2	5
819	13	1	1	800	816	13	13	2	5
820	13	1	1	800	816	13	13	2	5
821	13	1	1	800	816	13	13	2	5
822	13	1	1	800	816	13	13	2	5
823	13	1	1	800	816	13	13	2	5
824	13	1	1	800	816	13	13	2	5
825	13	1	1	800	816	13	13	2	5
826	13	1	1	800	816	13	13	2	5
827	13	1	1	800	816	13	13	2	5
828	13	1	1	800	816	13	13	2	5
829	13	1	1	800	816	13	13	2	5
830	13	1	1	800	816	13	13	2	5
831	13	1	1	800	816	13	13	2	5
832	13	1	1	800	816	13	13	2	5
833	13	1	1	800	816	13	13	2	5
834	13	1	1	800	816	13	13	2	5
835	13	1	1	800	816	13	13	2	5
836	13	1	1	800	816	13	13	2	5
837	13	1	1	800	816	13	13	2	5
838	13	1	1	800	816	13	13	2	5
839	13	1	1	800	816	13	13	2	5
840	13	1	1	800	816	13	13	2	5
841	13	1	1	800	816	13	13	2	5
842	13	1	1	800	816	13	13	2	5
843	13	1	1	800	816	13	13	2	5
844	13	1	1	800	816	13	13	2	5
845	13	1	1	800	816	13	13	2	5
846	13	1	1	800	816	13	13	2	5
