1	8	0	0	800	0	8	-1	-4	1
2	8	0	0	800	0	8	-1	-4	1
3	8	0	0	800	0	8	-1	-4	1
4	8	0	0	800	0	8	-1	-4	1
5	8	0	0	800	0	8	-1	-4	1
6	8	0	0	800	0	8	-1	-4	1
7	8	0	0	800	0	8	-1	-4	1
8	8	0	0	800	0	8	-1	-4	1
9	8	0	0	800	0	8	-1	-4	1
10	8	0	0	800	0	8	-1	-4	1
11	8	0	0	800	0	8	-1	-4	1
12	8	0	0	800	0	8	-1	-4	1
13	8	0	0	800	0	8	-1	-4	1
14	8	0	0	800	0	8	-1	-4	1
15	8	0	0	800	0	8	-1	-4	1
16	8	0	0	800	0	8	-1	-4	1
17	8	0	0	800	0	8	-1	-4	1
18	8	0	0	800	0	8	-1	-4	1
19	8	0	0	800	0	8	-1	-4	1
20	8	0	0	800	0	8	-1	-4	1
21	8	0	0	800	0	8	-1	-4	1
22	8	0	0	800	0	8	-1	-4	1
23	8	0	0	800	0	8	-1	-4	1
24	8	0	0	800	0	8	-1	-4	1
25	8	0	0	800	0	8	-1	-4	1
26	8	0	0	800	0	8	-1	-4	1
27	8	0	0	800	0	8	-1	-4	1
28	8	0	0	800	0	8	-1	-4	1
29	8	0	0	800	0	8	-1	-4	1
30	8	0	0	800	0	8	-1	-4	1
31	8	0	0	800	0	8	-1	-4	1
32	8	0	0	800	0	8	-1	-4	1
33	8	0	0	800	0	8	-1	-4	1
34	8	0	0	800	0	8	-1	-4	1
35	8	0	0	800	0	8	-1	-4	1
36	8	0	0	800	0	8	-1	-4	1
37	8	0	0	800	0	8	-1	-4	1
38	8	0	0	800	0	8	-1	-4	1
39	8	0	0	800	0	8	-1	-4	1
40	8	0	0	800	0	8	-1	-4	1
41	8	0	0	800	0	8	-1	-4	1
42	8	0	0	800	0	8	-1	-4	1
43	8	0	0	800	0	8	-1	-4	1
44	8	0	0	800	0	8	-1	-4	1
45	8	0	0	800	0	8	-1	-4	1
46	8	0	0	800	0	8	-1	-4	1
47	8	0	0	800	0	8	-1	-4	1
48	8	0	0	800	0	8	-1	-4	1
49	8	0	0	800	0	8	-1	-4	1
50	8	0	0	800	0	8	-1	-4	1
51	8	0	0	800	0	8	-1	-4	1
52	8	0	0	800	0	8	-1	-4	1
53	8	0	0	800	0	8	-1	-4	1
54	8	0	0	800	0	8	-1	-4	1
55	8	0	0	800	0	8	-1	-4	1
56	8	0	0	800	0	8	-1	-4	1
57	8	0	0	800	0	8	-1	-4	1
58	8	0	0	800	0	8	-1	-4	1
59	8	0	0	800	0	8	-1	-4	1
60	8	0	0	800	0	8	-1	-4	1
61	8	0	0	800	0	8	-1	-4	1
62	8	0	0	800	0	8	-1	-4	1
63	8	0	0	800	0	8	-1	-4	1
64	8	0	0	800	0	8	-1	-4	1
65	8	0	0	800	0	8	-1	-4	1
66	8	0	0	800	0	8	-1	-4	1
67	8	0	0	800	0	8	-1	-4	1
68	8	0	0	800	0	8	-1	-4	1
69	8	0	0	800	0	8	-1	-4	1
70	8	0	0	800	0	8	-1	-4	1
71	8	0	0	800	0	8	-1	-4	1
72	8	0	0	800	0	8	-1	-4	1
73	8	0	0	800	0	8	-1	-4	1
74	8	0	0	800	0	8	-1	-4	1
75	8	0	0	800	0	8	-1	-4	1
76	8	0	0	800	0	8	-1	-4	1
77	8	0	0	800	0	8	-1	-4	1
78	8	0	0	800	0	8	-1	-4	1
79	8	0	0	800	0	8	-1	-4	1
80	8	0	0	800	0	8	-1	-4	1
81	8	0	0	800	0	8	-1	-4	1
82	8	0	0	800	0	8	-1	-4	1
83	8	0	0	800	0	8	-1	-4	1
84	8	0	0	800	0	8	-1	-4	1
85	8	0	0	800	0	8	-1	-4	1
86	8	0	0	800	0	8	-1	-4	1
87	8	0	0	800	0	8	-1	-4	1
88	8	0	0	800	0	8	-1	-4	1
89	8	0	0	800	0	8	-1	-4	1
90	8	0	0	800	0	8	-1	-4	1
91	8	0	0	800	0	8	-1	-4	1
92	8	0	0	800	0	8	-1	-4	1
93	8	0	0	800	0	8	-1	-4	1
94	8	0	0	800	0	8	-1	-4	1
95	8	0	0	800	0	8	-1	-4	1
96	8	0	0	800	0	8	-1	-4	1
97	8	0	0	800	0	8	-1	-4	1
98	8	0	0	800	0	8	-1	-4	1
99	8	0	0	800	0	8	-1	-4	1
100	8	0	0	800	0	8	-1	-4	1
101	8	0	0	800	0	8	-1	-4	1
102	8	0	0	800	0	8	-1	-4	1
103	8	0	0	800	0	8	-1	-4	1
104	8	0	0	800	0	8	-1	-4	1
105	8	0	0	800	0	8	-1	-4	1
106	8	0	0	800	0	8	-1	-4	1
107	8	0	0	800	0	8	-1	-4	1
108	8	0	0	800	0	8	-1	-4	1
109	8	0	0	800	0	8	-1	-4	1
110	8	0	0	800	0	8	-1	-4	1
111	8	0	0	800	0	8	-1	-4	1
112	8	0	0	800	0	8	-1	-4	1
113	8	0	0	800	0	8	-1	-4	1
114	8	0	0	800	0	8	-1	-4	1
115	8	0	0	800	0	8	-1	-4	1
116	8	0	0	800	0	8	-1	-4	1
117	8	0	0	800	0	8	-1	-4	1
118	8	0	0	800	0	8	-1	-4	1
119	8	0	0	800	0	8	-1	-4	1
120	8	0	0	800	0	8	-1	-4	1
121	8	0	0	800	0	8	-1	-4	1
122	8	0	0	800	0	8	-1	-4	1
123	8	0	0	800	0	8	-1	-4	1
124	8	0	0	800	0	8	-1	-4	1
125	8	0	0	800	0	8	-1	-4	1
126	8	0	0	800	0	8	-1	-4	1
127	8	0	0	800	0	8	-1	-4	1
128	8	0	0	800	0	8	-1	-4	1
129	8	0	0	800	0	8	-1	-4	1
130	8	0	0	800	0	8	-1	-4	1
131	8	0	0	800	0	8	-1	-4	1
132	8	0	0	800	0	8	-1	-4	1
133	8	0	0	800	0	8	-1	-4	1
134	8	0	0	800	0	8	-1	-4	1
135	8	0	0	800	0	8	-1	-4	1
136	8	0	0	800	0	8	-1	-4	1
137	8	0	0	800	0	8	-1	-4	1
138	8	0	0	800	0	8	-1	-4	1
139	8	0	0	800	0	8	-1	-4	1
140	8	0	0	800	0	8	-1	-4	1
141	8	0	0	800	0	8	-1	-4	1
142	8	0	0	800	0	8	-1	-4	1
143	8	0	0	800	0	8	-1	-4	1
144	8	0	0	800	0	8	-1	-4	1
145	8	0	0	800	0	8	-1	-4	1
146	8	0	0	800	0	8	-1	-4	1
147	8	0	0	800	0	8	-1	-4	1
148	8	0	0	800	0	8	-1	-4	1
149	8	0	0	800	0	8	-1	-4	1
150	8	0	0	800	0	8	-1	-4	1
151	8	0	0	800	0	8	-1	-4	1
152	8	0	0	800	0	8	-1	-4	1
153	8	0	0	800	0	8	-1	-4	1
154	8	0	0	800	0	8	-1	-4	1
155	8	0	0	800	0	8	-1	-4	1
156	8	0	0	800	0	8	-1	-4	1
157	8	0	0	800	0	8	-1	-4	1
158	8	0	0	800	0	8	-1	-4	1
159	8	0	0	800	0	8	-1	-4	1
160	8	0	0	800	0	8	-1	-4	1
161	8	0	0	800	0	8	-1	-4	1
162	8	0	0	800	0	8	-1	-4	1
163	8	0	0	800	0	8	-1	-4	1
164	8	0	0	800	0	8	-1	-4	1
165	8	0	0	800	0	8	-1	-4	1
166	8	0	0	800	0	8	-1	-4	1
167	8	0	0	800	0	8	-1	-4	1
168	8	0	0	800	0	8	-1	-4	1
169	8	0	0	800	0	8	-1	-4	1
170	8	0	0	800	0	8	-1	-4	1
171	8	0	0	800	0	8	-1	-4	1
172	8	0	0	800	0	8	-1	-4	1
173	8	0	0	800	0	8	-1	-4	1
174	8	0	0	800	0	8	-1	-4	1
175	8	0	0	800	0	8	-1	-4	1
176	8	0	0	800	0	8	-1	-4	1
177	8	0	0	800	0	8	-1	-4	1
178	8	0	0	800	0	8	-1	-4	1
179	8	0	0	800	0	8	-1	-4	1
180	8	0	0	800	0	8	-1	-4	1
181	8	0	0	800	0	8	-1	-4	1
182	8	0	0	800	0	8	-1	-4	1
183	8	0	0	800	0	8	-1	-4	1
184	8	0	0	800	0	8	-1	-4	1
185	8	0	0	800	0	8	-1	-4	1
186	8	0	0	800	0	8	-1	-4	1
187	8	0	0	800	0	8	-1	-4	1
188	8	0	0	800	0	8	-1	-4	1
189	8	0	0	800	0	8	-1	-4	1
190	8	0	0	800	0	8	-1	-4	1
191	8	0	0	800	0	8	-1	-4	1
192	8	0	0	800	0	8	-1	-4	1
193	8	0	0	800	0	8	-1	-4	1
194	8	0	0	800	0	8	-1	-4	1
195	8	0	0	800	0	8	-1	-4	1
196	8	0	0	800	0	8	-1	-4	1
197	8	0	0	800	0	8	-1	-4	1
198	8	0	0	800	0	8	-1	-4	1
199	8	0	0	800	0	8	-1	-4	1
200	8	0	0	800	0	8	-1	-4	1
201	8	0	0	800	0	8	-1	-4	1
202	8	0	0	800	0	8	-1	-4	1
203	8	0	0	800	0	8	-1	-4	1
204	8	0	0	800	0	8	-1	-4	1
205	8	0	0	800	0	8	-1	-4	1
206	8	0	0	800	0	8	-1	-4	1
207	8	0	0	800	0	8	-1	-4	1
208	8	0	0	800	0	8	-1	-4	1
209	8	0	0	800	0	8	-1	-4	1
210	8	0	0	800	0	8	-1	-4	1
211	8	0	0	800	0	8	-1	-4	1
212	8	0	0	800	0	8	-1	-4	1
213	8	0	0	800	0	8	-1	-4	1
214	8	0	0	800	0	8	-1	-4	1
215	8	0	0	800	0	8	-1	-4	1
216	8	0	0	800	0	8	-1	-4	1
217	8	0	0	800	0	8	-1	-4	1
218	8	0	0	800	0	8	-1	-4	1
219	8	0	0	800	0	8	-1	-4	1
220	8	0	0	800	0	8	-1	-4	1
221	8	0	0	800	0	8	-1	-4	1
222	8	0	0	800	0	8	-1	-4	1
223	8	0	0	800	0	8	-1	-4	1
224	8	0	0	800	0	8	-1	-4	1
225	8	0	0	800	0	8	-1	-4	1
226	8	0	0	800	0	8	-1	-4	1
227	8	0	0	800	0	8	-1	-4	1
228	8	0	0	800	0	8	-1	-4	1
229	8	0	0	800	0	8	-1	-4	1
230	8	0	0	800	0	8	-1	-4	1
231	8	0	0	800	0	8	-1	-4	1
232	8	0	0	800	0	8	-1	-4	1
233	8	0	0	800	0	8	-1	-4	1
234	8	0	0	800	0	8	-1	-4	1
235	8	0	0	800	0	8	-1	-4	1
236	8	0	0	800	0	8	-1	-4	1
237	8	0	0	800	0	8	-1	-4	1
238	8	0	0	800	0	8	-1	-4	1
239	8	0	0	800	0	8	-1	-4	1
240	8	0	0	800	0	8	-1	-4	1
241	8	0	0	800	0	8	-1	-4	1
242	8	0	0	800	0	8	-1	-4	1
243	8	0	0	800	0	8	-1	-4	1
244	8	0	0	800	0	8	-1	-4	1
245	8	0	0	800	0	8	-1	-4	1
246	8	0	0	800	0	8	-1	-4	1
247	8	0	0	800	0	8	-1	-4	1
248	8	0	0	800	0	8	-1	-4	1
249	8	0	0	800	0	8	-1	-4	1
250	8	0	0	800	0	8	-1	-4	1
251	8	0	0	800	0	8	-1	-4	1
252	8	0	0	800	0	8	-1	-4	1
253	8	0	0	800	0	8	-1	-4	1
254	8	0	0	800	0	8	-1	-4	1
255	8	0	0	800	0	8	-1	-4	1
256	8	0	0	800	0	8	-1	-4	1
257	8	0	0	800	0	8	-1	-4	1
258	8	0	0	800	0	8	-1	-4	1
259	8	0	0	800	0	8	-1	-4	1
260	8	0	0	800	0	8	-1	-4	1
261	8	0	0	800	0	8	-1	-4	1
262	8	0	0	800	0	8	-1	-4	1
263	8	0	0	800	0	8	-1	-4	1
264	8	0	0	800	0	8	-1	-4	1
265	8	0	0	800	0	8	-1	-4	1
266	8	0	0	800	0	8	-1	-4	1
267	8	0	0	800	0	8	-1	-4	1
268	8	0	0	800	0	8	-1	-4	1
269	8	0	0	800	0	8	-1	-4	1
270	8	0	0	800	0	8	-1	-4	1
271	8	0	0	800	0	8	-1	-4	1
272	8	0	0	800	0	8	-1	-4	1
273	8	0	0	800	0	8	-1	-4	1
274	8	0	0	800	0	8	-1	-4	1
275	8	0	0	800	0	8	-1	-4	1
276	8	0	0	800	0	8	-1	-4	1
277	8	0	0	800	0	8	-1	-4	1
278	8	0	0	800	0	8	-1	-4	1
279	8	0	0	800	0	8	-1	-4	1
280	8	0	0	800	0	8	-1	-4	1
281	8	0	0	800	0	8	-1	-4	1
282	8	0	0	800	0	8	-1	-4	1
283	8	0	0	800	0	8	-1	-4	1
284	8	0	0	800	0	8	-1	-4	1
285	8	0	0	800	0	8	-1	-4	1
286	8	0	0	800	0	8	-1	-4	1
287	8	0	0	800	0	8	-1	-4	1
288	8	0	0	800	0	8	-1	-4	1
289	8	0	0	800	0	8	-1	-4	1
290	8	0	0	800	0	8	-1	-4	1
291	8	0	0	800	0	8	-1	-4	1
292	8	0	0	800	0	8	-1	-4	1
293	8	0	0	800	0	8	-1	-4	1
294	8	0	0	800	0	8	-1	-4	1
295	8	0	0	800	0	8	-1	-4	1
296	8	0	0	800	0	8	-1	-4	1
297	8	0	0	800	0	8	-1	-4	1
298	8	0	0	800	0	8	-1	-4	1
299	8	0	0	800	0	8	-1	-4	1
300	8	0	0	800	0	8	-1	-4	1
301	8	0	0	800	0	8	-1	-4	1
302	8	0	0	800	0	8	-1	-4	1
303	8	0	0	800	0	8	-1	-4	1
304	8	0	0	800	0	8	-1	-4	1
305	8	0	0	800	0	8	-1	-4	1
306	8	0	0	800	0	8	-1	-4	1
307	8	0	0	800	0	8	-1	-4	1
308	8	0	0	800	0	8	-1	-4	1
309	8	0	0	800	0	8	-1	-4	1
310	8	0	0	800	0	8	-1	-4	1
311	8	0	0	800	0	8	-1	-4	1
312	8	0	0	800	0	8	-1	-4	1
313	8	0	0	800	0	8	-1	-4	1
314	8	0	0	800	0	8	-1	-4	1
315	8	0	0	800	0	8	-1	-4	1
316	8	0	0	800	0	8	-1	-4	1
317	8	0	0	800	0	8	-1	-4	1
318	8	0	0	800	0	8	-1	-4	1
319	8	0	0	800	0	8	-1	-4	1
320	8	0	0	800	0	8	-1	-4	1
321	8	0	0	800	0	8	-1	-4	1
322	8	0	0	800	0	8	-1	-4	1
323	8	0	0	800	0	8	-1	-4	1
324	8	0	0	800	0	8	-1	-4	1
325	8	0	0	800	0	8	-1	-4	1
326	8	0	0	800	0	8	-1	-4	1
327	8	0	0	800	0	8	-1	-4	1
328	8	0	0	800	0	8	-1	-4	1
329	8	0	0	800	0	8	-1	-4	1
330	8	0	0	800	0	8	-1	-4	1
331	8	0	0	800	0	8	-1	-4	1
332	8	0	0	800	0	8	-1	-4	1
333	8	0	0	800	0	8	-1	-4	1
334	8	0	0	800	0	8	-1	-4	1
335	8	0	0	800	0	8	-1	-4	1
336	8	0	0	800	0	8	-1	-4	1
337	8	0	0	800	0	8	-1	-4	1
338	8	0	0	800	0	8	-1	-4	1
339	8	0	0	800	0	8	-1	-4	1
340	8	0	0	800	0	8	-1	-4	1
341	8	0	0	800	0	8	-1	-4	1
342	8	0	0	800	0	8	-1	-4	1
343	8	0	0	800	0	8	-1	-4	1
344	8	0	0	800	0	8	-1	-4	1
345	8	0	0	800	0	8	-1	-4	1
346	8	0	0	800	0	8	-1	-4	1
347	8	0	0	800	0	8	-1	-4	1
348	8	0	0	800	0	8	-1	-4	1
349	8	0	0	800	0	8	-1	-4	1
350	8	0	0	800	0	8	-1	-4	1
351	8	0	0	800	0	8	-1	-4	1
352	8	0	0	800	0	8	-1	-4	1
353	8	0	0	800	0	8	-1	-4	1
354	8	0	0	800	0	8	-1	-4	1
355	8	0	0	800	0	8	-1	-4	1
356	8	0	0	800	0	8	-1	-4	1
357	8	0	0	800	0	8	-1	-4	1
358	8	0	0	800	0	8	-1	-4	1
359	8	0	0	800	0	8	-1	-4	1
360	8	0	0	800	0	8	-1	-4	1
361	8	0	0	800	0	8	-1	-4	1
362	8	0	0	800	0	8	-1	-4	1
363	8	0	0	800	0	8	-1	-4	1
364	8	0	0	800	0	8	-1	-4	1
365	8	0	0	800	0	8	-1	-4	1
366	8	0	0	800	0	8	-1	-4	1
367	8	0	0	800	0	8	-1	-4	1
368	8	0	0	800	0	8	-1	-4	1
369	8	0	0	800	0	8	-1	-4	1
370	8	0	0	800	0	8	-1	-4	1
371	8	0	0	800	0	8	-1	-4	1
372	8	0	0	800	0	8	-1	-4	1
373	8	0	0	800	0	8	-1	-4	1
374	8	0	0	800	0	8	-1	-4	1
375	8	0	0	800	0	8	-1	-4	1
376	8	0	0	800	0	8	-1	-4	1
377	8	0	0	800	0	8	-1	-4	1
378	8	0	0	800	0	8	-1	-4	1
379	8	0	0	800	0	8	-1	-4	1
380	8	0	0	800	0	8	-1	-4	1
381	8	0	0	800	0	8	-1	-4	1
382	8	0	0	800	0	8	-1	-4	1
383	8	0	0	800	0	8	-1	-4	1
384	8	0	0	800	0	8	-1	-4	1
385	8	0	0	800	0	8	-1	-4	1
386	8	0	0	800	0	8	-1	-4	1
387	8	0	0	800	0	8	-1	-4	1
388	8	0	0	800	0	8	-1	-4	1
389	8	0	0	800	0	8	-1	-4	1
390	8	0	0	800	0	8	-1	-4	1
391	8	0	0	800	0	8	-1	-4	1
392	8	0	0	800	0	8	-1	-4	1
393	8	0	0	800	0	8	-1	-4	1
394	8	0	0	800	0	8	-1	-4	1
395	8	0	0	800	0	8	-1	-4	1
396	8	0	0	800	0	8	-1	-4	1
397	8	0	0	800	0	8	-1	-4	1
398	8	0	0	800	0	8	-1	-4	1
399	8	0	0	800	0	8	-1	-4	1
400	8	0	0	800	0	8	-1	-4	1
401	8	0	0	800	0	8	-1	-4	1
402	8	0	0	800	0	8	-1	-4	1
403	8	0	0	800	0	8	-1	-4	1
404	8	0	0	800	0	8	-1	-4	1
405	8	0	0	800	0	8	-1	-4	1
406	8	0	0	800	0	8	-1	-4	1
407	8	0	0	800	0	8	-1	-4	1
408	8	0	0	800	0	8	-1	-4	1
409	8	0	0	800	0	8	-1	-4	1
410	8	0	0	800	0	8	-1	-4	1
411	8	0	0	800	0	8	-1	-4	1
412	8	0	0	800	0	8	-1	-4	1
413	8	0	0	800	0	8	-1	-4	1
414	8	0	0	800	0	8	-1	-4	1
415	8	0	0	800	0	8	-1	-4	1
416	8	0	0	800	0	8	-1	-4	1
417	8	0	0	800	0	8	-1	-4	1
418	8	0	0	800	0	8	-1	-4	1
419	8	0	0	800	0	8	-1	-4	1
420	8	0	0	800	0	8	-1	-4	1
421	8	0	0	800	0	8	-1	-4	1
422	8	0	0	800	0	8	-1	-4	1
423	8	0	0	800	0	8	-1	-4	1
424	8	0	0	800	0	8	-1	-4	1
425	8	0	0	800	0	8	-1	-4	1
426	8	0	0	800	0	8	-1	-4	1
427	8	0	0	800	0	8	-1	-4	1
428	8	0	0	800	0	8	-1	-4	1
429	8	0	0	800	0	8	-1	-4	1
430	8	0	0	800	0	8	-1	-4	1
431	8	0	0	800	0	8	-1	-4	1
432	8	0	0	800	0	8	-1	-4	1
433	8	0	0	800	0	8	-1	-4	1
434	8	0	0	800	0	8	-1	-4	1
435	8	0	0	800	0	8	-1	-4	1
436	8	0	0	800	0	8	-1	-4	1
437	8	0	0	800	0	8	-1	-4	1
438	8	0	0	800	0	8	-1	-4	1
439	8	0	0	800	0	8	-1	-4	1
440	8	0	0	800	0	8	-1	-4	1
441	8	0	0	800	0	8	-1	-4	1
442	8	0	0	800	0	8	-1	-4	1
443	8	0	0	800	0	8	-1	-4	1
444	8	0	0	800	0	8	-1	-4	1
445	8	0	0	800	0	8	-1	-4	1
446	8	0	0	800	0	8	-1	-4	1
447	8	0	0	800	0	8	-1	-4	1
448	8	0	0	800	0	8	-1	-4	1
449	8	0	0	800	0	8	-1	-4	1
450	8	0	0	800	0	8	-1	-4	1
451	8	0	0	800	0	8	-1	-4	1
452	8	0	0	800	0	8	-1	-4	1
453	8	0	0	800	0	8	-1	-4	1
454	8	0	0	800	0	8	-1	-4	1
455	8	0	0	800	0	8	-1	-4	1
456	8	0	0	800	0	8	-1	-4	1
457	8	0	0	800	0	8	-1	-4	1
458	8	0	0	800	0	8	-1	-4	1
459	8	0	0	800	0	8	-1	-4	1
460	8	0	0	800	0	8	-1	-4	1
461	8	0	0	800	0	8	-1	-4	1
462	8	0	0	800	0	8	-1	-4	1
463	8	0	0	800	0	8	-1	-4	1
464	8	0	0	800	0	8	-1	-4	1
465	8	0	0	800	0	8	-1	-4	1
466	8	0	0	800	0	8	-1	-4	1
467	8	0	0	800	0	8	-1	-4	1
468	8	0	0	800	0	8	-1	-4	1
469	8	0	0	800	0	8	-1	-4	1
470	8	0	0	800	0	8	-1	-4	1
471	8	0	0	800	0	8	-1	-4	1
472	8	0	0	800	0	8	-1	-4	1
473	8	0	0	800	0	8	-1	-4	1
474	8	0	0	800	0	8	-1	-4	1
475	8	0	0	800	0	8	-1	-4	1
476	8	0	0	800	0	8	-1	-4	1
477	8	0	0	800	0	8	-1	-4	1
478	8	0	0	800	0	8	-1	-4	1
479	8	0	0	800	0	8	-1	-4	1
480	8	0	0	800	0	8	-1	-4	1
481	8	0	0	800	0	8	-1	-4	1
482	8	0	0	800	0	8	-1	-4	1
483	8	0	0	800	0	8	-1	-4	1
484	8	0	0	800	0	8	-1	-4	1
485	8	0	0	800	0	8	-1	-4	1
486	8	0	0	800	0	8	-1	-4	1
487	8	0	0	800	0	8	-1	-4	1
488	8	0	0	800	0	8	-1	-4	1
489	8	0	0	800	0	8	-1	-4	1
490	8	0	0	800	0	8	-1	-4	1
491	8	0	0	800	0	8	-1	-4	1
492	8	0	0	800	0	8	-1	-4	1
493	8	0	0	800	0	8	-1	-4	1
494	8	0	0	800	0	8	-1	-4	1
495	8	0	0	800	0	8	-1	-4	1
496	8	0	0	800	0	8	-1	-4	1
497	8	0	0	800	0	8	-1	-4	1
498	8	0	0	800	0	8	-1	-4	1
499	8	0	0	800	0	8	-1	-4	1
500	8	0	0	800	0	8	-1	-4	1
501	8	0	0	800	0	8	-1	-4	1
502	8	0	0	800	0	8	-1	-4	1
503	8	0	0	800	0	8	-1	-4	1
504	8	0	0	800	0	8	-1	-4	1
505	8	0	0	800	0	8	-1	-4	1
506	8	0	0	800	0	8	-1	-4	1
507	8	0	0	800	0	8	-1	-4	1
508	8	0	0	800	0	8	-1	-4	1
509	8	0	0	800	0	8	-1	-4	1
510	8	0	0	800	0	8	-1	-4	1
511	8	0	0	800	0	8	-1	-4	1
512	8	0	0	800	0	8	-1	-4	1
513	8	0	0	800	0	8	-1	-4	1
514	8	0	0	800	0	8	-1	-4	1
515	8	0	0	800	0	8	-1	-4	1
516	8	0	0	800	0	8	-1	-4	1
517	8	0	0	800	0	8	-1	-4	1
518	8	0	0	800	0	8	-1	-4	1
519	8	0	0	800	0	8	-1	-4	1
520	8	0	0	800	0	8	-1	-4	1
521	8	0	0	800	0	8	-1	-4	1
522	8	0	0	800	0	8	-1	-4	1
523	8	0	0	800	0	8	-1	-4	1
524	8	0	0	800	0	8	-1	-4	1
525	8	0	0	800	0	8	-1	-4	1
526	8	0	0	800	0	8	-1	-4	1
527	8	0	0	800	0	8	-1	-4	1
528	8	0	0	800	0	8	-1	-4	1
529	8	0	0	800	0	8	-1	-4	1
530	8	0	0	800	0	8	-1	-4	1
531	8	0	0	800	0	8	-1	-4	1
532	8	0	0	800	0	8	-1	-4	1
533	8	0	0	800	0	8	-1	-4	1
534	8	0	0	800	0	8	-1	-4	1
535	8	0	0	800	0	8	-1	-4	1
536	8	0	0	800	0	8	-1	-4	1
537	8	0	0	800	0	8	-1	-4	1
538	8	0	0	800	0	8	-1	-4	1
539	8	0	0	800	0	8	-1	-4	1
540	8	0	0	800	0	8	-1	-4	1
541	8	0	0	800	0	8	-1	-4	1
542	8	0	0	800	0	8	-1	-4	1
543	8	0	0	800	0	8	-1	-4	1
544	8	0	0	800	0	8	-1	-4	1
545	8	0	0	800	0	8	-1	-4	1
546	8	0	0	800	0	8	-1	-4	1
547	8	0	0	800	0	8	-1	-4	1
548	8	0	0	800	0	8	-1	-4	1
549	8	0	0	800	0	8	-1	-4	1
550	8	0	0	800	0	8	-1	-4	1
551	8	0	0	800	0	8	-1	-4	1
552	8	0	0	800	0	8	-1	-4	1
553	8	0	0	800	0	8	-1	-4	1
554	8	0	0	800	0	8	-1	-4	1
555	8	0	0	800	0	8	-1	-4	1
556	8	0	0	800	0	8	-1	-4	1
557	8	0	0	800	0	8	-1	-4	1
558	8	0	0	800	0	8	-1	-4	1
559	8	0	0	800	0	8	-1	-4	1
560	8	0	0	800	0	8	-1	-4	1
561	8	0	0	800	0	8	-1	-4	1
562	8	0	0	800	0	8	-1	-4	1
563	8	0	0	800	0	8	-1	-4	1
564	8	0	0	800	0	8	-1	-4	1
565	8	0	0	800	0	8	-1	-4	1
566	8	0	0	800	0	8	-1	-4	1
567	8	0	0	800	0	8	-1	-4	1
568	8	0	0	800	0	8	-1	-4	1
569	8	0	0	800	0	8	-1	-4	1
570	8	0	0	800	0	8	-1	-4	1
571	8	0	0	800	0	8	-1	-4	1
572	8	0	0	800	0	8	-1	-4	1
573	8	0	0	800	0	8	-1	-4	1
574	8	0	0	800	0	8	-1	-4	1
575	8	0	0	800	0	8	-1	-4	1
576	8	0	0	800	0	8	-1	-4	1
577	8	0	0	800	0	8	-1	-4	1
578	8	0	0	800	0	8	-1	-4	1
579	8	0	0	800	0	8	-1	-4	1
580	8	0	0	800	0	8	-1	-4	1
581	8	0	0	800	0	8	-1	-4	1
582	8	0	0	800	0	8	-1	-4	1
583	8	0	0	800	0	8	-1	-4	1
584	8	0	0	800	0	8	-1	-4	1
585	8	0	0	800	0	8	-1	-4	1
586	8	0	0	800	0	8	-1	-4	1
587	8	0	0	800	0	8	-1	-4	1
588	8	0	0	800	0	8	-1	-4	1
589	8	0	0	800	0	8	-1	-4	1
590	8	0	0	800	0	8	-1	-4	1
591	8	0	0	800	0	8	-1	-4	1
592	8	0	0	800	0	8	-1	-4	1
593	8	0	0	800	0	8	-1	-4	1
594	8	0	0	800	0	8	-1	-4	1
595	8	0	0	800	0	8	-1	-4	1
596	8	0	0	800	0	8	-1	-4	1
597	8	0	0	800	0	8	-1	-4	1
598	8	0	0	800	0	8	-1	-4	1
599	8	0	0	800	0	8	-1	-4	1
600	8	0	0	800	0	8	-1	-4	1
601	8	0	0	800	0	8	-1	-4	1
602	8	0	0	800	0	8	-1	-4	1
603	8	0	0	800	0	8	-1	-4	1
604	8	0	0	800	0	8	-1	-4	1
605	8	0	0	800	0	8	-1	-4	1
606	8	0	0	800	0	8	-1	-4	1
607	8	0	0	800	0	8	-1	-4	1
608	8	0	0	800	0	8	-1	-4	1
609	8	0	0	800	0	8	-1	-4	1
610	8	0	0	800	0	8	-1	-4	1
611	8	0	0	800	0	8	-1	-4	1
612	8	0	0	800	0	8	-1	-4	1
613	8	0	0	800	0	8	-1	-4	1
614	8	0	0	800	0	8	-1	-4	1
615	8	0	0	800	0	8	-1	-4	1
616	8	0	0	800	0	8	-1	-4	1
617	8	0	0	800	0	8	-1	-4	1
618	8	0	0	800	0	8	-1	-4	1
619	8	0	0	800	0	8	-1	-4	1
620	8	0	0	800	0	8	-1	-4	1
621	8	0	0	800	0	8	-1	-4	1
622	8	0	0	800	0	8	-1	-4	1
623	8	0	0	800	0	8	-1	-4	1
624	8	0	0	800	0	8	-1	-4	1
625	8	0	0	800	0	8	-1	-4	1
626	8	0	0	800	0	8	-1	-4	1
627	8	0	0	800	0	8	-1	-4	1
628	8	0	0	800	0	8	-1	-4	1
629	8	0	0	800	0	8	-1	-4	1
630	8	0	0	800	0	8	-1	-4	1
631	8	0	0	800	0	8	-1	-4	1
632	8	0	0	800	0	8	-1	-4	1
633	8	0	0	800	0	8	-1	-4	1
634	8	0	0	800	0	8	-1	-4	1
635	8	0	0	800	0	8	-1	-4	1
636	8	0	0	800	0	8	-1	-4	1
637	8	0	0	800	0	8	-1	-4	1
638	8	0	0	800	0	8	-1	-4	1
639	8	0	0	800	0	8	-1	-4	1
640	8	0	0	800	0	8	-1	-4	1
641	8	0	0	800	0	8	-1	-4	1
642	8	0	0	800	0	8	-1	-4	1
643	8	0	0	800	0	8	-1	-4	1
644	8	0	0	800	0	8	-1	-4	1
645	8	0	0	800	0	8	-1	-4	1
646	8	0	0	800	0	8	-1	-4	1
647	8	0	0	800	0	8	-1	-4	1
648	8	0	0	800	0	8	-1	-4	1
649	8	0	0	800	0	8	-1	-4	1
650	8	0	0	800	0	8	-1	-4	1
651	8	0	0	800	0	8	-1	-4	1
652	8	0	0	800	0	8	-1	-4	1
653	8	0	0	800	0	8	-1	-4	1
654	8	0	0	800	0	8	-1	-4	1
655	8	0	0	800	0	8	-1	-4	1
656	8	0	0	800	0	8	-1	-4	1
657	8	0	0	800	0	8	-1	-4	1
658	8	0	0	800	0	8	-1	-4	1
659	8	0	0	800	0	8	-1	-4	1
660	8	0	0	800	0	8	-1	-4	1
661	8	0	0	800	0	8	-1	-4	1
662	8	0	0	800	0	8	-1	-4	1
663	8	0	0	800	0	8	-1	-4	1
664	8	0	0	800	0	8	-1	-4	1
665	8	0	0	800	0	8	-1	-4	1
666	8	0	0	800	0	8	-1	-4	1
667	8	0	0	800	0	8	-1	-4	1
668	8	0	0	800	0	8	-1	-4	1
669	8	0	0	800	0	8	-1	-4	1
670	8	0	0	800	0	8	-1	-4	1
671	8	0	0	800	0	8	-1	-4	1
672	8	0	0	800	0	8	-1	-4	1
673	8	0	0	800	0	8	-1	-4	1
674	8	0	0	800	0	8	-1	-4	1
675	8	0	0	800	0	8	-1	-4	1
676	8	0	0	800	0	8	-1	-4	1
677	8	0	0	800	0	8	-1	-4	1
678	8	0	0	800	0	8	-1	-4	1
679	8	0	0	800	0	8	-1	-4	1
680	8	0	0	800	0	8	-1	-4	1
681	8	0	0	800	0	8	-1	-4	1
682	8	0	0	800	0	8	-1	-4	1
683	8	0	0	800	0	8	-1	-4	1
684	8	0	0	800	0	8	-1	-4	1
685	8	0	0	800	0	8	-1	-4	1
686	8	0	0	800	0	8	-1	-4	1
687	8	0	0	800	0	8	-1	-4	1
688	8	0	0	800	0	8	-1	-4	1
689	8	0	0	800	0	8	-1	-4	1
690	8	0	0	800	0	8	-1	-4	1
691	8	0	0	800	0	8	-1	-4	1
692	8	0	0	800	0	8	-1	-4	1
693	8	0	0	800	0	8	-1	-4	1
694	8	0	0	800	0	8	-1	-4	1
695	8	0	0	800	0	8	-1	-4	1
696	8	0	0	800	0	8	-1	-4	1
697	8	0	0	800	0	8	-1	-4	1
698	8	0	0	800	0	8	-1	-4	1
699	8	0	0	800	0	8	-1	-4	1
700	8	0	0	800	0	8	-1	-4	1
701	8	0	0	800	0	8	-1	-4	1
702	8	0	0	800	0	8	-1	-4	1
703	8	0	0	800	0	8	-1	-4	1
704	8	0	0	800	0	8	-1	-4	1
705	8	0	0	800	0	8	-1	-4	1
706	8	0	0	800	0	8	-1	-4	1
707	8	0	0	800	0	8	-1	-4	1
708	8	0	0	800	0	8	-1	-4	1
709	8	0	0	800	0	8	-1	-4	1
710	8	0	0	800	0	8	-1	-4	1
711	8	0	0	800	0	8	-1	-4	1
712	8	0	0	800	0	8	-1	-4	1
713	8	0	0	800	0	8	-1	-4	1
714	8	0	0	800	0	8	-1	-4	1
715	8	0	0	800	0	8	-1	-4	1
716	8	0	0	800	0	8	-1	-4	1
717	8	0	0	800	0	8	-1	-4	1
718	8	0	0	800	0	8	-1	-4	1
719	8	0	0	800	0	8	-1	-4	1
720	8	0	0	800	0	8	-1	-4	1
721	8	0	0	800	0	8	-1	-4	1
722	8	0	0	800	0	8	-1	-4	1
723	8	0	0	800	0	8	-1	-4	1
724	8	0	0	800	0	8	-1	-4	1
725	8	0	0	800	0	8	-1	-4	1
726	8	0	0	800	0	8	-1	-4	1
727	8	0	0	800	0	8	-1	-4	1
728	8	0	0	800	0	8	-1	-4	1
729	8	0	0	800	0	8	-1	-4	1
730	8	0	0	800	0	8	-1	-4	1
731	8	0	0	800	0	8	-1	-4	1
732	8	0	0	800	0	8	-1	-4	1
733	8	0	0	800	0	8	-1	-4	1
734	8	0	0	800	0	8	-1	-4	1
735	8	0	0	800	0	8	-1	-4	1
736	8	0	0	800	0	8	-1	-4	1
737	8	0	0	800	0	8	-1	-4	1
738	8	0	0	800	0	8	-1	-4	1
739	8	0	0	800	0	8	-1	-4	1
740	8	0	0	800	0	8	-1	-4	1
741	8	0	0	800	0	8	-1	-4	1
742	8	0	0	800	0	8	-1	-4	1
743	8	0	0	800	0	8	-1	-4	1
744	8	0	0	800	0	8	-1	-4	1
745	8	0	0	800	0	8	-1	-4	1
746	8	0	0	800	0	8	-1	-4	1
747	8	0	0	800	0	8	-1	-4	1
748	8	0	0	800	0	8	-1	-4	1
749	8	0	0	800	0	8	-1	-4	1
750	8	0	0	800	0	8	-1	-4	1
751	8	0	0	800	0	8	-1	-4	1
752	8	0	0	800	0	8	-1	-4	1
753	8	0	0	800	0	8	-1	-4	1
754	8	0	0	800	0	8	-1	-4	1
755	8	0	0	800	0	8	-1	-4	1
756	8	0	0	800	0	8	-1	-4	1
757	8	0	0	800	0	8	-1	-4	1
758	8	0	0	800	0	8	-1	-4	1
759	8	0	0	800	0	8	-1	-4	1
760	8	0	0	800	0	8	-1	-4	1
761	8	0	0	800	0	8	-1	-4	1
762	8	0	0	800	0	8	-1	-4	1
763	8	0	0	800	0	8	-1	-4	1
764	8	0	0	800	0	8	-1	-4	1
765	8	0	0	800	0	8	-1	-4	1
766	8	0	0	800	0	8	-1	-4	1
767	8	0	0	800	0	8	-1	-4	1
768	8	0	0	800	0	8	-1	-4	1
769	8	0	0	800	0	8	-1	-4	1
770	8	0	0	800	0	8	-1	-4	1
771	8	0	0	800	0	8	-1	-4	1
772	8	0	0	800	0	8	-1	-4	1
773	8	0	0	800	0	8	-1	-4	1
774	8	0	0	800	0	8	-1	-4	1
775	8	0	0	800	0	8	-1	-4	1
776	8	0	0	800	0	8	-1	-4	1
777	8	0	0	800	0	8	-1	-4	1
778	8	0	0	800	0	8	-1	-4	1
779	8	0	0	800	0	8	-1	-4	1
780	8	0	0	800	0	8	-1	-4	1
781	8	0	0	800	0	8	-1	-4	1
782	8	0	0	800	0	8	-1	-4	1
783	8	0	0	800	0	8	-1	-4	1
784	8	0	0	800	0	8	-1	-4	1
785	8	0	0	800	0	8	-1	-4	1
786	8	0	0	800	0	8	-1	-4	1
787	8	0	0	800	0	8	-1	-4	1
788	8	0	0	800	0	8	-1	-4	1
789	8	0	0	800	0	8	-1	-4	1
790	8	0	0	800	0	8	-1	-4	1
791	8	0	0	800	0	8	-1	-4	1
792	8	0	0	800	0	8	-1	-4	1
793	8	0	0	800	0	8	-1	-4	1
794	8	0	0	800	0	8	-1	-4	1
795	8	0	0	800	0	8	-1	-4	1
796	8	0	0	800	0	8	-1	-4	1
797	8	0	0	800	0	8	-1	-4	1
798	8	0	0	800	0	8	-1	-4	1
799	8	0	0	800	0	8	-1	-4	1
800	8	0	0	800	0	8	-1	-4	1
801	8	0	0	800	0	8	-1	-4	1
802	8	0	0	800	0	8	-1	-4	1
803	8	0	0	800	0	8	-1	-4	1
804	8	0	0	800	0	8	-1	-4	1
805	8	0	0	800	0	8	-1	-4	1
806	8	0	0	800	0	8	-1	-4	1
807	8	0	0	800	0	8	-1	-4	1
808	8	0	0	800	0	8	-1	-4	1
809	8	0	0	800	0	8	-1	-4	1
810	8	0	0	800	0	8	-1	-4	1
811	8	0	0	800	0	8	-1	-4	1
812	8	1	1	800	812	8	8	-4	1
813	8	1	1	800	812	8	8	-4	1
814	8	1	1	800	812	8	8	-4	1
815	8	1	1	800	812	8	8	-4	1
816	8	1	1	800	812	8	8	-4	1
817	8	1	1	800	812	8	8	-4	1
818	8	1	1	800	812	8	8	-4	1
819	8	1	1	800	812	8	8	-4	1
820	8	1	1	800	812	8	8	-4	1
821	8	1	1	800	812	8	8	-4	1
822	8	1	1	800	812	8	8	-4	1
823	8	1	1	800	812	8	8	-4	1
824	8	1	1	800	812	8	8	-4	1
825	8	1	1	800	812	8	8	-4	1
826	8	1	1	800	812	8	8	-4	1
827	8	1	1	800	812	8	8	-4	1
828	8	1	1	800	812	8	8	-4	1
829	8	1	1	800	812	8	8	-4	1
830	8	1	1	800	812	8	8	-4	1
831	8	1	1	800	812	8	8	-4	1
832	8	1	1	800	812	8	8	-4	1
833	8	1	1	800	812	8	8	-4	1
834	8	1	1	800	812	8	8	-4	1
835	8	1	1	800	812	8	8	-4	1
836	8	1	1	800	812	8	8	-4	1
837	8	1	1	800	812	8	8	-4	1
838	8	1	1	800	812	8	8	-4	1
839	8	1	1	800	812	8	8	-4	1
840	8	1	1	800	812	8	8	-4	1
841	8	1	1	800	812	8	8	-4	1
842	8	1	1	800	812	8	8	-4	1
843	8	1	1	800	812	8	8	-4	1
844	8	1	1	800	812	8	8	-4	1
