1	14	0	0	800	0	14	-1	1	-6
2	14	0	0	800	0	14	-1	1	-6
3	14	0	0	800	0	14	-1	1	-6
4	14	0	0	800	0	14	-1	1	-6
5	14	0	0	800	0	14	-1	1	-6
6	14	0	0	800	0	14	-1	1	-6
7	14	0	0	800	0	14	-1	1	-6
8	14	0	0	800	0	14	-1	1	-6
9	14	0	0	800	0	14	-1	1	-6
10	14	0	0	800	0	14	-1	1	-6
11	14	0	0	800	0	14	-1	1	-6
12	14	0	0	800	0	14	-1	1	-6
13	14	0	0	800	0	14	-1	1	-6
14	14	0	0	800	0	14	-1	1	-6
15	14	0	0	800	0	14	-1	1	-6
16	14	0	0	800	0	14	-1	1	-6
17	14	0	0	800	0	14	-1	1	-6
18	14	0	0	800	0	14	-1	1	-6
19	14	0	0	800	0	14	-1	1	-6
20	14	0	0	800	0	14	-1	1	-6
21	14	0	0	800	0	14	-1	1	-6
22	14	0	0	800	0	14	-1	1	-6
23	14	0	0	800	0	14	-1	1	-6
24	14	0	0	800	0	14	-1	1	-6
25	14	0	0	800	0	14	-1	1	-6
26	14	0	0	800	0	14	-1	1	-6
27	14	0	0	800	0	14	-1	1	-6
28	14	0	0	800	0	14	-1	1	-6
29	14	0	0	800	0	14	-1	1	-6
30	14	0	0	800	0	14	-1	1	-6
31	14	0	0	800	0	14	-1	1	-6
32	14	0	0	800	0	14	-1	1	-6
33	14	0	0	800	0	14	-1	1	-6
34	14	0	0	800	0	14	-1	1	-6
35	14	0	0	800	0	14	-1	1	-6
36	14	0	0	800	0	14	-1	1	-6
37	14	0	0	800	0	14	-1	1	-6
38	14	0	0	800	0	14	-1	1	-6
39	14	0	0	800	0	14	-1	1	-6
40	14	0	0	800	0	14	-1	1	-6
41	14	0	0	800	0	14	-1	1	-6
42	14	0	0	800	0	14	-1	1	-6
43	14	0	0	800	0	14	-1	1	-6
44	14	0	0	800	0	14	-1	1	-6
45	14	0	0	800	0	14	-1	1	-6
46	14	0	0	800	0	14	-1	1	-6
47	14	0	0	800	0	14	-1	1	-6
48	14	0	0	800	0	14	-1	1	-6
49	14	0	0	800	0	14	-1	1	-6
50	14	0	0	800	0	14	-1	1	-6
51	14	0	0	800	0	14	-1	1	-6
52	14	0	0	800	0	14	-1	1	-6
53	14	0	0	800	0	14	-1	1	-6
54	14	0	0	800	0	14	-1	1	-6
55	14	0	0	800	0	14	-1	1	-6
56	14	0	0	800	0	14	-1	1	-6
57	14	0	0	800	0	14	-1	1	-6
58	14	0	0	800	0	14	-1	1	-6
59	14	0	0	800	0	14	-1	1	-6
60	14	0	0	800	0	14	-1	1	-6
61	14	0	0	800	0	14	-1	1	-6
62	14	0	0	800	0	14	-1	1	-6
63	14	0	0	800	0	14	-1	1	-6
64	14	0	0	800	0	14	-1	1	-6
65	14	0	0	800	0	14	-1	1	-6
66	14	0	0	800	0	14	-1	1	-6
67	14	0	0	800	0	14	-1	1	-6
68	14	0	0	800	0	14	-1	1	-6
69	14	0	0	800	0	14	-1	1	-6
70	14	0	0	800	0	14	-1	1	-6
71	14	0	0	800	0	14	-1	1	-6
72	14	0	0	800	0	14	-1	1	-6
73	14	0	0	800	0	14	-1	1	-6
74	14	0	0	800	0	14	-1	1	-6
75	14	0	0	800	0	14	-1	1	-6
76	14	0	0	800	0	14	-1	1	-6
77	14	0	0	800	0	14	-1	1	-6
78	14	0	0	800	0	14	-1	1	-6
79	14	0	0	800	0	14	-1	1	-6
80	14	0	0	800	0	14	-1	1	-6
81	14	0	0	800	0	14	-1	1	-6
82	14	0	0	800	0	14	-1	1	-6
83	14	0	0	800	0	14	-1	1	-6
84	14	0	0	800	0	14	-1	1	-6
85	14	0	0	800	0	14	-1	1	-6
86	14	0	0	800	0	14	-1	1	-6
87	14	0	0	800	0	14	-1	1	-6
88	14	0	0	800	0	14	-1	1	-6
89	14	0	0	800	0	14	-1	1	-6
90	14	0	0	800	0	14	-1	1	-6
91	14	0	0	800	0	14	-1	1	-6
92	14	0	0	800	0	14	-1	1	-6
93	14	0	0	800	0	14	-1	1	-6
94	14	0	0	800	0	14	-1	1	-6
95	14	0	0	800	0	14	-1	1	-6
96	14	0	0	800	0	14	-1	1	-6
97	14	0	0	800	0	14	-1	1	-6
98	14	0	0	800	0	14	-1	1	-6
99	14	0	0	800	0	14	-1	1	-6
100	14	0	0	800	0	14	-1	1	-6
101	14	0	0	800	0	14	-1	1	-6
102	14	0	0	800	0	14	-1	1	-6
103	14	0	0	800	0	14	-1	1	-6
104	14	0	0	800	0	14	-1	1	-6
105	14	0	0	800	0	14	-1	1	-6
106	14	0	0	800	0	14	-1	1	-6
107	14	0	0	800	0	14	-1	1	-6
108	14	0	0	800	0	14	-1	1	-6
109	14	0	0	800	0	14	-1	1	-6
110	14	0	0	800	0	14	-1	1	-6
111	14	0	0	800	0	14	-1	1	-6
112	14	0	0	800	0	14	-1	1	-6
113	14	0	0	800	0	14	-1	1	-6
114	14	0	0	800	0	14	-1	1	-6
115	14	0	0	800	0	14	-1	1	-6
116	14	0	0	800	0	14	-1	1	-6
117	14	0	0	800	0	14	-1	1	-6
118	14	0	0	800	0	14	-1	1	-6
119	14	0	0	800	0	14	-1	1	-6
120	14	0	0	800	0	14	-1	1	-6
121	14	0	0	800	0	14	-1	1	-6
122	14	0	0	800	0	14	-1	1	-6
123	14	0	0	800	0	14	-1	1	-6
124	14	0	0	800	0	14	-1	1	-6
125	14	0	0	800	0	14	-1	1	-6
126	14	0	0	800	0	14	-1	1	-6
127	14	0	0	800	0	14	-1	1	-6
128	14	0	0	800	0	14	-1	1	-6
129	14	0	0	800	0	14	-1	1	-6
130	14	0	0	800	0	14	-1	1	-6
131	14	0	0	800	0	14	-1	1	-6
132	14	0	0	800	0	14	-1	1	-6
133	14	0	0	800	0	14	-1	1	-6
134	14	0	0	800	0	14	-1	1	-6
135	14	0	0	800	0	14	-1	1	-6
136	14	0	0	800	0	14	-1	1	-6
137	14	0	0	800	0	14	-1	1	-6
138	14	0	0	800	0	14	-1	1	-6
139	14	0	0	800	0	14	-1	1	-6
140	14	0	0	800	0	14	-1	1	-6
141	14	0	0	800	0	14	-1	1	-6
142	14	0	0	800	0	14	-1	1	-6
143	14	0	0	800	0	14	-1	1	-6
144	14	0	0	800	0	14	-1	1	-6
145	14	0	0	800	0	14	-1	1	-6
146	14	0	0	800	0	14	-1	1	-6
147	14	0	0	800	0	14	-1	1	-6
148	14	0	0	800	0	14	-1	1	-6
149	14	0	0	800	0	14	-1	1	-6
150	14	0	0	800	0	14	-1	1	-6
151	14	0	0	800	0	14	-1	1	-6
152	14	0	0	800	0	14	-1	1	-6
153	14	0	0	800	0	14	-1	1	-6
154	14	0	0	800	0	14	-1	1	-6
155	14	0	0	800	0	14	-1	1	-6
156	14	0	0	800	0	14	-1	1	-6
157	14	0	0	800	0	14	-1	1	-6
158	14	0	0	800	0	14	-1	1	-6
159	14	0	0	800	0	14	-1	1	-6
160	14	0	0	800	0	14	-1	1	-6
161	14	0	0	800	0	14	-1	1	-6
162	14	0	0	800	0	14	-1	1	-6
163	14	0	0	800	0	14	-1	1	-6
164	14	0	0	800	0	14	-1	1	-6
165	14	0	0	800	0	14	-1	1	-6
166	14	0	0	800	0	14	-1	1	-6
167	14	0	0	800	0	14	-1	1	-6
168	14	0	0	800	0	14	-1	1	-6
169	14	0	0	800	0	14	-1	1	-6
170	14	0	0	800	0	14	-1	1	-6
171	14	0	0	800	0	14	-1	1	-6
172	14	0	0	800	0	14	-1	1	-6
173	14	0	0	800	0	14	-1	1	-6
174	14	0	0	800	0	14	-1	1	-6
175	14	0	0	800	0	14	-1	1	-6
176	14	0	0	800	0	14	-1	1	-6
177	14	0	0	800	0	14	-1	1	-6
178	14	0	0	800	0	14	-1	1	-6
179	14	0	0	800	0	14	-1	1	-6
180	14	0	0	800	0	14	-1	1	-6
181	14	0	0	800	0	14	-1	1	-6
182	14	0	0	800	0	14	-1	1	-6
183	14	0	0	800	0	14	-1	1	-6
184	14	0	0	800	0	14	-1	1	-6
185	14	0	0	800	0	14	-1	1	-6
186	14	0	0	800	0	14	-1	1	-6
187	14	0	0	800	0	14	-1	1	-6
188	14	0	0	800	0	14	-1	1	-6
189	14	0	0	800	0	14	-1	1	-6
190	14	0	0	800	0	14	-1	1	-6
191	14	0	0	800	0	14	-1	1	-6
192	14	0	0	800	0	14	-1	1	-6
193	14	0	0	800	0	14	-1	1	-6
194	14	0	0	800	0	14	-1	1	-6
195	14	0	0	800	0	14	-1	1	-6
196	14	0	0	800	0	14	-1	1	-6
197	14	0	0	800	0	14	-1	1	-6
198	14	0	0	800	0	14	-1	1	-6
199	14	0	0	800	0	14	-1	1	-6
200	14	0	0	800	0	14	-1	1	-6
201	14	0	0	800	0	14	-1	1	-6
202	14	0	0	800	0	14	-1	1	-6
203	14	0	0	800	0	14	-1	1	-6
204	14	0	0	800	0	14	-1	1	-6
205	14	0	0	800	0	14	-1	1	-6
206	14	0	0	800	0	14	-1	1	-6
207	14	0	0	800	0	14	-1	1	-6
208	14	0	0	800	0	14	-1	1	-6
209	14	0	0	800	0	14	-1	1	-6
210	14	0	0	800	0	14	-1	1	-6
211	14	0	0	800	0	14	-1	1	-6
212	14	0	0	800	0	14	-1	1	-6
213	14	0	0	800	0	14	-1	1	-6
214	14	0	0	800	0	14	-1	1	-6
215	14	0	0	800	0	14	-1	1	-6
216	14	0	0	800	0	14	-1	1	-6
217	14	0	0	800	0	14	-1	1	-6
218	14	0	0	800	0	14	-1	1	-6
219	14	0	0	800	0	14	-1	1	-6
220	14	0	0	800	0	14	-1	1	-6
221	14	0	0	800	0	14	-1	1	-6
222	14	0	0	800	0	14	-1	1	-6
223	14	0	0	800	0	14	-1	1	-6
224	14	0	0	800	0	14	-1	1	-6
225	14	0	0	800	0	14	-1	1	-6
226	14	0	0	800	0	14	-1	1	-6
227	14	0	0	800	0	14	-1	1	-6
228	14	0	0	800	0	14	-1	1	-6
229	14	0	0	800	0	14	-1	1	-6
230	14	0	0	800	0	14	-1	1	-6
231	14	0	0	800	0	14	-1	1	-6
232	14	0	0	800	0	14	-1	1	-6
233	14	0	0	800	0	14	-1	1	-6
234	14	0	0	800	0	14	-1	1	-6
235	14	0	0	800	0	14	-1	1	-6
236	14	0	0	800	0	14	-1	1	-6
237	14	0	0	800	0	14	-1	1	-6
238	14	0	0	800	0	14	-1	1	-6
239	14	0	0	800	0	14	-1	1	-6
240	14	0	0	800	0	14	-1	1	-6
241	14	0	0	800	0	14	-1	1	-6
242	14	0	0	800	0	14	-1	1	-6
243	14	0	0	800	0	14	-1	1	-6
244	14	0	0	800	0	14	-1	1	-6
245	14	0	0	800	0	14	-1	1	-6
246	14	0	0	800	0	14	-1	1	-6
247	14	0	0	800	0	14	-1	1	-6
248	14	0	0	800	0	14	-1	1	-6
249	14	0	0	800	0	14	-1	1	-6
250	14	0	0	800	0	14	-1	1	-6
251	14	0	0	800	0	14	-1	1	-6
252	14	0	0	800	0	14	-1	1	-6
253	14	0	0	800	0	14	-1	1	-6
254	14	0	0	800	0	14	-1	1	-6
255	14	0	0	800	0	14	-1	1	-6
256	14	0	0	800	0	14	-1	1	-6
257	14	0	0	800	0	14	-1	1	-6
258	14	0	0	800	0	14	-1	1	-6
259	14	0	0	800	0	14	-1	1	-6
260	14	0	0	800	0	14	-1	1	-6
261	14	0	0	800	0	14	-1	1	-6
262	14	0	0	800	0	14	-1	1	-6
263	14	0	0	800	0	14	-1	1	-6
264	14	0	0	800	0	14	-1	1	-6
265	14	0	0	800	0	14	-1	1	-6
266	14	0	0	800	0	14	-1	1	-6
267	14	0	0	800	0	14	-1	1	-6
268	14	0	0	800	0	14	-1	1	-6
269	14	0	0	800	0	14	-1	1	-6
270	14	0	0	800	0	14	-1	1	-6
271	14	0	0	800	0	14	-1	1	-6
272	14	0	0	800	0	14	-1	1	-6
273	14	0	0	800	0	14	-1	1	-6
274	14	0	0	800	0	14	-1	1	-6
275	14	0	0	800	0	14	-1	1	-6
276	14	0	0	800	0	14	-1	1	-6
277	14	0	0	800	0	14	-1	1	-6
278	14	0	0	800	0	14	-1	1	-6
279	14	0	0	800	0	14	-1	1	-6
280	14	0	0	800	0	14	-1	1	-6
281	14	0	0	800	0	14	-1	1	-6
282	14	0	0	800	0	14	-1	1	-6
283	14	0	0	800	0	14	-1	1	-6
284	14	0	0	800	0	14	-1	1	-6
285	14	0	0	800	0	14	-1	1	-6
286	14	0	0	800	0	14	-1	1	-6
287	14	0	0	800	0	14	-1	1	-6
288	14	0	0	800	0	14	-1	1	-6
289	14	0	0	800	0	14	-1	1	-6
290	14	0	0	800	0	14	-1	1	-6
291	14	0	0	800	0	14	-1	1	-6
292	14	0	0	800	0	14	-1	1	-6
293	14	0	0	800	0	14	-1	1	-6
294	14	0	0	800	0	14	-1	1	-6
295	14	0	0	800	0	14	-1	1	-6
296	14	0	0	800	0	14	-1	1	-6
297	14	0	0	800	0	14	-1	1	-6
298	14	0	0	800	0	14	-1	1	-6
299	14	0	0	800	0	14	-1	1	-6
300	14	0	0	800	0	14	-1	1	-6
301	14	0	0	800	0	14	-1	1	-6
302	14	0	0	800	0	14	-1	1	-6
303	14	0	0	800	0	14	-1	1	-6
304	14	0	0	800	0	14	-1	1	-6
305	14	0	0	800	0	14	-1	1	-6
306	14	0	0	800	0	14	-1	1	-6
307	14	0	0	800	0	14	-1	1	-6
308	14	0	0	800	0	14	-1	1	-6
309	14	0	0	800	0	14	-1	1	-6
310	14	0	0	800	0	14	-1	1	-6
311	14	0	0	800	0	14	-1	1	-6
312	14	0	0	800	0	14	-1	1	-6
313	14	0	0	800	0	14	-1	1	-6
314	14	0	0	800	0	14	-1	1	-6
315	14	0	0	800	0	14	-1	1	-6
316	14	0	0	800	0	14	-1	1	-6
317	14	0	0	800	0	14	-1	1	-6
318	14	0	0	800	0	14	-1	1	-6
319	14	0	0	800	0	14	-1	1	-6
320	14	0	0	800	0	14	-1	1	-6
321	14	0	0	800	0	14	-1	1	-6
322	14	0	0	800	0	14	-1	1	-6
323	14	0	0	800	0	14	-1	1	-6
324	14	0	0	800	0	14	-1	1	-6
325	14	0	0	800	0	14	-1	1	-6
326	14	0	0	800	0	14	-1	1	-6
327	14	0	0	800	0	14	-1	1	-6
328	14	0	0	800	0	14	-1	1	-6
329	14	0	0	800	0	14	-1	1	-6
330	14	0	0	800	0	14	-1	1	-6
331	14	0	0	800	0	14	-1	1	-6
332	14	0	0	800	0	14	-1	1	-6
333	14	0	0	800	0	14	-1	1	-6
334	14	0	0	800	0	14	-1	1	-6
335	14	0	0	800	0	14	-1	1	-6
336	14	0	0	800	0	14	-1	1	-6
337	14	0	0	800	0	14	-1	1	-6
338	14	0	0	800	0	14	-1	1	-6
339	14	0	0	800	0	14	-1	1	-6
340	14	0	0	800	0	14	-1	1	-6
341	14	0	0	800	0	14	-1	1	-6
342	14	0	0	800	0	14	-1	1	-6
343	14	0	0	800	0	14	-1	1	-6
344	14	0	0	800	0	14	-1	1	-6
345	14	0	0	800	0	14	-1	1	-6
346	14	0	0	800	0	14	-1	1	-6
347	14	0	0	800	0	14	-1	1	-6
348	14	0	0	800	0	14	-1	1	-6
349	14	0	0	800	0	14	-1	1	-6
350	14	0	0	800	0	14	-1	1	-6
351	14	0	0	800	0	14	-1	1	-6
352	14	0	0	800	0	14	-1	1	-6
353	14	0	0	800	0	14	-1	1	-6
354	14	0	0	800	0	14	-1	1	-6
355	14	0	0	800	0	14	-1	1	-6
356	14	0	0	800	0	14	-1	1	-6
357	14	0	0	800	0	14	-1	1	-6
358	14	0	0	800	0	14	-1	1	-6
359	14	0	0	800	0	14	-1	1	-6
360	14	0	0	800	0	14	-1	1	-6
361	14	0	0	800	0	14	-1	1	-6
362	14	0	0	800	0	14	-1	1	-6
363	14	0	0	800	0	14	-1	1	-6
364	14	0	0	800	0	14	-1	1	-6
365	14	0	0	800	0	14	-1	1	-6
366	14	0	0	800	0	14	-1	1	-6
367	14	0	0	800	0	14	-1	1	-6
368	14	0	0	800	0	14	-1	1	-6
369	14	0	0	800	0	14	-1	1	-6
370	14	0	0	800	0	14	-1	1	-6
371	14	0	0	800	0	14	-1	1	-6
372	14	0	0	800	0	14	-1	1	-6
373	14	0	0	800	0	14	-1	1	-6
374	14	0	0	800	0	14	-1	1	-6
375	14	0	0	800	0	14	-1	1	-6
376	14	0	0	800	0	14	-1	1	-6
377	14	0	0	800	0	14	-1	1	-6
378	14	0	0	800	0	14	-1	1	-6
379	14	0	0	800	0	14	-1	1	-6
380	14	0	0	800	0	14	-1	1	-6
381	14	0	0	800	0	14	-1	1	-6
382	14	0	0	800	0	14	-1	1	-6
383	14	0	0	800	0	14	-1	1	-6
384	14	0	0	800	0	14	-1	1	-6
385	14	0	0	800	0	14	-1	1	-6
386	14	0	0	800	0	14	-1	1	-6
387	14	0	0	800	0	14	-1	1	-6
388	14	0	0	800	0	14	-1	1	-6
389	14	0	0	800	0	14	-1	1	-6
390	14	0	0	800	0	14	-1	1	-6
391	14	0	0	800	0	14	-1	1	-6
392	14	0	0	800	0	14	-1	1	-6
393	14	0	0	800	0	14	-1	1	-6
394	14	0	0	800	0	14	-1	1	-6
395	14	0	0	800	0	14	-1	1	-6
396	14	0	0	800	0	14	-1	1	-6
397	14	0	0	800	0	14	-1	1	-6
398	14	0	0	800	0	14	-1	1	-6
399	14	0	0	800	0	14	-1	1	-6
400	14	0	0	800	0	14	-1	1	-6
401	14	0	0	800	0	14	-1	1	-6
402	14	0	0	800	0	14	-1	1	-6
403	14	0	0	800	0	14	-1	1	-6
404	14	0	0	800	0	14	-1	1	-6
405	14	0	0	800	0	14	-1	1	-6
406	14	0	0	800	0	14	-1	1	-6
407	14	0	0	800	0	14	-1	1	-6
408	14	0	0	800	0	14	-1	1	-6
409	14	0	0	800	0	14	-1	1	-6
410	14	0	0	800	0	14	-1	1	-6
411	14	0	0	800	0	14	-1	1	-6
412	14	0	0	800	0	14	-1	1	-6
413	14	0	0	800	0	14	-1	1	-6
414	14	0	0	800	0	14	-1	1	-6
415	14	0	0	800	0	14	-1	1	-6
416	14	0	0	800	0	14	-1	1	-6
417	14	0	0	800	0	14	-1	1	-6
418	14	0	0	800	0	14	-1	1	-6
419	14	0	0	800	0	14	-1	1	-6
420	14	0	0	800	0	14	-1	1	-6
421	14	0	0	800	0	14	-1	1	-6
422	14	0	0	800	0	14	-1	1	-6
423	14	0	0	800	0	14	-1	1	-6
424	14	0	0	800	0	14	-1	1	-6
425	14	0	0	800	0	14	-1	1	-6
426	14	0	0	800	0	14	-1	1	-6
427	14	0	0	800	0	14	-1	1	-6
428	14	0	0	800	0	14	-1	1	-6
429	14	0	0	800	0	14	-1	1	-6
430	14	0	0	800	0	14	-1	1	-6
431	14	0	0	800	0	14	-1	1	-6
432	14	0	0	800	0	14	-1	1	-6
433	14	0	0	800	0	14	-1	1	-6
434	14	0	0	800	0	14	-1	1	-6
435	14	0	0	800	0	14	-1	1	-6
436	14	0	0	800	0	14	-1	1	-6
437	14	0	0	800	0	14	-1	1	-6
438	14	0	0	800	0	14	-1	1	-6
439	14	0	0	800	0	14	-1	1	-6
440	14	0	0	800	0	14	-1	1	-6
441	14	0	0	800	0	14	-1	1	-6
442	14	0	0	800	0	14	-1	1	-6
443	14	0	0	800	0	14	-1	1	-6
444	14	0	0	800	0	14	-1	1	-6
445	14	0	0	800	0	14	-1	1	-6
446	14	0	0	800	0	14	-1	1	-6
447	14	0	0	800	0	14	-1	1	-6
448	14	0	0	800	0	14	-1	1	-6
449	14	0	0	800	0	14	-1	1	-6
450	14	0	0	800	0	14	-1	1	-6
451	14	0	0	800	0	14	-1	1	-6
452	14	0	0	800	0	14	-1	1	-6
453	14	0	0	800	0	14	-1	1	-6
454	14	0	0	800	0	14	-1	1	-6
455	14	0	0	800	0	14	-1	1	-6
456	14	0	0	800	0	14	-1	1	-6
457	14	0	0	800	0	14	-1	1	-6
458	14	0	0	800	0	14	-1	1	-6
459	14	0	0	800	0	14	-1	1	-6
460	14	0	0	800	0	14	-1	1	-6
461	14	0	0	800	0	14	-1	1	-6
462	14	0	0	800	0	14	-1	1	-6
463	14	0	0	800	0	14	-1	1	-6
464	14	0	0	800	0	14	-1	1	-6
465	14	0	0	800	0	14	-1	1	-6
466	14	0	0	800	0	14	-1	1	-6
467	14	0	0	800	0	14	-1	1	-6
468	14	0	0	800	0	14	-1	1	-6
469	14	0	0	800	0	14	-1	1	-6
470	14	0	0	800	0	14	-1	1	-6
471	14	0	0	800	0	14	-1	1	-6
472	14	0	0	800	0	14	-1	1	-6
473	14	0	0	800	0	14	-1	1	-6
474	14	0	0	800	0	14	-1	1	-6
475	14	0	0	800	0	14	-1	1	-6
476	14	0	0	800	0	14	-1	1	-6
477	14	0	0	800	0	14	-1	1	-6
478	14	0	0	800	0	14	-1	1	-6
479	14	0	0	800	0	14	-1	1	-6
480	14	0	0	800	0	14	-1	1	-6
481	14	0	0	800	0	14	-1	1	-6
482	14	0	0	800	0	14	-1	1	-6
483	14	0	0	800	0	14	-1	1	-6
484	14	0	0	800	0	14	-1	1	-6
485	14	0	0	800	0	14	-1	1	-6
486	14	0	0	800	0	14	-1	1	-6
487	14	0	0	800	0	14	-1	1	-6
488	14	0	0	800	0	14	-1	1	-6
489	14	0	0	800	0	14	-1	1	-6
490	14	0	0	800	0	14	-1	1	-6
491	14	0	0	800	0	14	-1	1	-6
492	14	0	0	800	0	14	-1	1	-6
493	14	0	0	800	0	14	-1	1	-6
494	14	0	0	800	0	14	-1	1	-6
495	14	0	0	800	0	14	-1	1	-6
496	14	0	0	800	0	14	-1	1	-6
497	14	0	0	800	0	14	-1	1	-6
498	14	0	0	800	0	14	-1	1	-6
499	14	0	0	800	0	14	-1	1	-6
500	14	0	0	800	0	14	-1	1	-6
501	14	0	0	800	0	14	-1	1	-6
502	14	0	0	800	0	14	-1	1	-6
503	14	0	0	800	0	14	-1	1	-6
504	14	0	0	800	0	14	-1	1	-6
505	14	0	0	800	0	14	-1	1	-6
506	14	0	0	800	0	14	-1	1	-6
507	14	0	0	800	0	14	-1	1	-6
508	14	0	0	800	0	14	-1	1	-6
509	14	0	0	800	0	14	-1	1	-6
510	14	0	0	800	0	14	-1	1	-6
511	14	0	0	800	0	14	-1	1	-6
512	14	0	0	800	0	14	-1	1	-6
513	14	0	0	800	0	14	-1	1	-6
514	14	0	0	800	0	14	-1	1	-6
515	14	0	0	800	0	14	-1	1	-6
516	14	0	0	800	0	14	-1	1	-6
517	14	0	0	800	0	14	-1	1	-6
518	14	0	0	800	0	14	-1	1	-6
519	14	0	0	800	0	14	-1	1	-6
520	14	0	0	800	0	14	-1	1	-6
521	14	0	0	800	0	14	-1	1	-6
522	14	0	0	800	0	14	-1	1	-6
523	14	0	0	800	0	14	-1	1	-6
524	14	0	0	800	0	14	-1	1	-6
525	14	0	0	800	0	14	-1	1	-6
526	14	0	0	800	0	14	-1	1	-6
527	14	0	0	800	0	14	-1	1	-6
528	14	0	0	800	0	14	-1	1	-6
529	14	0	0	800	0	14	-1	1	-6
530	14	0	0	800	0	14	-1	1	-6
531	14	0	0	800	0	14	-1	1	-6
532	14	0	0	800	0	14	-1	1	-6
533	14	0	0	800	0	14	-1	1	-6
534	14	0	0	800	0	14	-1	1	-6
535	14	0	0	800	0	14	-1	1	-6
536	14	0	0	800	0	14	-1	1	-6
537	14	0	0	800	0	14	-1	1	-6
538	14	0	0	800	0	14	-1	1	-6
539	14	0	0	800	0	14	-1	1	-6
540	14	0	0	800	0	14	-1	1	-6
541	14	0	0	800	0	14	-1	1	-6
542	14	0	0	800	0	14	-1	1	-6
543	14	0	0	800	0	14	-1	1	-6
544	14	0	0	800	0	14	-1	1	-6
545	14	0	0	800	0	14	-1	1	-6
546	14	0	0	800	0	14	-1	1	-6
547	14	0	0	800	0	14	-1	1	-6
548	14	0	0	800	0	14	-1	1	-6
549	14	0	0	800	0	14	-1	1	-6
550	14	0	0	800	0	14	-1	1	-6
551	14	0	0	800	0	14	-1	1	-6
552	14	0	0	800	0	14	-1	1	-6
553	14	0	0	800	0	14	-1	1	-6
554	14	0	0	800	0	14	-1	1	-6
555	14	0	0	800	0	14	-1	1	-6
556	14	0	0	800	0	14	-1	1	-6
557	14	0	0	800	0	14	-1	1	-6
558	14	0	0	800	0	14	-1	1	-6
559	14	0	0	800	0	14	-1	1	-6
560	14	0	0	800	0	14	-1	1	-6
561	14	0	0	800	0	14	-1	1	-6
562	14	0	0	800	0	14	-1	1	-6
563	14	0	0	800	0	14	-1	1	-6
564	14	0	0	800	0	14	-1	1	-6
565	14	0	0	800	0	14	-1	1	-6
566	14	0	0	800	0	14	-1	1	-6
567	14	0	0	800	0	14	-1	1	-6
568	14	0	0	800	0	14	-1	1	-6
569	14	0	0	800	0	14	-1	1	-6
570	14	0	0	800	0	14	-1	1	-6
571	14	0	0	800	0	14	-1	1	-6
572	14	0	0	800	0	14	-1	1	-6
573	14	0	0	800	0	14	-1	1	-6
574	14	0	0	800	0	14	-1	1	-6
575	14	0	0	800	0	14	-1	1	-6
576	14	0	0	800	0	14	-1	1	-6
577	14	0	0	800	0	14	-1	1	-6
578	14	0	0	800	0	14	-1	1	-6
579	14	0	0	800	0	14	-1	1	-6
580	14	0	0	800	0	14	-1	1	-6
581	14	0	0	800	0	14	-1	1	-6
582	14	0	0	800	0	14	-1	1	-6
583	14	0	0	800	0	14	-1	1	-6
584	14	0	0	800	0	14	-1	1	-6
585	14	0	0	800	0	14	-1	1	-6
586	14	0	0	800	0	14	-1	1	-6
587	14	0	0	800	0	14	-1	1	-6
588	14	0	0	800	0	14	-1	1	-6
589	14	0	0	800	0	14	-1	1	-6
590	14	0	0	800	0	14	-1	1	-6
591	14	0	0	800	0	14	-1	1	-6
592	14	0	0	800	0	14	-1	1	-6
593	14	0	0	800	0	14	-1	1	-6
594	14	0	0	800	0	14	-1	1	-6
595	14	0	0	800	0	14	-1	1	-6
596	14	0	0	800	0	14	-1	1	-6
597	14	0	0	800	0	14	-1	1	-6
598	14	0	0	800	0	14	-1	1	-6
599	14	0	0	800	0	14	-1	1	-6
600	14	0	0	800	0	14	-1	1	-6
601	14	0	0	800	0	14	-1	1	-6
602	14	0	0	800	0	14	-1	1	-6
603	14	0	0	800	0	14	-1	1	-6
604	14	0	0	800	0	14	-1	1	-6
605	14	0	0	800	0	14	-1	1	-6
606	14	0	0	800	0	14	-1	1	-6
607	14	0	0	800	0	14	-1	1	-6
608	14	0	0	800	0	14	-1	1	-6
609	14	0	0	800	0	14	-1	1	-6
610	14	0	0	800	0	14	-1	1	-6
611	14	0	0	800	0	14	-1	1	-6
612	14	0	0	800	0	14	-1	1	-6
613	14	0	0	800	0	14	-1	1	-6
614	14	0	0	800	0	14	-1	1	-6
615	14	0	0	800	0	14	-1	1	-6
616	14	0	0	800	0	14	-1	1	-6
617	14	0	0	800	0	14	-1	1	-6
618	14	0	0	800	0	14	-1	1	-6
619	14	0	0	800	0	14	-1	1	-6
620	14	0	0	800	0	14	-1	1	-6
621	14	0	0	800	0	14	-1	1	-6
622	14	0	0	800	0	14	-1	1	-6
623	14	0	0	800	0	14	-1	1	-6
624	14	0	0	800	0	14	-1	1	-6
625	14	0	0	800	0	14	-1	1	-6
626	14	0	0	800	0	14	-1	1	-6
627	14	0	0	800	0	14	-1	1	-6
628	14	0	0	800	0	14	-1	1	-6
629	14	0	0	800	0	14	-1	1	-6
630	14	0	0	800	0	14	-1	1	-6
631	14	0	0	800	0	14	-1	1	-6
632	14	0	0	800	0	14	-1	1	-6
633	14	0	0	800	0	14	-1	1	-6
634	14	0	0	800	0	14	-1	1	-6
635	14	0	0	800	0	14	-1	1	-6
636	14	0	0	800	0	14	-1	1	-6
637	14	0	0	800	0	14	-1	1	-6
638	14	0	0	800	0	14	-1	1	-6
639	14	0	0	800	0	14	-1	1	-6
640	14	0	0	800	0	14	-1	1	-6
641	14	0	0	800	0	14	-1	1	-6
642	14	0	0	800	0	14	-1	1	-6
643	14	0	0	800	0	14	-1	1	-6
644	14	0	0	800	0	14	-1	1	-6
645	14	0	0	800	0	14	-1	1	-6
646	14	0	0	800	0	14	-1	1	-6
647	14	0	0	800	0	14	-1	1	-6
648	14	0	0	800	0	14	-1	1	-6
649	14	0	0	800	0	14	-1	1	-6
650	14	0	0	800	0	14	-1	1	-6
651	14	0	0	800	0	14	-1	1	-6
652	14	0	0	800	0	14	-1	1	-6
653	14	0	0	800	0	14	-1	1	-6
654	14	0	0	800	0	14	-1	1	-6
655	14	0	0	800	0	14	-1	1	-6
656	14	0	0	800	0	14	-1	1	-6
657	14	0	0	800	0	14	-1	1	-6
658	14	0	0	800	0	14	-1	1	-6
659	14	0	0	800	0	14	-1	1	-6
660	14	0	0	800	0	14	-1	1	-6
661	14	0	0	800	0	14	-1	1	-6
662	14	0	0	800	0	14	-1	1	-6
663	14	0	0	800	0	14	-1	1	-6
664	14	0	0	800	0	14	-1	1	-6
665	14	0	0	800	0	14	-1	1	-6
666	14	0	0	800	0	14	-1	1	-6
667	14	0	0	800	0	14	-1	1	-6
668	14	0	0	800	0	14	-1	1	-6
669	14	0	0	800	0	14	-1	1	-6
670	14	0	0	800	0	14	-1	1	-6
671	14	0	0	800	0	14	-1	1	-6
672	14	0	0	800	0	14	-1	1	-6
673	14	0	0	800	0	14	-1	1	-6
674	14	0	0	800	0	14	-1	1	-6
675	14	0	0	800	0	14	-1	1	-6
676	14	0	0	800	0	14	-1	1	-6
677	14	0	0	800	0	14	-1	1	-6
678	14	0	0	800	0	14	-1	1	-6
679	14	0	0	800	0	14	-1	1	-6
680	14	0	0	800	0	14	-1	1	-6
681	14	0	0	800	0	14	-1	1	-6
682	14	0	0	800	0	14	-1	1	-6
683	14	0	0	800	0	14	-1	1	-6
684	14	0	0	800	0	14	-1	1	-6
685	14	0	0	800	0	14	-1	1	-6
686	14	0	0	800	0	14	-1	1	-6
687	14	0	0	800	0	14	-1	1	-6
688	14	0	0	800	0	14	-1	1	-6
689	14	0	0	800	0	14	-1	1	-6
690	14	0	0	800	0	14	-1	1	-6
691	14	0	0	800	0	14	-1	1	-6
692	14	0	0	800	0	14	-1	1	-6
693	14	0	0	800	0	14	-1	1	-6
694	14	0	0	800	0	14	-1	1	-6
695	14	0	0	800	0	14	-1	1	-6
696	14	0	0	800	0	14	-1	1	-6
697	14	0	0	800	0	14	-1	1	-6
698	14	0	0	800	0	14	-1	1	-6
699	14	0	0	800	0	14	-1	1	-6
700	14	0	0	800	0	14	-1	1	-6
701	14	0	0	800	0	14	-1	1	-6
702	14	0	0	800	0	14	-1	1	-6
703	14	0	0	800	0	14	-1	1	-6
704	14	0	0	800	0	14	-1	1	-6
705	14	0	0	800	0	14	-1	1	-6
706	14	0	0	800	0	14	-1	1	-6
707	14	0	0	800	0	14	-1	1	-6
708	14	0	0	800	0	14	-1	1	-6
709	14	0	0	800	0	14	-1	1	-6
710	14	0	0	800	0	14	-1	1	-6
711	14	0	0	800	0	14	-1	1	-6
712	14	0	0	800	0	14	-1	1	-6
713	14	0	0	800	0	14	-1	1	-6
714	14	0	0	800	0	14	-1	1	-6
715	14	0	0	800	0	14	-1	1	-6
716	14	0	0	800	0	14	-1	1	-6
717	14	0	0	800	0	14	-1	1	-6
718	14	0	0	800	0	14	-1	1	-6
719	14	0	0	800	0	14	-1	1	-6
720	14	0	0	800	0	14	-1	1	-6
721	14	0	0	800	0	14	-1	1	-6
722	14	0	0	800	0	14	-1	1	-6
723	14	0	0	800	0	14	-1	1	-6
724	14	0	0	800	0	14	-1	1	-6
725	14	0	0	800	0	14	-1	1	-6
726	14	0	0	800	0	14	-1	1	-6
727	14	0	0	800	0	14	-1	1	-6
728	14	0	0	800	0	14	-1	1	-6
729	14	0	0	800	0	14	-1	1	-6
730	14	0	0	800	0	14	-1	1	-6
731	14	0	0	800	0	14	-1	1	-6
732	14	0	0	800	0	14	-1	1	-6
733	14	0	0	800	0	14	-1	1	-6
734	14	0	0	800	0	14	-1	1	-6
735	14	0	0	800	0	14	-1	1	-6
736	14	0	0	800	0	14	-1	1	-6
737	14	0	0	800	0	14	-1	1	-6
738	14	0	0	800	0	14	-1	1	-6
739	14	0	0	800	0	14	-1	1	-6
740	14	0	0	800	0	14	-1	1	-6
741	14	0	0	800	0	14	-1	1	-6
742	14	0	0	800	0	14	-1	1	-6
743	14	0	0	800	0	14	-1	1	-6
744	14	0	0	800	0	14	-1	1	-6
745	14	0	0	800	0	14	-1	1	-6
746	14	0	0	800	0	14	-1	1	-6
747	14	0	0	800	0	14	-1	1	-6
748	14	0	0	800	0	14	-1	1	-6
749	14	0	0	800	0	14	-1	1	-6
750	14	0	0	800	0	14	-1	1	-6
751	14	0	0	800	0	14	-1	1	-6
752	14	0	0	800	0	14	-1	1	-6
753	14	0	0	800	0	14	-1	1	-6
754	14	0	0	800	0	14	-1	1	-6
755	14	0	0	800	0	14	-1	1	-6
756	14	0	0	800	0	14	-1	1	-6
757	14	0	0	800	0	14	-1	1	-6
758	14	0	0	800	0	14	-1	1	-6
759	14	0	0	800	0	14	-1	1	-6
760	14	0	0	800	0	14	-1	1	-6
761	14	0	0	800	0	14	-1	1	-6
762	14	0	0	800	0	14	-1	1	-6
763	14	0	0	800	0	14	-1	1	-6
764	14	0	0	800	0	14	-1	1	-6
765	14	0	0	800	0	14	-1	1	-6
766	14	0	0	800	0	14	-1	1	-6
767	14	0	0	800	0	14	-1	1	-6
768	14	0	0	800	0	14	-1	1	-6
769	14	0	0	800	0	14	-1	1	-6
770	14	0	0	800	0	14	-1	1	-6
771	14	0	0	800	0	14	-1	1	-6
772	14	0	0	800	0	14	-1	1	-6
773	14	0	0	800	0	14	-1	1	-6
774	14	0	0	800	0	14	-1	1	-6
775	14	0	0	800	0	14	-1	1	-6
776	14	0	0	800	0	14	-1	1	-6
777	14	0	0	800	0	14	-1	1	-6
778	14	0	0	800	0	14	-1	1	-6
779	14	0	0	800	0	14	-1	1	-6
780	14	0	0	800	0	14	-1	1	-6
781	14	0	0	800	0	14	-1	1	-6
782	14	0	0	800	0	14	-1	1	-6
783	14	0	0	800	0	14	-1	1	-6
784	14	0	0	800	0	14	-1	1	-6
785	14	0	0	800	0	14	-1	1	-6
786	14	0	0	800	0	14	-1	1	-6
787	14	0	0	800	0	14	-1	1	-6
788	14	0	0	800	0	14	-1	1	-6
789	14	0	0	800	0	14	-1	1	-6
790	14	0	0	800	0	14	-1	1	-6
791	14	0	0	800	0	14	-1	1	-6
792	14	0	0	800	0	14	-1	1	-6
793	14	0	0	800	0	14	-1	1	-6
794	14	0	0	800	0	14	-1	1	-6
795	14	0	0	800	0	14	-1	1	-6
796	14	0	0	800	0	14	-1	1	-6
797	14	0	0	800	0	14	-1	1	-6
798	14	0	0	800	0	14	-1	1	-6
799	14	0	0	800	0	14	-1	1	-6
800	14	0	0	800	0	14	-1	1	-6
801	14	0	0	800	0	14	-1	1	-6
802	14	0	0	800	0	14	-1	1	-6
803	14	0	0	800	0	14	-1	1	-6
804	14	0	0	800	0	14	-1	1	-6
805	14	0	0	800	0	14	-1	1	-6
806	14	0	0	800	0	14	-1	1	-6
807	14	0	0	800	0	14	-1	1	-6
808	14	0	0	800	0	14	-1	1	-6
809	14	0	0	800	0	14	-1	1	-6
810	14	0	0	800	0	14	-1	1	-6
811	14	1	1	800	811	14	14	1	-6
812	14	1	1	800	811	14	14	1	-6
813	14	1	1	800	811	14	14	1	-6
814	14	1	1	800	811	14	14	1	-6
815	14	1	1	800	811	14	14	1	-6
816	14	1	1	800	811	14	14	1	-6
817	14	1	1	800	811	14	14	1	-6
818	14	1	1	800	811	14	14	1	-6
819	14	1	1	800	811	14	14	1	-6
820	14	1	1	800	811	14	14	1	-6
821	14	1	1	800	811	14	14	1	-6
822	14	1	1	800	811	14	14	1	-6
823	14	1	1	800	811	14	14	1	-6
824	14	1	1	800	811	14	14	1	-6
825	14	1	1	800	811	14	14	1	-6
826	14	1	1	800	811	14	14	1	-6
827	14	1	1	800	811	14	14	1	-6
828	14	1	1	800	811	14	14	1	-6
829	14	1	1	800	811	14	14	1	-6
830	14	1	1	800	811	14	14	1	-6
831	14	1	1	800	811	14	14	1	-6
832	14	1	1	800	811	14	14	1	-6
833	14	1	1	800	811	14	14	1	-6
834	14	1	1	800	811	14	14	1	-6
835	14	1	1	800	811	14	14	1	-6
836	14	1	1	800	811	14	14	1	-6
837	14	1	1	800	811	14	14	1	-6
838	14	1	1	800	811	14	14	1	-6
839	14	1	1	800	811	14	14	1	-6
840	14	1	1	800	811	14	14	1	-6
841	14	1	1	800	811	14	14	1	-6
842	14	1	1	800	811	14	14	1	-6
843	14	1	1	800	811	14	14	1	-6
844	14	1	1	800	811	14	14	1	-6
845	14	1	1	800	811	14	14	1	-6
846	14	1	1	800	811	14	14	1	-6
847	14	1	1	800	811	14	14	1	-6
848	14	1	1	800	811	14	14	1	-6
849	14	1	1	800	811	14	14	1	-6
