1	4	0	0	1000	0	4	-1	0	-3
2	4	0	0	1000	0	4	-1	0	-3
3	4	0	0	1000	0	4	-1	0	-3
4	4	0	0	1000	0	4	-1	0	-3
5	4	0	0	1000	0	4	-1	0	-3
6	4	0	0	1000	0	4	-1	0	-3
7	4	0	0	1000	0	4	-1	0	-3
8	4	0	0	1000	0	4	-1	0	-3
9	4	0	0	1000	0	4	-1	0	-3
10	4	0	0	1000	0	4	-1	0	-3
11	4	0	0	1000	0	4	-1	0	-3
12	4	0	0	1000	0	4	-1	0	-3
13	4	0	0	1000	0	4	-1	0	-3
14	4	0	0	1000	0	4	-1	0	-3
15	4	0	0	1000	0	4	-1	0	-3
16	4	0	0	1000	0	4	-1	0	-3
17	4	0	0	1000	0	4	-1	0	-3
18	4	0	0	1000	0	4	-1	0	-3
19	4	0	0	1000	0	4	-1	0	-3
20	4	0	0	1000	0	4	-1	0	-3
21	4	0	0	1000	0	4	-1	0	-3
22	4	0	0	1000	0	4	-1	0	-3
23	4	0	0	1000	0	4	-1	0	-3
24	4	0	0	1000	0	4	-1	0	-3
25	4	0	0	1000	0	4	-1	0	-3
26	4	0	0	1000	0	4	-1	0	-3
27	4	0	0	1000	0	4	-1	0	-3
28	4	0	0	1000	0	4	-1	0	-3
29	4	0	0	1000	0	4	-1	0	-3
30	4	0	0	1000	0	4	-1	0	-3
31	4	0	0	1000	0	4	-1	0	-3
32	4	0	0	1000	0	4	-1	0	-3
33	4	0	0	1000	0	4	-1	0	-3
34	4	0	0	1000	0	4	-1	0	-3
35	4	0	0	1000	0	4	-1	0	-3
36	4	0	0	1000	0	4	-1	0	-3
37	4	0	0	1000	0	4	-1	0	-3
38	4	0	0	1000	0	4	-1	0	-3
39	4	0	0	1000	0	4	-1	0	-3
40	4	0	0	1000	0	4	-1	0	-3
41	4	0	0	1000	0	4	-1	0	-3
42	4	0	0	1000	0	4	-1	0	-3
43	4	0	0	1000	0	4	-1	0	-3
44	4	0	0	1000	0	4	-1	0	-3
45	4	0	0	1000	0	4	-1	0	-3
46	4	0	0	1000	0	4	-1	0	-3
47	4	0	0	1000	0	4	-1	0	-3
48	4	0	0	1000	0	4	-1	0	-3
49	4	0	0	1000	0	4	-1	0	-3
50	4	0	0	1000	0	4	-1	0	-3
51	4	0	0	1000	0	4	-1	0	-3
52	4	0	0	1000	0	4	-1	0	-3
53	4	0	0	1000	0	4	-1	0	-3
54	4	0	0	1000	0	4	-1	0	-3
55	4	0	0	1000	0	4	-1	0	-3
56	4	0	0	1000	0	4	-1	0	-3
57	4	0	0	1000	0	4	-1	0	-3
58	4	0	0	1000	0	4	-1	0	-3
59	4	0	0	1000	0	4	-1	0	-3
60	4	0	0	1000	0	4	-1	0	-3
61	4	0	0	1000	0	4	-1	0	-3
62	4	0	0	1000	0	4	-1	0	-3
63	4	0	0	1000	0	4	-1	0	-3
64	4	0	0	1000	0	4	-1	0	-3
65	4	0	0	1000	0	4	-1	0	-3
66	4	0	0	1000	0	4	-1	0	-3
67	4	0	0	1000	0	4	-1	0	-3
68	4	0	0	1000	0	4	-1	0	-3
69	4	0	0	1000	0	4	-1	0	-3
70	4	0	0	1000	0	4	-1	0	-3
71	4	0	0	1000	0	4	-1	0	-3
72	4	0	0	1000	0	4	-1	0	-3
73	4	0	0	1000	0	4	-1	0	-3
74	4	0	0	1000	0	4	-1	0	-3
75	4	0	0	1000	0	4	-1	0	-3
76	4	0	0	1000	0	4	-1	0	-3
77	4	0	0	1000	0	4	-1	0	-3
78	4	0	0	1000	0	4	-1	0	-3
79	4	0	0	1000	0	4	-1	0	-3
80	4	0	0	1000	0	4	-1	0	-3
81	4	0	0	1000	0	4	-1	0	-3
82	4	0	0	1000	0	4	-1	0	-3
83	4	0	0	1000	0	4	-1	0	-3
84	4	0	0	1000	0	4	-1	0	-3
85	4	0	0	1000	0	4	-1	0	-3
86	4	0	0	1000	0	4	-1	0	-3
87	4	0	0	1000	0	4	-1	0	-3
88	4	0	0	1000	0	4	-1	0	-3
89	4	0	0	1000	0	4	-1	0	-3
90	4	0	0	1000	0	4	-1	0	-3
91	4	0	0	1000	0	4	-1	0	-3
92	4	0	0	1000	0	4	-1	0	-3
93	4	0	0	1000	0	4	-1	0	-3
94	4	0	0	1000	0	4	-1	0	-3
95	4	0	0	1000	0	4	-1	0	-3
96	4	0	0	1000	0	4	-1	0	-3
97	4	0	0	1000	0	4	-1	0	-3
98	4	0	0	1000	0	4	-1	0	-3
99	4	0	0	1000	0	4	-1	0	-3
100	4	0	0	1000	0	4	-1	0	-3
101	4	0	0	1000	0	4	-1	0	-3
102	4	0	0	1000	0	4	-1	0	-3
103	4	0	0	1000	0	4	-1	0	-3
104	4	0	0	1000	0	4	-1	0	-3
105	4	0	0	1000	0	4	-1	0	-3
106	4	0	0	1000	0	4	-1	0	-3
107	4	0	0	1000	0	4	-1	0	-3
108	4	0	0	1000	0	4	-1	0	-3
109	4	0	0	1000	0	4	-1	0	-3
110	4	0	0	1000	0	4	-1	0	-3
111	4	0	0	1000	0	4	-1	0	-3
112	4	0	0	1000	0	4	-1	0	-3
113	4	0	0	1000	0	4	-1	0	-3
114	4	0	0	1000	0	4	-1	0	-3
115	4	0	0	1000	0	4	-1	0	-3
116	4	0	0	1000	0	4	-1	0	-3
117	4	0	0	1000	0	4	-1	0	-3
118	4	0	0	1000	0	4	-1	0	-3
119	4	0	0	1000	0	4	-1	0	-3
120	4	0	0	1000	0	4	-1	0	-3
121	4	0	0	1000	0	4	-1	0	-3
122	4	0	0	1000	0	4	-1	0	-3
123	4	0	0	1000	0	4	-1	0	-3
124	4	0	0	1000	0	4	-1	0	-3
125	4	0	0	1000	0	4	-1	0	-3
126	4	0	0	1000	0	4	-1	0	-3
127	4	0	0	1000	0	4	-1	0	-3
128	4	0	0	1000	0	4	-1	0	-3
129	4	0	0	1000	0	4	-1	0	-3
130	4	0	0	1000	0	4	-1	0	-3
131	4	0	0	1000	0	4	-1	0	-3
132	4	0	0	1000	0	4	-1	0	-3
133	4	0	0	1000	0	4	-1	0	-3
134	4	0	0	1000	0	4	-1	0	-3
135	4	0	0	1000	0	4	-1	0	-3
136	4	0	0	1000	0	4	-1	0	-3
137	4	0	0	1000	0	4	-1	0	-3
138	4	0	0	1000	0	4	-1	0	-3
139	4	0	0	1000	0	4	-1	0	-3
140	4	0	0	1000	0	4	-1	0	-3
141	4	0	0	1000	0	4	-1	0	-3
142	4	0	0	1000	0	4	-1	0	-3
143	4	0	0	1000	0	4	-1	0	-3
144	4	0	0	1000	0	4	-1	0	-3
145	4	0	0	1000	0	4	-1	0	-3
146	4	0	0	1000	0	4	-1	0	-3
147	4	0	0	1000	0	4	-1	0	-3
148	4	0	0	1000	0	4	-1	0	-3
149	4	0	0	1000	0	4	-1	0	-3
150	4	0	0	1000	0	4	-1	0	-3
151	4	0	0	1000	0	4	-1	0	-3
152	4	0	0	1000	0	4	-1	0	-3
153	4	0	0	1000	0	4	-1	0	-3
154	4	0	0	1000	0	4	-1	0	-3
155	4	0	0	1000	0	4	-1	0	-3
156	4	0	0	1000	0	4	-1	0	-3
157	4	0	0	1000	0	4	-1	0	-3
158	4	0	0	1000	0	4	-1	0	-3
159	4	0	0	1000	0	4	-1	0	-3
160	4	0	0	1000	0	4	-1	0	-3
161	4	0	0	1000	0	4	-1	0	-3
162	4	0	0	1000	0	4	-1	0	-3
163	4	0	0	1000	0	4	-1	0	-3
164	4	0	0	1000	0	4	-1	0	-3
165	4	0	0	1000	0	4	-1	0	-3
166	4	0	0	1000	0	4	-1	0	-3
167	4	0	0	1000	0	4	-1	0	-3
168	4	0	0	1000	0	4	-1	0	-3
169	4	0	0	1000	0	4	-1	0	-3
170	4	0	0	1000	0	4	-1	0	-3
171	4	0	0	1000	0	4	-1	0	-3
172	4	0	0	1000	0	4	-1	0	-3
173	4	0	0	1000	0	4	-1	0	-3
174	4	0	0	1000	0	4	-1	0	-3
175	4	0	0	1000	0	4	-1	0	-3
176	4	0	0	1000	0	4	-1	0	-3
177	4	0	0	1000	0	4	-1	0	-3
178	4	0	0	1000	0	4	-1	0	-3
179	4	0	0	1000	0	4	-1	0	-3
180	4	0	0	1000	0	4	-1	0	-3
181	4	0	0	1000	0	4	-1	0	-3
182	4	0	0	1000	0	4	-1	0	-3
183	4	0	0	1000	0	4	-1	0	-3
184	4	0	0	1000	0	4	-1	0	-3
185	4	0	0	1000	0	4	-1	0	-3
186	4	0	0	1000	0	4	-1	0	-3
187	4	0	0	1000	0	4	-1	0	-3
188	4	0	0	1000	0	4	-1	0	-3
189	4	0	0	1000	0	4	-1	0	-3
190	4	0	0	1000	0	4	-1	0	-3
191	4	0	0	1000	0	4	-1	0	-3
192	4	0	0	1000	0	4	-1	0	-3
193	4	0	0	1000	0	4	-1	0	-3
194	4	0	0	1000	0	4	-1	0	-3
195	4	0	0	1000	0	4	-1	0	-3
196	4	0	0	1000	0	4	-1	0	-3
197	4	0	0	1000	0	4	-1	0	-3
198	4	0	0	1000	0	4	-1	0	-3
199	4	0	0	1000	0	4	-1	0	-3
200	4	0	0	1000	0	4	-1	0	-3
201	4	0	0	1000	0	4	-1	0	-3
202	4	0	0	1000	0	4	-1	0	-3
203	4	0	0	1000	0	4	-1	0	-3
204	4	0	0	1000	0	4	-1	0	-3
205	4	0	0	1000	0	4	-1	0	-3
206	4	0	0	1000	0	4	-1	0	-3
207	4	0	0	1000	0	4	-1	0	-3
208	4	0	0	1000	0	4	-1	0	-3
209	4	0	0	1000	0	4	-1	0	-3
210	4	0	0	1000	0	4	-1	0	-3
211	4	0	0	1000	0	4	-1	0	-3
212	4	0	0	1000	0	4	-1	0	-3
213	4	0	0	1000	0	4	-1	0	-3
214	4	0	0	1000	0	4	-1	0	-3
215	4	0	0	1000	0	4	-1	0	-3
216	4	0	0	1000	0	4	-1	0	-3
217	4	0	0	1000	0	4	-1	0	-3
218	4	0	0	1000	0	4	-1	0	-3
219	4	0	0	1000	0	4	-1	0	-3
220	4	0	0	1000	0	4	-1	0	-3
221	4	0	0	1000	0	4	-1	0	-3
222	4	0	0	1000	0	4	-1	0	-3
223	4	0	0	1000	0	4	-1	0	-3
224	4	0	0	1000	0	4	-1	0	-3
225	4	0	0	1000	0	4	-1	0	-3
226	4	0	0	1000	0	4	-1	0	-3
227	4	0	0	1000	0	4	-1	0	-3
228	4	0	0	1000	0	4	-1	0	-3
229	4	0	0	1000	0	4	-1	0	-3
230	4	0	0	1000	0	4	-1	0	-3
231	4	0	0	1000	0	4	-1	0	-3
232	4	0	0	1000	0	4	-1	0	-3
233	4	0	0	1000	0	4	-1	0	-3
234	4	0	0	1000	0	4	-1	0	-3
235	4	0	0	1000	0	4	-1	0	-3
236	4	0	0	1000	0	4	-1	0	-3
237	4	0	0	1000	0	4	-1	0	-3
238	4	0	0	1000	0	4	-1	0	-3
239	4	0	0	1000	0	4	-1	0	-3
240	4	0	0	1000	0	4	-1	0	-3
241	4	0	0	1000	0	4	-1	0	-3
242	4	0	0	1000	0	4	-1	0	-3
243	4	0	0	1000	0	4	-1	0	-3
244	4	0	0	1000	0	4	-1	0	-3
245	4	0	0	1000	0	4	-1	0	-3
246	4	0	0	1000	0	4	-1	0	-3
247	4	0	0	1000	0	4	-1	0	-3
248	4	0	0	1000	0	4	-1	0	-3
249	4	0	0	1000	0	4	-1	0	-3
250	4	0	0	1000	0	4	-1	0	-3
251	4	0	0	1000	0	4	-1	0	-3
252	4	0	0	1000	0	4	-1	0	-3
253	4	0	0	1000	0	4	-1	0	-3
254	4	0	0	1000	0	4	-1	0	-3
255	4	0	0	1000	0	4	-1	0	-3
256	4	0	0	1000	0	4	-1	0	-3
257	4	0	0	1000	0	4	-1	0	-3
258	4	0	0	1000	0	4	-1	0	-3
259	4	0	0	1000	0	4	-1	0	-3
260	4	0	0	1000	0	4	-1	0	-3
261	4	0	0	1000	0	4	-1	0	-3
262	4	0	0	1000	0	4	-1	0	-3
263	4	0	0	1000	0	4	-1	0	-3
264	4	0	0	1000	0	4	-1	0	-3
265	4	0	0	1000	0	4	-1	0	-3
266	4	0	0	1000	0	4	-1	0	-3
267	4	0	0	1000	0	4	-1	0	-3
268	4	0	0	1000	0	4	-1	0	-3
269	4	0	0	1000	0	4	-1	0	-3
270	4	0	0	1000	0	4	-1	0	-3
271	4	0	0	1000	0	4	-1	0	-3
272	4	0	0	1000	0	4	-1	0	-3
273	4	0	0	1000	0	4	-1	0	-3
274	4	0	0	1000	0	4	-1	0	-3
275	4	0	0	1000	0	4	-1	0	-3
276	4	0	0	1000	0	4	-1	0	-3
277	4	0	0	1000	0	4	-1	0	-3
278	4	0	0	1000	0	4	-1	0	-3
279	4	0	0	1000	0	4	-1	0	-3
280	4	0	0	1000	0	4	-1	0	-3
281	4	0	0	1000	0	4	-1	0	-3
282	4	0	0	1000	0	4	-1	0	-3
283	4	0	0	1000	0	4	-1	0	-3
284	4	0	0	1000	0	4	-1	0	-3
285	4	0	0	1000	0	4	-1	0	-3
286	4	0	0	1000	0	4	-1	0	-3
287	4	0	0	1000	0	4	-1	0	-3
288	4	0	0	1000	0	4	-1	0	-3
289	4	0	0	1000	0	4	-1	0	-3
290	4	0	0	1000	0	4	-1	0	-3
291	4	0	0	1000	0	4	-1	0	-3
292	4	0	0	1000	0	4	-1	0	-3
293	4	0	0	1000	0	4	-1	0	-3
294	4	0	0	1000	0	4	-1	0	-3
295	4	0	0	1000	0	4	-1	0	-3
296	4	0	0	1000	0	4	-1	0	-3
297	4	0	0	1000	0	4	-1	0	-3
298	4	0	0	1000	0	4	-1	0	-3
299	4	0	0	1000	0	4	-1	0	-3
300	4	0	0	1000	0	4	-1	0	-3
301	4	0	0	1000	0	4	-1	0	-3
302	4	0	0	1000	0	4	-1	0	-3
303	4	0	0	1000	0	4	-1	0	-3
304	4	0	0	1000	0	4	-1	0	-3
305	4	0	0	1000	0	4	-1	0	-3
306	4	0	0	1000	0	4	-1	0	-3
307	4	0	0	1000	0	4	-1	0	-3
308	4	0	0	1000	0	4	-1	0	-3
309	4	0	0	1000	0	4	-1	0	-3
310	4	0	0	1000	0	4	-1	0	-3
311	4	0	0	1000	0	4	-1	0	-3
312	4	0	0	1000	0	4	-1	0	-3
313	4	0	0	1000	0	4	-1	0	-3
314	4	0	0	1000	0	4	-1	0	-3
315	4	0	0	1000	0	4	-1	0	-3
316	4	0	0	1000	0	4	-1	0	-3
317	4	0	0	1000	0	4	-1	0	-3
318	4	0	0	1000	0	4	-1	0	-3
319	4	0	0	1000	0	4	-1	0	-3
320	4	0	0	1000	0	4	-1	0	-3
321	4	0	0	1000	0	4	-1	0	-3
322	4	0	0	1000	0	4	-1	0	-3
323	4	0	0	1000	0	4	-1	0	-3
324	4	0	0	1000	0	4	-1	0	-3
325	4	0	0	1000	0	4	-1	0	-3
326	4	0	0	1000	0	4	-1	0	-3
327	4	0	0	1000	0	4	-1	0	-3
328	4	0	0	1000	0	4	-1	0	-3
329	4	0	0	1000	0	4	-1	0	-3
330	4	0	0	1000	0	4	-1	0	-3
331	4	0	0	1000	0	4	-1	0	-3
332	4	0	0	1000	0	4	-1	0	-3
333	4	0	0	1000	0	4	-1	0	-3
334	4	0	0	1000	0	4	-1	0	-3
335	4	0	0	1000	0	4	-1	0	-3
336	4	0	0	1000	0	4	-1	0	-3
337	4	0	0	1000	0	4	-1	0	-3
338	4	0	0	1000	0	4	-1	0	-3
339	4	0	0	1000	0	4	-1	0	-3
340	4	0	0	1000	0	4	-1	0	-3
341	4	0	0	1000	0	4	-1	0	-3
342	4	0	0	1000	0	4	-1	0	-3
343	4	0	0	1000	0	4	-1	0	-3
344	4	0	0	1000	0	4	-1	0	-3
345	4	0	0	1000	0	4	-1	0	-3
346	4	0	0	1000	0	4	-1	0	-3
347	4	0	0	1000	0	4	-1	0	-3
348	4	0	0	1000	0	4	-1	0	-3
349	4	0	0	1000	0	4	-1	0	-3
350	4	0	0	1000	0	4	-1	0	-3
351	4	0	0	1000	0	4	-1	0	-3
352	4	0	0	1000	0	4	-1	0	-3
353	4	0	0	1000	0	4	-1	0	-3
354	4	0	0	1000	0	4	-1	0	-3
355	4	0	0	1000	0	4	-1	0	-3
356	4	0	0	1000	0	4	-1	0	-3
357	4	0	0	1000	0	4	-1	0	-3
358	4	0	0	1000	0	4	-1	0	-3
359	4	0	0	1000	0	4	-1	0	-3
360	4	0	0	1000	0	4	-1	0	-3
361	4	0	0	1000	0	4	-1	0	-3
362	4	0	0	1000	0	4	-1	0	-3
363	4	0	0	1000	0	4	-1	0	-3
364	4	0	0	1000	0	4	-1	0	-3
365	4	0	0	1000	0	4	-1	0	-3
366	4	0	0	1000	0	4	-1	0	-3
367	4	0	0	1000	0	4	-1	0	-3
368	4	0	0	1000	0	4	-1	0	-3
369	4	0	0	1000	0	4	-1	0	-3
370	4	0	0	1000	0	4	-1	0	-3
371	4	0	0	1000	0	4	-1	0	-3
372	4	0	0	1000	0	4	-1	0	-3
373	4	0	0	1000	0	4	-1	0	-3
374	4	0	0	1000	0	4	-1	0	-3
375	4	0	0	1000	0	4	-1	0	-3
376	4	0	0	1000	0	4	-1	0	-3
377	4	0	0	1000	0	4	-1	0	-3
378	4	0	0	1000	0	4	-1	0	-3
379	4	0	0	1000	0	4	-1	0	-3
380	4	0	0	1000	0	4	-1	0	-3
381	4	0	0	1000	0	4	-1	0	-3
382	4	0	0	1000	0	4	-1	0	-3
383	4	0	0	1000	0	4	-1	0	-3
384	4	0	0	1000	0	4	-1	0	-3
385	4	0	0	1000	0	4	-1	0	-3
386	4	0	0	1000	0	4	-1	0	-3
387	4	0	0	1000	0	4	-1	0	-3
388	4	0	0	1000	0	4	-1	0	-3
389	4	0	0	1000	0	4	-1	0	-3
390	4	0	0	1000	0	4	-1	0	-3
391	4	0	0	1000	0	4	-1	0	-3
392	4	0	0	1000	0	4	-1	0	-3
393	4	0	0	1000	0	4	-1	0	-3
394	4	0	0	1000	0	4	-1	0	-3
395	4	0	0	1000	0	4	-1	0	-3
396	4	0	0	1000	0	4	-1	0	-3
397	4	0	0	1000	0	4	-1	0	-3
398	4	0	0	1000	0	4	-1	0	-3
399	4	0	0	1000	0	4	-1	0	-3
400	4	0	0	1000	0	4	-1	0	-3
401	4	0	0	1000	0	4	-1	0	-3
402	4	0	0	1000	0	4	-1	0	-3
403	4	0	0	1000	0	4	-1	0	-3
404	4	0	0	1000	0	4	-1	0	-3
405	4	0	0	1000	0	4	-1	0	-3
406	4	0	0	1000	0	4	-1	0	-3
407	4	0	0	1000	0	4	-1	0	-3
408	4	0	0	1000	0	4	-1	0	-3
409	4	0	0	1000	0	4	-1	0	-3
410	4	0	0	1000	0	4	-1	0	-3
411	4	0	0	1000	0	4	-1	0	-3
412	4	0	0	1000	0	4	-1	0	-3
413	4	0	0	1000	0	4	-1	0	-3
414	4	0	0	1000	0	4	-1	0	-3
415	4	0	0	1000	0	4	-1	0	-3
416	4	0	0	1000	0	4	-1	0	-3
417	4	0	0	1000	0	4	-1	0	-3
418	4	0	0	1000	0	4	-1	0	-3
419	4	0	0	1000	0	4	-1	0	-3
420	4	0	0	1000	0	4	-1	0	-3
421	4	0	0	1000	0	4	-1	0	-3
422	4	0	0	1000	0	4	-1	0	-3
423	4	0	0	1000	0	4	-1	0	-3
424	4	0	0	1000	0	4	-1	0	-3
425	4	0	0	1000	0	4	-1	0	-3
426	4	0	0	1000	0	4	-1	0	-3
427	4	0	0	1000	0	4	-1	0	-3
428	4	0	0	1000	0	4	-1	0	-3
429	4	0	0	1000	0	4	-1	0	-3
430	4	0	0	1000	0	4	-1	0	-3
431	4	0	0	1000	0	4	-1	0	-3
432	4	0	0	1000	0	4	-1	0	-3
433	4	0	0	1000	0	4	-1	0	-3
434	4	0	0	1000	0	4	-1	0	-3
435	4	0	0	1000	0	4	-1	0	-3
436	4	0	0	1000	0	4	-1	0	-3
437	4	0	0	1000	0	4	-1	0	-3
438	4	0	0	1000	0	4	-1	0	-3
439	4	0	0	1000	0	4	-1	0	-3
440	4	0	0	1000	0	4	-1	0	-3
441	4	0	0	1000	0	4	-1	0	-3
442	4	0	0	1000	0	4	-1	0	-3
443	4	0	0	1000	0	4	-1	0	-3
444	4	0	0	1000	0	4	-1	0	-3
445	4	0	0	1000	0	4	-1	0	-3
446	4	0	0	1000	0	4	-1	0	-3
447	4	0	0	1000	0	4	-1	0	-3
448	4	0	0	1000	0	4	-1	0	-3
449	4	0	0	1000	0	4	-1	0	-3
450	4	0	0	1000	0	4	-1	0	-3
451	4	0	0	1000	0	4	-1	0	-3
452	4	0	0	1000	0	4	-1	0	-3
453	4	0	0	1000	0	4	-1	0	-3
454	4	0	0	1000	0	4	-1	0	-3
455	4	0	0	1000	0	4	-1	0	-3
456	4	0	0	1000	0	4	-1	0	-3
457	4	0	0	1000	0	4	-1	0	-3
458	4	0	0	1000	0	4	-1	0	-3
459	4	0	0	1000	0	4	-1	0	-3
460	4	0	0	1000	0	4	-1	0	-3
461	4	0	0	1000	0	4	-1	0	-3
462	4	0	0	1000	0	4	-1	0	-3
463	4	0	0	1000	0	4	-1	0	-3
464	4	0	0	1000	0	4	-1	0	-3
465	4	0	0	1000	0	4	-1	0	-3
466	4	0	0	1000	0	4	-1	0	-3
467	4	0	0	1000	0	4	-1	0	-3
468	4	0	0	1000	0	4	-1	0	-3
469	4	0	0	1000	0	4	-1	0	-3
470	4	0	0	1000	0	4	-1	0	-3
471	4	0	0	1000	0	4	-1	0	-3
472	4	0	0	1000	0	4	-1	0	-3
473	4	0	0	1000	0	4	-1	0	-3
474	4	0	0	1000	0	4	-1	0	-3
475	4	0	0	1000	0	4	-1	0	-3
476	4	0	0	1000	0	4	-1	0	-3
477	4	0	0	1000	0	4	-1	0	-3
478	4	0	0	1000	0	4	-1	0	-3
479	4	0	0	1000	0	4	-1	0	-3
480	4	0	0	1000	0	4	-1	0	-3
481	4	0	0	1000	0	4	-1	0	-3
482	4	0	0	1000	0	4	-1	0	-3
483	4	0	0	1000	0	4	-1	0	-3
484	4	0	0	1000	0	4	-1	0	-3
485	4	0	0	1000	0	4	-1	0	-3
486	4	0	0	1000	0	4	-1	0	-3
487	4	0	0	1000	0	4	-1	0	-3
488	4	0	0	1000	0	4	-1	0	-3
489	4	0	0	1000	0	4	-1	0	-3
490	4	0	0	1000	0	4	-1	0	-3
491	4	0	0	1000	0	4	-1	0	-3
492	4	0	0	1000	0	4	-1	0	-3
493	4	0	0	1000	0	4	-1	0	-3
494	4	0	0	1000	0	4	-1	0	-3
495	4	0	0	1000	0	4	-1	0	-3
496	4	0	0	1000	0	4	-1	0	-3
497	4	0	0	1000	0	4	-1	0	-3
498	4	0	0	1000	0	4	-1	0	-3
499	4	0	0	1000	0	4	-1	0	-3
500	4	0	0	1000	0	4	-1	0	-3
501	4	0	0	1000	0	4	-1	0	-3
502	4	0	0	1000	0	4	-1	0	-3
503	4	0	0	1000	0	4	-1	0	-3
504	4	0	0	1000	0	4	-1	0	-3
505	4	0	0	1000	0	4	-1	0	-3
506	4	0	0	1000	0	4	-1	0	-3
507	4	0	0	1000	0	4	-1	0	-3
508	4	0	0	1000	0	4	-1	0	-3
509	4	0	0	1000	0	4	-1	0	-3
510	4	0	0	1000	0	4	-1	0	-3
511	4	0	0	1000	0	4	-1	0	-3
512	4	0	0	1000	0	4	-1	0	-3
513	4	0	0	1000	0	4	-1	0	-3
514	4	0	0	1000	0	4	-1	0	-3
515	4	0	0	1000	0	4	-1	0	-3
516	4	0	0	1000	0	4	-1	0	-3
517	4	0	0	1000	0	4	-1	0	-3
518	4	0	0	1000	0	4	-1	0	-3
519	4	0	0	1000	0	4	-1	0	-3
520	4	0	0	1000	0	4	-1	0	-3
521	4	0	0	1000	0	4	-1	0	-3
522	4	0	0	1000	0	4	-1	0	-3
523	4	0	0	1000	0	4	-1	0	-3
524	4	0	0	1000	0	4	-1	0	-3
525	4	0	0	1000	0	4	-1	0	-3
526	4	0	0	1000	0	4	-1	0	-3
527	4	0	0	1000	0	4	-1	0	-3
528	4	0	0	1000	0	4	-1	0	-3
529	4	0	0	1000	0	4	-1	0	-3
530	4	0	0	1000	0	4	-1	0	-3
531	4	0	0	1000	0	4	-1	0	-3
532	4	0	0	1000	0	4	-1	0	-3
533	4	0	0	1000	0	4	-1	0	-3
534	4	0	0	1000	0	4	-1	0	-3
535	4	0	0	1000	0	4	-1	0	-3
536	4	0	0	1000	0	4	-1	0	-3
537	4	0	0	1000	0	4	-1	0	-3
538	4	0	0	1000	0	4	-1	0	-3
539	4	0	0	1000	0	4	-1	0	-3
540	4	0	0	1000	0	4	-1	0	-3
541	4	0	0	1000	0	4	-1	0	-3
542	4	0	0	1000	0	4	-1	0	-3
543	4	0	0	1000	0	4	-1	0	-3
544	4	0	0	1000	0	4	-1	0	-3
545	4	0	0	1000	0	4	-1	0	-3
546	4	0	0	1000	0	4	-1	0	-3
547	4	0	0	1000	0	4	-1	0	-3
548	4	0	0	1000	0	4	-1	0	-3
549	4	0	0	1000	0	4	-1	0	-3
550	4	0	0	1000	0	4	-1	0	-3
551	4	0	0	1000	0	4	-1	0	-3
552	4	0	0	1000	0	4	-1	0	-3
553	4	0	0	1000	0	4	-1	0	-3
554	4	0	0	1000	0	4	-1	0	-3
555	4	0	0	1000	0	4	-1	0	-3
556	4	0	0	1000	0	4	-1	0	-3
557	4	0	0	1000	0	4	-1	0	-3
558	4	0	0	1000	0	4	-1	0	-3
559	4	0	0	1000	0	4	-1	0	-3
560	4	0	0	1000	0	4	-1	0	-3
561	4	0	0	1000	0	4	-1	0	-3
562	4	0	0	1000	0	4	-1	0	-3
563	4	0	0	1000	0	4	-1	0	-3
564	4	0	0	1000	0	4	-1	0	-3
565	4	0	0	1000	0	4	-1	0	-3
566	4	0	0	1000	0	4	-1	0	-3
567	4	0	0	1000	0	4	-1	0	-3
568	4	0	0	1000	0	4	-1	0	-3
569	4	0	0	1000	0	4	-1	0	-3
570	4	0	0	1000	0	4	-1	0	-3
571	4	0	0	1000	0	4	-1	0	-3
572	4	0	0	1000	0	4	-1	0	-3
573	4	0	0	1000	0	4	-1	0	-3
574	4	0	0	1000	0	4	-1	0	-3
575	4	0	0	1000	0	4	-1	0	-3
576	4	0	0	1000	0	4	-1	0	-3
577	4	0	0	1000	0	4	-1	0	-3
578	4	0	0	1000	0	4	-1	0	-3
579	4	0	0	1000	0	4	-1	0	-3
580	4	0	0	1000	0	4	-1	0	-3
581	4	0	0	1000	0	4	-1	0	-3
582	4	0	0	1000	0	4	-1	0	-3
583	4	0	0	1000	0	4	-1	0	-3
584	4	0	0	1000	0	4	-1	0	-3
585	4	0	0	1000	0	4	-1	0	-3
586	4	0	0	1000	0	4	-1	0	-3
587	4	0	0	1000	0	4	-1	0	-3
588	4	0	0	1000	0	4	-1	0	-3
589	4	0	0	1000	0	4	-1	0	-3
590	4	0	0	1000	0	4	-1	0	-3
591	4	0	0	1000	0	4	-1	0	-3
592	4	0	0	1000	0	4	-1	0	-3
593	4	0	0	1000	0	4	-1	0	-3
594	4	0	0	1000	0	4	-1	0	-3
595	4	0	0	1000	0	4	-1	0	-3
596	4	0	0	1000	0	4	-1	0	-3
597	4	0	0	1000	0	4	-1	0	-3
598	4	0	0	1000	0	4	-1	0	-3
599	4	0	0	1000	0	4	-1	0	-3
600	4	0	0	1000	0	4	-1	0	-3
601	4	0	0	1000	0	4	-1	0	-3
602	4	0	0	1000	0	4	-1	0	-3
603	4	0	0	1000	0	4	-1	0	-3
604	4	0	0	1000	0	4	-1	0	-3
605	4	0	0	1000	0	4	-1	0	-3
606	4	0	0	1000	0	4	-1	0	-3
607	4	0	0	1000	0	4	-1	0	-3
608	4	0	0	1000	0	4	-1	0	-3
609	4	0	0	1000	0	4	-1	0	-3
610	4	0	0	1000	0	4	-1	0	-3
611	4	0	0	1000	0	4	-1	0	-3
612	4	0	0	1000	0	4	-1	0	-3
613	4	0	0	1000	0	4	-1	0	-3
614	4	0	0	1000	0	4	-1	0	-3
615	4	0	0	1000	0	4	-1	0	-3
616	4	0	0	1000	0	4	-1	0	-3
617	4	0	0	1000	0	4	-1	0	-3
618	4	0	0	1000	0	4	-1	0	-3
619	4	0	0	1000	0	4	-1	0	-3
620	4	0	0	1000	0	4	-1	0	-3
621	4	0	0	1000	0	4	-1	0	-3
622	4	0	0	1000	0	4	-1	0	-3
623	4	0	0	1000	0	4	-1	0	-3
624	4	0	0	1000	0	4	-1	0	-3
625	4	0	0	1000	0	4	-1	0	-3
626	4	0	0	1000	0	4	-1	0	-3
627	4	0	0	1000	0	4	-1	0	-3
628	4	0	0	1000	0	4	-1	0	-3
629	4	0	0	1000	0	4	-1	0	-3
630	4	0	0	1000	0	4	-1	0	-3
631	4	0	0	1000	0	4	-1	0	-3
632	4	0	0	1000	0	4	-1	0	-3
633	4	0	0	1000	0	4	-1	0	-3
634	4	0	0	1000	0	4	-1	0	-3
635	4	0	0	1000	0	4	-1	0	-3
636	4	0	0	1000	0	4	-1	0	-3
637	4	0	0	1000	0	4	-1	0	-3
638	4	0	0	1000	0	4	-1	0	-3
639	4	0	0	1000	0	4	-1	0	-3
640	4	0	0	1000	0	4	-1	0	-3
641	4	0	0	1000	0	4	-1	0	-3
642	4	0	0	1000	0	4	-1	0	-3
643	4	0	0	1000	0	4	-1	0	-3
644	4	0	0	1000	0	4	-1	0	-3
645	4	0	0	1000	0	4	-1	0	-3
646	4	0	0	1000	0	4	-1	0	-3
647	4	0	0	1000	0	4	-1	0	-3
648	4	0	0	1000	0	4	-1	0	-3
649	4	0	0	1000	0	4	-1	0	-3
650	4	0	0	1000	0	4	-1	0	-3
651	4	0	0	1000	0	4	-1	0	-3
652	4	0	0	1000	0	4	-1	0	-3
653	4	0	0	1000	0	4	-1	0	-3
654	4	0	0	1000	0	4	-1	0	-3
655	4	0	0	1000	0	4	-1	0	-3
656	4	0	0	1000	0	4	-1	0	-3
657	4	0	0	1000	0	4	-1	0	-3
658	4	0	0	1000	0	4	-1	0	-3
659	4	0	0	1000	0	4	-1	0	-3
660	4	0	0	1000	0	4	-1	0	-3
661	4	0	0	1000	0	4	-1	0	-3
662	4	0	0	1000	0	4	-1	0	-3
663	4	0	0	1000	0	4	-1	0	-3
664	4	0	0	1000	0	4	-1	0	-3
665	4	0	0	1000	0	4	-1	0	-3
666	4	0	0	1000	0	4	-1	0	-3
667	4	0	0	1000	0	4	-1	0	-3
668	4	0	0	1000	0	4	-1	0	-3
669	4	0	0	1000	0	4	-1	0	-3
670	4	0	0	1000	0	4	-1	0	-3
671	4	0	0	1000	0	4	-1	0	-3
672	4	0	0	1000	0	4	-1	0	-3
673	4	0	0	1000	0	4	-1	0	-3
674	4	0	0	1000	0	4	-1	0	-3
675	4	0	0	1000	0	4	-1	0	-3
676	4	0	0	1000	0	4	-1	0	-3
677	4	0	0	1000	0	4	-1	0	-3
678	4	0	0	1000	0	4	-1	0	-3
679	4	0	0	1000	0	4	-1	0	-3
680	4	0	0	1000	0	4	-1	0	-3
681	4	0	0	1000	0	4	-1	0	-3
682	4	0	0	1000	0	4	-1	0	-3
683	4	0	0	1000	0	4	-1	0	-3
684	4	0	0	1000	0	4	-1	0	-3
685	4	0	0	1000	0	4	-1	0	-3
686	4	0	0	1000	0	4	-1	0	-3
687	4	0	0	1000	0	4	-1	0	-3
688	4	0	0	1000	0	4	-1	0	-3
689	4	0	0	1000	0	4	-1	0	-3
690	4	0	0	1000	0	4	-1	0	-3
691	4	0	0	1000	0	4	-1	0	-3
692	4	0	0	1000	0	4	-1	0	-3
693	4	0	0	1000	0	4	-1	0	-3
694	4	0	0	1000	0	4	-1	0	-3
695	4	0	0	1000	0	4	-1	0	-3
696	4	0	0	1000	0	4	-1	0	-3
697	4	0	0	1000	0	4	-1	0	-3
698	4	0	0	1000	0	4	-1	0	-3
699	4	0	0	1000	0	4	-1	0	-3
700	4	0	0	1000	0	4	-1	0	-3
701	4	0	0	1000	0	4	-1	0	-3
702	4	0	0	1000	0	4	-1	0	-3
703	4	0	0	1000	0	4	-1	0	-3
704	4	0	0	1000	0	4	-1	0	-3
705	4	0	0	1000	0	4	-1	0	-3
706	4	0	0	1000	0	4	-1	0	-3
707	4	0	0	1000	0	4	-1	0	-3
708	4	0	0	1000	0	4	-1	0	-3
709	4	0	0	1000	0	4	-1	0	-3
710	4	0	0	1000	0	4	-1	0	-3
711	4	0	0	1000	0	4	-1	0	-3
712	4	0	0	1000	0	4	-1	0	-3
713	4	0	0	1000	0	4	-1	0	-3
714	4	0	0	1000	0	4	-1	0	-3
715	4	0	0	1000	0	4	-1	0	-3
716	4	0	0	1000	0	4	-1	0	-3
717	4	0	0	1000	0	4	-1	0	-3
718	4	0	0	1000	0	4	-1	0	-3
719	4	0	0	1000	0	4	-1	0	-3
720	4	0	0	1000	0	4	-1	0	-3
721	4	0	0	1000	0	4	-1	0	-3
722	4	0	0	1000	0	4	-1	0	-3
723	4	0	0	1000	0	4	-1	0	-3
724	4	0	0	1000	0	4	-1	0	-3
725	4	0	0	1000	0	4	-1	0	-3
726	4	0	0	1000	0	4	-1	0	-3
727	4	0	0	1000	0	4	-1	0	-3
728	4	0	0	1000	0	4	-1	0	-3
729	4	0	0	1000	0	4	-1	0	-3
730	4	0	0	1000	0	4	-1	0	-3
731	4	0	0	1000	0	4	-1	0	-3
732	4	0	0	1000	0	4	-1	0	-3
733	4	0	0	1000	0	4	-1	0	-3
734	4	0	0	1000	0	4	-1	0	-3
735	4	0	0	1000	0	4	-1	0	-3
736	4	0	0	1000	0	4	-1	0	-3
737	4	0	0	1000	0	4	-1	0	-3
738	4	0	0	1000	0	4	-1	0	-3
739	4	0	0	1000	0	4	-1	0	-3
740	4	0	0	1000	0	4	-1	0	-3
741	4	0	0	1000	0	4	-1	0	-3
742	4	0	0	1000	0	4	-1	0	-3
743	4	0	0	1000	0	4	-1	0	-3
744	4	0	0	1000	0	4	-1	0	-3
745	4	0	0	1000	0	4	-1	0	-3
746	4	0	0	1000	0	4	-1	0	-3
747	4	0	0	1000	0	4	-1	0	-3
748	4	0	0	1000	0	4	-1	0	-3
749	4	0	0	1000	0	4	-1	0	-3
750	4	0	0	1000	0	4	-1	0	-3
751	4	0	0	1000	0	4	-1	0	-3
752	4	0	0	1000	0	4	-1	0	-3
753	4	0	0	1000	0	4	-1	0	-3
754	4	0	0	1000	0	4	-1	0	-3
755	4	0	0	1000	0	4	-1	0	-3
756	4	0	0	1000	0	4	-1	0	-3
757	4	0	0	1000	0	4	-1	0	-3
758	4	0	0	1000	0	4	-1	0	-3
759	4	0	0	1000	0	4	-1	0	-3
760	4	0	0	1000	0	4	-1	0	-3
761	4	0	0	1000	0	4	-1	0	-3
762	4	0	0	1000	0	4	-1	0	-3
763	4	0	0	1000	0	4	-1	0	-3
764	4	0	0	1000	0	4	-1	0	-3
765	4	0	0	1000	0	4	-1	0	-3
766	4	0	0	1000	0	4	-1	0	-3
767	4	0	0	1000	0	4	-1	0	-3
768	4	0	0	1000	0	4	-1	0	-3
769	4	0	0	1000	0	4	-1	0	-3
770	4	0	0	1000	0	4	-1	0	-3
771	4	0	0	1000	0	4	-1	0	-3
772	4	0	0	1000	0	4	-1	0	-3
773	4	0	0	1000	0	4	-1	0	-3
774	4	0	0	1000	0	4	-1	0	-3
775	4	0	0	1000	0	4	-1	0	-3
776	4	0	0	1000	0	4	-1	0	-3
777	4	0	0	1000	0	4	-1	0	-3
778	4	0	0	1000	0	4	-1	0	-3
779	4	0	0	1000	0	4	-1	0	-3
780	4	0	0	1000	0	4	-1	0	-3
781	4	0	0	1000	0	4	-1	0	-3
782	4	0	0	1000	0	4	-1	0	-3
783	4	0	0	1000	0	4	-1	0	-3
784	4	0	0	1000	0	4	-1	0	-3
785	4	0	0	1000	0	4	-1	0	-3
786	4	0	0	1000	0	4	-1	0	-3
787	4	0	0	1000	0	4	-1	0	-3
788	4	0	0	1000	0	4	-1	0	-3
789	4	0	0	1000	0	4	-1	0	-3
790	4	0	0	1000	0	4	-1	0	-3
791	4	0	0	1000	0	4	-1	0	-3
792	4	0	0	1000	0	4	-1	0	-3
793	4	0	0	1000	0	4	-1	0	-3
794	4	0	0	1000	0	4	-1	0	-3
795	4	0	0	1000	0	4	-1	0	-3
796	4	0	0	1000	0	4	-1	0	-3
797	4	0	0	1000	0	4	-1	0	-3
798	4	0	0	1000	0	4	-1	0	-3
799	4	0	0	1000	0	4	-1	0	-3
800	4	0	0	1000	0	4	-1	0	-3
801	4	0	0	1000	0	4	-1	0	-3
802	4	0	0	1000	0	4	-1	0	-3
803	4	0	0	1000	0	4	-1	0	-3
804	4	0	0	1000	0	4	-1	0	-3
805	4	0	0	1000	0	4	-1	0	-3
806	4	0	0	1000	0	4	-1	0	-3
807	4	0	0	1000	0	4	-1	0	-3
808	4	0	0	1000	0	4	-1	0	-3
809	4	0	0	1000	0	4	-1	0	-3
810	4	0	0	1000	0	4	-1	0	-3
811	4	0	0	1000	0	4	-1	0	-3
812	4	0	0	1000	0	4	-1	0	-3
813	4	0	0	1000	0	4	-1	0	-3
814	4	0	0	1000	0	4	-1	0	-3
815	4	0	0	1000	0	4	-1	0	-3
816	4	0	0	1000	0	4	-1	0	-3
817	4	0	0	1000	0	4	-1	0	-3
818	4	0	0	1000	0	4	-1	0	-3
819	4	0	0	1000	0	4	-1	0	-3
820	4	0	0	1000	0	4	-1	0	-3
821	4	0	0	1000	0	4	-1	0	-3
822	4	0	0	1000	0	4	-1	0	-3
823	4	0	0	1000	0	4	-1	0	-3
824	4	0	0	1000	0	4	-1	0	-3
825	4	0	0	1000	0	4	-1	0	-3
826	4	0	0	1000	0	4	-1	0	-3
827	4	0	0	1000	0	4	-1	0	-3
828	4	0	0	1000	0	4	-1	0	-3
829	4	0	0	1000	0	4	-1	0	-3
830	4	0	0	1000	0	4	-1	0	-3
831	4	0	0	1000	0	4	-1	0	-3
832	4	0	0	1000	0	4	-1	0	-3
833	4	0	0	1000	0	4	-1	0	-3
834	4	0	0	1000	0	4	-1	0	-3
835	4	0	0	1000	0	4	-1	0	-3
836	4	0	0	1000	0	4	-1	0	-3
837	4	0	0	1000	0	4	-1	0	-3
838	4	0	0	1000	0	4	-1	0	-3
839	4	0	0	1000	0	4	-1	0	-3
840	4	0	0	1000	0	4	-1	0	-3
841	4	0	0	1000	0	4	-1	0	-3
842	4	0	0	1000	0	4	-1	0	-3
843	4	0	0	1000	0	4	-1	0	-3
844	4	0	0	1000	0	4	-1	0	-3
845	4	0	0	1000	0	4	-1	0	-3
846	4	0	0	1000	0	4	-1	0	-3
847	4	0	0	1000	0	4	-1	0	-3
848	4	0	0	1000	0	4	-1	0	-3
849	4	0	0	1000	0	4	-1	0	-3
850	4	0	0	1000	0	4	-1	0	-3
851	4	0	0	1000	0	4	-1	0	-3
852	4	0	0	1000	0	4	-1	0	-3
853	4	0	0	1000	0	4	-1	0	-3
854	4	0	0	1000	0	4	-1	0	-3
855	4	0	0	1000	0	4	-1	0	-3
856	4	0	0	1000	0	4	-1	0	-3
857	4	0	0	1000	0	4	-1	0	-3
858	4	0	0	1000	0	4	-1	0	-3
859	4	0	0	1000	0	4	-1	0	-3
860	4	0	0	1000	0	4	-1	0	-3
861	4	0	0	1000	0	4	-1	0	-3
862	4	0	0	1000	0	4	-1	0	-3
863	4	0	0	1000	0	4	-1	0	-3
864	4	0	0	1000	0	4	-1	0	-3
865	4	0	0	1000	0	4	-1	0	-3
866	4	0	0	1000	0	4	-1	0	-3
867	4	0	0	1000	0	4	-1	0	-3
868	4	0	0	1000	0	4	-1	0	-3
869	4	0	0	1000	0	4	-1	0	-3
870	4	0	0	1000	0	4	-1	0	-3
871	4	0	0	1000	0	4	-1	0	-3
872	4	0	0	1000	0	4	-1	0	-3
873	4	0	0	1000	0	4	-1	0	-3
874	4	0	0	1000	0	4	-1	0	-3
875	4	0	0	1000	0	4	-1	0	-3
876	4	0	0	1000	0	4	-1	0	-3
877	4	0	0	1000	0	4	-1	0	-3
878	4	0	0	1000	0	4	-1	0	-3
879	4	0	0	1000	0	4	-1	0	-3
880	4	0	0	1000	0	4	-1	0	-3
881	4	0	0	1000	0	4	-1	0	-3
882	4	0	0	1000	0	4	-1	0	-3
883	4	0	0	1000	0	4	-1	0	-3
884	4	0	0	1000	0	4	-1	0	-3
885	4	0	0	1000	0	4	-1	0	-3
886	4	0	0	1000	0	4	-1	0	-3
887	4	0	0	1000	0	4	-1	0	-3
888	4	0	0	1000	0	4	-1	0	-3
889	4	0	0	1000	0	4	-1	0	-3
890	4	0	0	1000	0	4	-1	0	-3
891	4	0	0	1000	0	4	-1	0	-3
892	4	0	0	1000	0	4	-1	0	-3
893	4	0	0	1000	0	4	-1	0	-3
894	4	0	0	1000	0	4	-1	0	-3
895	4	0	0	1000	0	4	-1	0	-3
896	4	0	0	1000	0	4	-1	0	-3
897	4	0	0	1000	0	4	-1	0	-3
898	4	0	0	1000	0	4	-1	0	-3
899	4	0	0	1000	0	4	-1	0	-3
900	4	0	0	1000	0	4	-1	0	-3
901	4	0	0	1000	0	4	-1	0	-3
902	4	0	0	1000	0	4	-1	0	-3
903	4	0	0	1000	0	4	-1	0	-3
904	4	0	0	1000	0	4	-1	0	-3
905	4	0	0	1000	0	4	-1	0	-3
906	4	0	0	1000	0	4	-1	0	-3
907	4	0	0	1000	0	4	-1	0	-3
908	4	0	0	1000	0	4	-1	0	-3
909	4	0	0	1000	0	4	-1	0	-3
910	4	0	0	1000	0	4	-1	0	-3
911	4	0	0	1000	0	4	-1	0	-3
912	4	0	0	1000	0	4	-1	0	-3
913	4	0	0	1000	0	4	-1	0	-3
914	4	0	0	1000	0	4	-1	0	-3
915	4	0	0	1000	0	4	-1	0	-3
916	4	0	0	1000	0	4	-1	0	-3
917	4	0	0	1000	0	4	-1	0	-3
918	4	0	0	1000	0	4	-1	0	-3
919	4	0	0	1000	0	4	-1	0	-3
920	4	0	0	1000	0	4	-1	0	-3
921	4	0	0	1000	0	4	-1	0	-3
922	4	0	0	1000	0	4	-1	0	-3
923	4	0	0	1000	0	4	-1	0	-3
924	4	0	0	1000	0	4	-1	0	-3
925	4	0	0	1000	0	4	-1	0	-3
926	4	0	0	1000	0	4	-1	0	-3
927	4	0	0	1000	0	4	-1	0	-3
928	4	0	0	1000	0	4	-1	0	-3
929	4	0	0	1000	0	4	-1	0	-3
930	4	0	0	1000	0	4	-1	0	-3
931	4	0	0	1000	0	4	-1	0	-3
932	4	0	0	1000	0	4	-1	0	-3
933	4	0	0	1000	0	4	-1	0	-3
934	4	0	0	1000	0	4	-1	0	-3
935	4	0	0	1000	0	4	-1	0	-3
936	4	0	0	1000	0	4	-1	0	-3
937	4	0	0	1000	0	4	-1	0	-3
938	4	0	0	1000	0	4	-1	0	-3
939	4	0	0	1000	0	4	-1	0	-3
940	4	0	0	1000	0	4	-1	0	-3
941	4	0	0	1000	0	4	-1	0	-3
942	4	0	0	1000	0	4	-1	0	-3
943	4	0	0	1000	0	4	-1	0	-3
944	4	0	0	1000	0	4	-1	0	-3
945	4	0	0	1000	0	4	-1	0	-3
946	4	0	0	1000	0	4	-1	0	-3
947	4	0	0	1000	0	4	-1	0	-3
948	4	0	0	1000	0	4	-1	0	-3
949	4	0	0	1000	0	4	-1	0	-3
950	4	0	0	1000	0	4	-1	0	-3
951	4	0	0	1000	0	4	-1	0	-3
952	4	0	0	1000	0	4	-1	0	-3
953	4	0	0	1000	0	4	-1	0	-3
954	4	0	0	1000	0	4	-1	0	-3
955	4	0	0	1000	0	4	-1	0	-3
956	4	0	0	1000	0	4	-1	0	-3
957	4	0	0	1000	0	4	-1	0	-3
958	4	0	0	1000	0	4	-1	0	-3
959	4	0	0	1000	0	4	-1	0	-3
960	4	0	0	1000	0	4	-1	0	-3
961	4	0	0	1000	0	4	-1	0	-3
962	4	0	0	1000	0	4	-1	0	-3
963	4	0	0	1000	0	4	-1	0	-3
964	4	0	0	1000	0	4	-1	0	-3
965	4	0	0	1000	0	4	-1	0	-3
966	4	0	0	1000	0	4	-1	0	-3
967	4	0	0	1000	0	4	-1	0	-3
968	4	0	0	1000	0	4	-1	0	-3
969	4	0	0	1000	0	4	-1	0	-3
970	4	0	0	1000	0	4	-1	0	-3
971	4	0	0	1000	0	4	-1	0	-3
972	4	0	0	1000	0	4	-1	0	-3
973	4	0	0	1000	0	4	-1	0	-3
974	4	0	0	1000	0	4	-1	0	-3
975	4	0	0	1000	0	4	-1	0	-3
976	4	0	0	1000	0	4	-1	0	-3
977	4	0	0	1000	0	4	-1	0	-3
978	4	0	0	1000	0	4	-1	0	-3
979	4	0	0	1000	0	4	-1	0	-3
980	4	0	0	1000	0	4	-1	0	-3
981	4	0	0	1000	0	4	-1	0	-3
982	4	0	0	1000	0	4	-1	0	-3
983	4	0	0	1000	0	4	-1	0	-3
984	4	0	0	1000	0	4	-1	0	-3
985	4	0	0	1000	0	4	-1	0	-3
986	4	0	0	1000	0	4	-1	0	-3
987	4	0	0	1000	0	4	-1	0	-3
988	4	0	0	1000	0	4	-1	0	-3
989	4	0	0	1000	0	4	-1	0	-3
990	4	0	0	1000	0	4	-1	0	-3
991	4	0	0	1000	0	4	-1	0	-3
992	4	0	0	1000	0	4	-1	0	-3
993	4	0	0	1000	0	4	-1	0	-3
994	4	0	0	1000	0	4	-1	0	-3
995	4	0	0	1000	0	4	-1	0	-3
996	4	0	0	1000	0	4	-1	0	-3
997	4	0	0	1000	0	4	-1	0	-3
998	4	0	0	1000	0	4	-1	0	-3
999	4	0	0	1000	0	4	-1	0	-3
1000	4	0	0	1000	0	4	-1	0	-3
1001	4	0	0	1000	0	4	-1	0	-3
1002	4	0	0	1000	0	4	-1	0	-3
1003	4	0	0	1000	0	4	-1	0	-3
1004	4	0	0	1000	0	4	-1	0	-3
1005	4	0	0	1000	0	4	-1	0	-3
1006	4	0	0	1000	0	4	-1	0	-3
1007	4	0	0	1000	0	4	-1	0	-3
1008	4	0	0	1000	0	4	-1	0	-3
1009	4	0	0	1000	0	4	-1	0	-3
1010	4	0	0	1000	0	4	-1	0	-3
1011	4	0	0	1000	0	4	-1	0	-3
1012	4	0	0	1000	0	4	-1	0	-3
1013	4	0	0	1000	0	4	-1	0	-3
1014	4	0	0	1000	0	4	-1	0	-3
1015	4	0	0	1000	0	4	-1	0	-3
1016	4	0	0	1000	0	4	-1	0	-3
1017	4	0	0	1000	0	4	-1	0	-3
1018	4	0	0	1000	0	4	-1	0	-3
1019	4	0	0	1000	0	4	-1	0	-3
1020	4	0	0	1000	0	4	-1	0	-3
1021	4	0	0	1000	0	4	-1	0	-3
1022	4	0	0	1000	0	4	-1	0	-3
1023	4	0	0	1000	0	4	-1	0	-3
1024	4	0	0	1000	0	4	-1	0	-3
1025	4	0	0	1000	0	4	-1	0	-3
1026	4	0	0	1000	0	4	-1	0	-3
1027	4	0	0	1000	0	4	-1	0	-3
1028	4	0	0	1000	0	4	-1	0	-3
1029	4	0	0	1000	0	4	-1	0	-3
1030	4	0	0	1000	0	4	-1	0	-3
1031	4	0	0	1000	0	4	-1	0	-3
1032	4	0	0	1000	0	4	-1	0	-3
1033	4	0	0	1000	0	4	-1	0	-3
1034	4	0	0	1000	0	4	-1	0	-3
1035	4	0	0	1000	0	4	-1	0	-3
1036	4	0	0	1000	0	4	-1	0	-3
1037	4	0	0	1000	0	4	-1	0	-3
1038	4	0	0	1000	0	4	-1	0	-3
1039	4	0	0	1000	0	4	-1	0	-3
1040	4	0	0	1000	0	4	-1	0	-3
1041	4	0	0	1000	0	4	-1	0	-3
1042	4	1	1	1000	1042	4	4	0	-3
1043	4	1	1	1000	1042	4	4	0	-3
1044	4	1	1	1000	1042	4	4	0	-3
1045	4	1	1	1000	1042	4	4	0	-3
1046	4	1	1	1000	1042	4	4	0	-3
1047	4	1	1	1000	1042	4	4	0	-3
1048	4	1	1	1000	1042	4	4	0	-3
1049	4	1	1	1000	1042	4	4	0	-3
1050	4	1	1	1000	1042	4	4	0	-3
1051	4	1	1	1000	1042	4	4	0	-3
1052	4	1	1	1000	1042	4	4	0	-3
1053	4	1	1	1000	1042	4	4	0	-3
1054	4	1	1	1000	1042	4	4	0	-3
1055	4	1	1	1000	1042	4	4	0	-3
1056	4	1	1	1000	1042	4	4	0	-3
1057	4	1	1	1000	1042	4	4	0	-3
1058	4	1	1	1000	1042	4	4	0	-3
1059	4	1	1	1000	1042	4	4	0	-3
1060	4	1	1	1000	1042	4	4	0	-3
1061	4	1	1	1000	1042	4	4	0	-3
1062	4	1	1	1000	1042	4	4	0	-3
1063	4	1	1	1000	1042	4	4	0	-3
1064	4	1	1	1000	1042	4	4	0	-3
1065	4	1	1	1000	1042	4	4	0	-3
1066	4	1	1	1000	1042	4	4	0	-3
1067	4	1	1	1000	1042	4	4	0	-3
1068	4	1	1	1000	1042	4	4	0	-3
1069	4	1	1	1000	1042	4	4	0	-3
1070	4	1	1	1000	1042	4	4	0	-3
1071	4	1	1	1000	1042	4	4	0	-3
1072	4	1	1	1000	1042	4	4	0	-3
1073	4	1	1	1000	1042	4	4	0	-3
1074	4	1	1	1000	1042	4	4	0	-3
1075	4	1	1	1000	1042	4	4	0	-3
1076	4	1	1	1000	1042	4	4	0	-3
1077	4	1	1	1000	1042	4	4	0	-3
1078	4	1	1	1000	1042	4	4	0	-3
1079	4	1	1	1000	1042	4	4	0	-3
1080	4	1	1	1000	1042	4	4	0	-3
1081	4	1	1	1000	1042	4	4	0	-3
1082	4	1	1	1000	1042	4	4	0	-3
1083	4	1	1	1000	1042	4	4	0	-3
1084	4	1	1	1000	1042	4	4	0	-3
1085	4	1	1	1000	1042	4	4	0	-3
1086	4	1	1	1000	1042	4	4	0	-3
