1	3	0	0	1000	0	3	-1	-4	-5
2	3	0	0	1000	0	3	-1	-4	-5
3	3	0	0	1000	0	3	-1	-4	-5
4	3	0	0	1000	0	3	-1	-4	-5
5	3	0	0	1000	0	3	-1	-4	-5
6	3	0	0	1000	0	3	-1	-4	-5
7	3	0	0	1000	0	3	-1	-4	-5
8	3	0	0	1000	0	3	-1	-4	-5
9	3	0	0	1000	0	3	-1	-4	-5
10	3	0	0	1000	0	3	-1	-4	-5
11	3	0	0	1000	0	3	-1	-4	-5
12	3	0	0	1000	0	3	-1	-4	-5
13	3	0	0	1000	0	3	-1	-4	-5
14	3	0	0	1000	0	3	-1	-4	-5
15	3	0	0	1000	0	3	-1	-4	-5
16	3	0	0	1000	0	3	-1	-4	-5
17	3	0	0	1000	0	3	-1	-4	-5
18	3	0	0	1000	0	3	-1	-4	-5
19	3	0	0	1000	0	3	-1	-4	-5
20	3	0	0	1000	0	3	-1	-4	-5
21	3	0	0	1000	0	3	-1	-4	-5
22	3	0	0	1000	0	3	-1	-4	-5
23	3	0	0	1000	0	3	-1	-4	-5
24	3	0	0	1000	0	3	-1	-4	-5
25	3	0	0	1000	0	3	-1	-4	-5
26	3	0	0	1000	0	3	-1	-4	-5
27	3	0	0	1000	0	3	-1	-4	-5
28	3	0	0	1000	0	3	-1	-4	-5
29	3	0	0	1000	0	3	-1	-4	-5
30	3	0	0	1000	0	3	-1	-4	-5
31	3	0	0	1000	0	3	-1	-4	-5
32	3	0	0	1000	0	3	-1	-4	-5
33	3	0	0	1000	0	3	-1	-4	-5
34	3	0	0	1000	0	3	-1	-4	-5
35	3	0	0	1000	0	3	-1	-4	-5
36	3	0	0	1000	0	3	-1	-4	-5
37	3	0	0	1000	0	3	-1	-4	-5
38	3	0	0	1000	0	3	-1	-4	-5
39	3	0	0	1000	0	3	-1	-4	-5
40	3	0	0	1000	0	3	-1	-4	-5
41	3	0	0	1000	0	3	-1	-4	-5
42	3	0	0	1000	0	3	-1	-4	-5
43	3	0	0	1000	0	3	-1	-4	-5
44	3	0	0	1000	0	3	-1	-4	-5
45	3	0	0	1000	0	3	-1	-4	-5
46	3	0	0	1000	0	3	-1	-4	-5
47	3	0	0	1000	0	3	-1	-4	-5
48	3	0	0	1000	0	3	-1	-4	-5
49	3	0	0	1000	0	3	-1	-4	-5
50	3	0	0	1000	0	3	-1	-4	-5
51	3	0	0	1000	0	3	-1	-4	-5
52	3	0	0	1000	0	3	-1	-4	-5
53	3	0	0	1000	0	3	-1	-4	-5
54	3	0	0	1000	0	3	-1	-4	-5
55	3	0	0	1000	0	3	-1	-4	-5
56	3	0	0	1000	0	3	-1	-4	-5
57	3	0	0	1000	0	3	-1	-4	-5
58	3	0	0	1000	0	3	-1	-4	-5
59	3	0	0	1000	0	3	-1	-4	-5
60	3	0	0	1000	0	3	-1	-4	-5
61	3	0	0	1000	0	3	-1	-4	-5
62	3	0	0	1000	0	3	-1	-4	-5
63	3	0	0	1000	0	3	-1	-4	-5
64	3	0	0	1000	0	3	-1	-4	-5
65	3	0	0	1000	0	3	-1	-4	-5
66	3	0	0	1000	0	3	-1	-4	-5
67	3	0	0	1000	0	3	-1	-4	-5
68	3	0	0	1000	0	3	-1	-4	-5
69	3	0	0	1000	0	3	-1	-4	-5
70	3	0	0	1000	0	3	-1	-4	-5
71	3	0	0	1000	0	3	-1	-4	-5
72	3	0	0	1000	0	3	-1	-4	-5
73	3	0	0	1000	0	3	-1	-4	-5
74	3	0	0	1000	0	3	-1	-4	-5
75	3	0	0	1000	0	3	-1	-4	-5
76	3	0	0	1000	0	3	-1	-4	-5
77	3	0	0	1000	0	3	-1	-4	-5
78	3	0	0	1000	0	3	-1	-4	-5
79	3	0	0	1000	0	3	-1	-4	-5
80	3	0	0	1000	0	3	-1	-4	-5
81	3	0	0	1000	0	3	-1	-4	-5
82	3	0	0	1000	0	3	-1	-4	-5
83	3	0	0	1000	0	3	-1	-4	-5
84	3	0	0	1000	0	3	-1	-4	-5
85	3	0	0	1000	0	3	-1	-4	-5
86	3	0	0	1000	0	3	-1	-4	-5
87	3	0	0	1000	0	3	-1	-4	-5
88	3	0	0	1000	0	3	-1	-4	-5
89	3	0	0	1000	0	3	-1	-4	-5
90	3	0	0	1000	0	3	-1	-4	-5
91	3	0	0	1000	0	3	-1	-4	-5
92	3	0	0	1000	0	3	-1	-4	-5
93	3	0	0	1000	0	3	-1	-4	-5
94	3	0	0	1000	0	3	-1	-4	-5
95	3	0	0	1000	0	3	-1	-4	-5
96	3	0	0	1000	0	3	-1	-4	-5
97	3	0	0	1000	0	3	-1	-4	-5
98	3	0	0	1000	0	3	-1	-4	-5
99	3	0	0	1000	0	3	-1	-4	-5
100	3	0	0	1000	0	3	-1	-4	-5
101	3	0	0	1000	0	3	-1	-4	-5
102	3	0	0	1000	0	3	-1	-4	-5
103	3	0	0	1000	0	3	-1	-4	-5
104	3	0	0	1000	0	3	-1	-4	-5
105	3	0	0	1000	0	3	-1	-4	-5
106	3	0	0	1000	0	3	-1	-4	-5
107	3	0	0	1000	0	3	-1	-4	-5
108	3	0	0	1000	0	3	-1	-4	-5
109	3	0	0	1000	0	3	-1	-4	-5
110	3	0	0	1000	0	3	-1	-4	-5
111	3	0	0	1000	0	3	-1	-4	-5
112	3	0	0	1000	0	3	-1	-4	-5
113	3	0	0	1000	0	3	-1	-4	-5
114	3	0	0	1000	0	3	-1	-4	-5
115	3	0	0	1000	0	3	-1	-4	-5
116	3	0	0	1000	0	3	-1	-4	-5
117	3	0	0	1000	0	3	-1	-4	-5
118	3	0	0	1000	0	3	-1	-4	-5
119	3	0	0	1000	0	3	-1	-4	-5
120	3	0	0	1000	0	3	-1	-4	-5
121	3	0	0	1000	0	3	-1	-4	-5
122	3	0	0	1000	0	3	-1	-4	-5
123	3	0	0	1000	0	3	-1	-4	-5
124	3	0	0	1000	0	3	-1	-4	-5
125	3	0	0	1000	0	3	-1	-4	-5
126	3	0	0	1000	0	3	-1	-4	-5
127	3	0	0	1000	0	3	-1	-4	-5
128	3	0	0	1000	0	3	-1	-4	-5
129	3	0	0	1000	0	3	-1	-4	-5
130	3	0	0	1000	0	3	-1	-4	-5
131	3	0	0	1000	0	3	-1	-4	-5
132	3	0	0	1000	0	3	-1	-4	-5
133	3	0	0	1000	0	3	-1	-4	-5
134	3	0	0	1000	0	3	-1	-4	-5
135	3	0	0	1000	0	3	-1	-4	-5
136	3	0	0	1000	0	3	-1	-4	-5
137	3	0	0	1000	0	3	-1	-4	-5
138	3	0	0	1000	0	3	-1	-4	-5
139	3	0	0	1000	0	3	-1	-4	-5
140	3	0	0	1000	0	3	-1	-4	-5
141	3	0	0	1000	0	3	-1	-4	-5
142	3	0	0	1000	0	3	-1	-4	-5
143	3	0	0	1000	0	3	-1	-4	-5
144	3	0	0	1000	0	3	-1	-4	-5
145	3	0	0	1000	0	3	-1	-4	-5
146	3	0	0	1000	0	3	-1	-4	-5
147	3	0	0	1000	0	3	-1	-4	-5
148	3	0	0	1000	0	3	-1	-4	-5
149	3	0	0	1000	0	3	-1	-4	-5
150	3	0	0	1000	0	3	-1	-4	-5
151	3	0	0	1000	0	3	-1	-4	-5
152	3	0	0	1000	0	3	-1	-4	-5
153	3	0	0	1000	0	3	-1	-4	-5
154	3	0	0	1000	0	3	-1	-4	-5
155	3	0	0	1000	0	3	-1	-4	-5
156	3	0	0	1000	0	3	-1	-4	-5
157	3	0	0	1000	0	3	-1	-4	-5
158	3	0	0	1000	0	3	-1	-4	-5
159	3	0	0	1000	0	3	-1	-4	-5
160	3	0	0	1000	0	3	-1	-4	-5
161	3	0	0	1000	0	3	-1	-4	-5
162	3	0	0	1000	0	3	-1	-4	-5
163	3	0	0	1000	0	3	-1	-4	-5
164	3	0	0	1000	0	3	-1	-4	-5
165	3	0	0	1000	0	3	-1	-4	-5
166	3	0	0	1000	0	3	-1	-4	-5
167	3	0	0	1000	0	3	-1	-4	-5
168	3	0	0	1000	0	3	-1	-4	-5
169	3	0	0	1000	0	3	-1	-4	-5
170	3	0	0	1000	0	3	-1	-4	-5
171	3	0	0	1000	0	3	-1	-4	-5
172	3	0	0	1000	0	3	-1	-4	-5
173	3	0	0	1000	0	3	-1	-4	-5
174	3	0	0	1000	0	3	-1	-4	-5
175	3	0	0	1000	0	3	-1	-4	-5
176	3	0	0	1000	0	3	-1	-4	-5
177	3	0	0	1000	0	3	-1	-4	-5
178	3	0	0	1000	0	3	-1	-4	-5
179	3	0	0	1000	0	3	-1	-4	-5
180	3	0	0	1000	0	3	-1	-4	-5
181	3	0	0	1000	0	3	-1	-4	-5
182	3	0	0	1000	0	3	-1	-4	-5
183	3	0	0	1000	0	3	-1	-4	-5
184	3	0	0	1000	0	3	-1	-4	-5
185	3	0	0	1000	0	3	-1	-4	-5
186	3	0	0	1000	0	3	-1	-4	-5
187	3	0	0	1000	0	3	-1	-4	-5
188	3	0	0	1000	0	3	-1	-4	-5
189	3	0	0	1000	0	3	-1	-4	-5
190	3	0	0	1000	0	3	-1	-4	-5
191	3	0	0	1000	0	3	-1	-4	-5
192	3	0	0	1000	0	3	-1	-4	-5
193	3	0	0	1000	0	3	-1	-4	-5
194	3	0	0	1000	0	3	-1	-4	-5
195	3	0	0	1000	0	3	-1	-4	-5
196	3	0	0	1000	0	3	-1	-4	-5
197	3	0	0	1000	0	3	-1	-4	-5
198	3	0	0	1000	0	3	-1	-4	-5
199	3	0	0	1000	0	3	-1	-4	-5
200	3	0	0	1000	0	3	-1	-4	-5
201	3	0	0	1000	0	3	-1	-4	-5
202	3	0	0	1000	0	3	-1	-4	-5
203	3	0	0	1000	0	3	-1	-4	-5
204	3	0	0	1000	0	3	-1	-4	-5
205	3	0	0	1000	0	3	-1	-4	-5
206	3	0	0	1000	0	3	-1	-4	-5
207	3	0	0	1000	0	3	-1	-4	-5
208	3	0	0	1000	0	3	-1	-4	-5
209	3	0	0	1000	0	3	-1	-4	-5
210	3	0	0	1000	0	3	-1	-4	-5
211	3	0	0	1000	0	3	-1	-4	-5
212	3	0	0	1000	0	3	-1	-4	-5
213	3	0	0	1000	0	3	-1	-4	-5
214	3	0	0	1000	0	3	-1	-4	-5
215	3	0	0	1000	0	3	-1	-4	-5
216	3	0	0	1000	0	3	-1	-4	-5
217	3	0	0	1000	0	3	-1	-4	-5
218	3	0	0	1000	0	3	-1	-4	-5
219	3	0	0	1000	0	3	-1	-4	-5
220	3	0	0	1000	0	3	-1	-4	-5
221	3	0	0	1000	0	3	-1	-4	-5
222	3	0	0	1000	0	3	-1	-4	-5
223	3	0	0	1000	0	3	-1	-4	-5
224	3	0	0	1000	0	3	-1	-4	-5
225	3	0	0	1000	0	3	-1	-4	-5
226	3	0	0	1000	0	3	-1	-4	-5
227	3	0	0	1000	0	3	-1	-4	-5
228	3	0	0	1000	0	3	-1	-4	-5
229	3	0	0	1000	0	3	-1	-4	-5
230	3	0	0	1000	0	3	-1	-4	-5
231	3	0	0	1000	0	3	-1	-4	-5
232	3	0	0	1000	0	3	-1	-4	-5
233	3	0	0	1000	0	3	-1	-4	-5
234	3	0	0	1000	0	3	-1	-4	-5
235	3	0	0	1000	0	3	-1	-4	-5
236	3	0	0	1000	0	3	-1	-4	-5
237	3	0	0	1000	0	3	-1	-4	-5
238	3	0	0	1000	0	3	-1	-4	-5
239	3	0	0	1000	0	3	-1	-4	-5
240	3	0	0	1000	0	3	-1	-4	-5
241	3	0	0	1000	0	3	-1	-4	-5
242	3	0	0	1000	0	3	-1	-4	-5
243	3	0	0	1000	0	3	-1	-4	-5
244	3	0	0	1000	0	3	-1	-4	-5
245	3	0	0	1000	0	3	-1	-4	-5
246	3	0	0	1000	0	3	-1	-4	-5
247	3	0	0	1000	0	3	-1	-4	-5
248	3	0	0	1000	0	3	-1	-4	-5
249	3	0	0	1000	0	3	-1	-4	-5
250	3	0	0	1000	0	3	-1	-4	-5
251	3	0	0	1000	0	3	-1	-4	-5
252	3	0	0	1000	0	3	-1	-4	-5
253	3	0	0	1000	0	3	-1	-4	-5
254	3	0	0	1000	0	3	-1	-4	-5
255	3	0	0	1000	0	3	-1	-4	-5
256	3	0	0	1000	0	3	-1	-4	-5
257	3	0	0	1000	0	3	-1	-4	-5
258	3	0	0	1000	0	3	-1	-4	-5
259	3	0	0	1000	0	3	-1	-4	-5
260	3	0	0	1000	0	3	-1	-4	-5
261	3	0	0	1000	0	3	-1	-4	-5
262	3	0	0	1000	0	3	-1	-4	-5
263	3	0	0	1000	0	3	-1	-4	-5
264	3	0	0	1000	0	3	-1	-4	-5
265	3	0	0	1000	0	3	-1	-4	-5
266	3	0	0	1000	0	3	-1	-4	-5
267	3	0	0	1000	0	3	-1	-4	-5
268	3	0	0	1000	0	3	-1	-4	-5
269	3	0	0	1000	0	3	-1	-4	-5
270	3	0	0	1000	0	3	-1	-4	-5
271	3	0	0	1000	0	3	-1	-4	-5
272	3	0	0	1000	0	3	-1	-4	-5
273	3	0	0	1000	0	3	-1	-4	-5
274	3	0	0	1000	0	3	-1	-4	-5
275	3	0	0	1000	0	3	-1	-4	-5
276	3	0	0	1000	0	3	-1	-4	-5
277	3	0	0	1000	0	3	-1	-4	-5
278	3	0	0	1000	0	3	-1	-4	-5
279	3	0	0	1000	0	3	-1	-4	-5
280	3	0	0	1000	0	3	-1	-4	-5
281	3	0	0	1000	0	3	-1	-4	-5
282	3	0	0	1000	0	3	-1	-4	-5
283	3	0	0	1000	0	3	-1	-4	-5
284	3	0	0	1000	0	3	-1	-4	-5
285	3	0	0	1000	0	3	-1	-4	-5
286	3	0	0	1000	0	3	-1	-4	-5
287	3	0	0	1000	0	3	-1	-4	-5
288	3	0	0	1000	0	3	-1	-4	-5
289	3	0	0	1000	0	3	-1	-4	-5
290	3	0	0	1000	0	3	-1	-4	-5
291	3	0	0	1000	0	3	-1	-4	-5
292	3	0	0	1000	0	3	-1	-4	-5
293	3	0	0	1000	0	3	-1	-4	-5
294	3	0	0	1000	0	3	-1	-4	-5
295	3	0	0	1000	0	3	-1	-4	-5
296	3	0	0	1000	0	3	-1	-4	-5
297	3	0	0	1000	0	3	-1	-4	-5
298	3	0	0	1000	0	3	-1	-4	-5
299	3	0	0	1000	0	3	-1	-4	-5
300	3	0	0	1000	0	3	-1	-4	-5
301	3	0	0	1000	0	3	-1	-4	-5
302	3	0	0	1000	0	3	-1	-4	-5
303	3	0	0	1000	0	3	-1	-4	-5
304	3	0	0	1000	0	3	-1	-4	-5
305	3	0	0	1000	0	3	-1	-4	-5
306	3	0	0	1000	0	3	-1	-4	-5
307	3	0	0	1000	0	3	-1	-4	-5
308	3	0	0	1000	0	3	-1	-4	-5
309	3	0	0	1000	0	3	-1	-4	-5
310	3	0	0	1000	0	3	-1	-4	-5
311	3	0	0	1000	0	3	-1	-4	-5
312	3	0	0	1000	0	3	-1	-4	-5
313	3	0	0	1000	0	3	-1	-4	-5
314	3	0	0	1000	0	3	-1	-4	-5
315	3	0	0	1000	0	3	-1	-4	-5
316	3	0	0	1000	0	3	-1	-4	-5
317	3	0	0	1000	0	3	-1	-4	-5
318	3	0	0	1000	0	3	-1	-4	-5
319	3	0	0	1000	0	3	-1	-4	-5
320	3	0	0	1000	0	3	-1	-4	-5
321	3	0	0	1000	0	3	-1	-4	-5
322	3	0	0	1000	0	3	-1	-4	-5
323	3	0	0	1000	0	3	-1	-4	-5
324	3	0	0	1000	0	3	-1	-4	-5
325	3	0	0	1000	0	3	-1	-4	-5
326	3	0	0	1000	0	3	-1	-4	-5
327	3	0	0	1000	0	3	-1	-4	-5
328	3	0	0	1000	0	3	-1	-4	-5
329	3	0	0	1000	0	3	-1	-4	-5
330	3	0	0	1000	0	3	-1	-4	-5
331	3	0	0	1000	0	3	-1	-4	-5
332	3	0	0	1000	0	3	-1	-4	-5
333	3	0	0	1000	0	3	-1	-4	-5
334	3	0	0	1000	0	3	-1	-4	-5
335	3	0	0	1000	0	3	-1	-4	-5
336	3	0	0	1000	0	3	-1	-4	-5
337	3	0	0	1000	0	3	-1	-4	-5
338	3	0	0	1000	0	3	-1	-4	-5
339	3	0	0	1000	0	3	-1	-4	-5
340	3	0	0	1000	0	3	-1	-4	-5
341	3	0	0	1000	0	3	-1	-4	-5
342	3	0	0	1000	0	3	-1	-4	-5
343	3	0	0	1000	0	3	-1	-4	-5
344	3	0	0	1000	0	3	-1	-4	-5
345	3	0	0	1000	0	3	-1	-4	-5
346	3	0	0	1000	0	3	-1	-4	-5
347	3	0	0	1000	0	3	-1	-4	-5
348	3	0	0	1000	0	3	-1	-4	-5
349	3	0	0	1000	0	3	-1	-4	-5
350	3	0	0	1000	0	3	-1	-4	-5
351	3	0	0	1000	0	3	-1	-4	-5
352	3	0	0	1000	0	3	-1	-4	-5
353	3	0	0	1000	0	3	-1	-4	-5
354	3	0	0	1000	0	3	-1	-4	-5
355	3	0	0	1000	0	3	-1	-4	-5
356	3	0	0	1000	0	3	-1	-4	-5
357	3	0	0	1000	0	3	-1	-4	-5
358	3	0	0	1000	0	3	-1	-4	-5
359	3	0	0	1000	0	3	-1	-4	-5
360	3	0	0	1000	0	3	-1	-4	-5
361	3	0	0	1000	0	3	-1	-4	-5
362	3	0	0	1000	0	3	-1	-4	-5
363	3	0	0	1000	0	3	-1	-4	-5
364	3	0	0	1000	0	3	-1	-4	-5
365	3	0	0	1000	0	3	-1	-4	-5
366	3	0	0	1000	0	3	-1	-4	-5
367	3	0	0	1000	0	3	-1	-4	-5
368	3	0	0	1000	0	3	-1	-4	-5
369	3	0	0	1000	0	3	-1	-4	-5
370	3	0	0	1000	0	3	-1	-4	-5
371	3	0	0	1000	0	3	-1	-4	-5
372	3	0	0	1000	0	3	-1	-4	-5
373	3	0	0	1000	0	3	-1	-4	-5
374	3	0	0	1000	0	3	-1	-4	-5
375	3	0	0	1000	0	3	-1	-4	-5
376	3	0	0	1000	0	3	-1	-4	-5
377	3	0	0	1000	0	3	-1	-4	-5
378	3	0	0	1000	0	3	-1	-4	-5
379	3	0	0	1000	0	3	-1	-4	-5
380	3	0	0	1000	0	3	-1	-4	-5
381	3	0	0	1000	0	3	-1	-4	-5
382	3	0	0	1000	0	3	-1	-4	-5
383	3	0	0	1000	0	3	-1	-4	-5
384	3	0	0	1000	0	3	-1	-4	-5
385	3	0	0	1000	0	3	-1	-4	-5
386	3	0	0	1000	0	3	-1	-4	-5
387	3	0	0	1000	0	3	-1	-4	-5
388	3	0	0	1000	0	3	-1	-4	-5
389	3	0	0	1000	0	3	-1	-4	-5
390	3	0	0	1000	0	3	-1	-4	-5
391	3	0	0	1000	0	3	-1	-4	-5
392	3	0	0	1000	0	3	-1	-4	-5
393	3	0	0	1000	0	3	-1	-4	-5
394	3	0	0	1000	0	3	-1	-4	-5
395	3	0	0	1000	0	3	-1	-4	-5
396	3	0	0	1000	0	3	-1	-4	-5
397	3	0	0	1000	0	3	-1	-4	-5
398	3	0	0	1000	0	3	-1	-4	-5
399	3	0	0	1000	0	3	-1	-4	-5
400	3	0	0	1000	0	3	-1	-4	-5
401	3	0	0	1000	0	3	-1	-4	-5
402	3	0	0	1000	0	3	-1	-4	-5
403	3	0	0	1000	0	3	-1	-4	-5
404	3	0	0	1000	0	3	-1	-4	-5
405	3	0	0	1000	0	3	-1	-4	-5
406	3	0	0	1000	0	3	-1	-4	-5
407	3	0	0	1000	0	3	-1	-4	-5
408	3	0	0	1000	0	3	-1	-4	-5
409	3	0	0	1000	0	3	-1	-4	-5
410	3	0	0	1000	0	3	-1	-4	-5
411	3	0	0	1000	0	3	-1	-4	-5
412	3	0	0	1000	0	3	-1	-4	-5
413	3	0	0	1000	0	3	-1	-4	-5
414	3	0	0	1000	0	3	-1	-4	-5
415	3	0	0	1000	0	3	-1	-4	-5
416	3	0	0	1000	0	3	-1	-4	-5
417	3	0	0	1000	0	3	-1	-4	-5
418	3	0	0	1000	0	3	-1	-4	-5
419	3	0	0	1000	0	3	-1	-4	-5
420	3	0	0	1000	0	3	-1	-4	-5
421	3	0	0	1000	0	3	-1	-4	-5
422	3	0	0	1000	0	3	-1	-4	-5
423	3	0	0	1000	0	3	-1	-4	-5
424	3	0	0	1000	0	3	-1	-4	-5
425	3	0	0	1000	0	3	-1	-4	-5
426	3	0	0	1000	0	3	-1	-4	-5
427	3	0	0	1000	0	3	-1	-4	-5
428	3	0	0	1000	0	3	-1	-4	-5
429	3	0	0	1000	0	3	-1	-4	-5
430	3	0	0	1000	0	3	-1	-4	-5
431	3	0	0	1000	0	3	-1	-4	-5
432	3	0	0	1000	0	3	-1	-4	-5
433	3	0	0	1000	0	3	-1	-4	-5
434	3	0	0	1000	0	3	-1	-4	-5
435	3	0	0	1000	0	3	-1	-4	-5
436	3	0	0	1000	0	3	-1	-4	-5
437	3	0	0	1000	0	3	-1	-4	-5
438	3	0	0	1000	0	3	-1	-4	-5
439	3	0	0	1000	0	3	-1	-4	-5
440	3	0	0	1000	0	3	-1	-4	-5
441	3	0	0	1000	0	3	-1	-4	-5
442	3	0	0	1000	0	3	-1	-4	-5
443	3	0	0	1000	0	3	-1	-4	-5
444	3	0	0	1000	0	3	-1	-4	-5
445	3	0	0	1000	0	3	-1	-4	-5
446	3	0	0	1000	0	3	-1	-4	-5
447	3	0	0	1000	0	3	-1	-4	-5
448	3	0	0	1000	0	3	-1	-4	-5
449	3	0	0	1000	0	3	-1	-4	-5
450	3	0	0	1000	0	3	-1	-4	-5
451	3	0	0	1000	0	3	-1	-4	-5
452	3	0	0	1000	0	3	-1	-4	-5
453	3	0	0	1000	0	3	-1	-4	-5
454	3	0	0	1000	0	3	-1	-4	-5
455	3	0	0	1000	0	3	-1	-4	-5
456	3	0	0	1000	0	3	-1	-4	-5
457	3	0	0	1000	0	3	-1	-4	-5
458	3	0	0	1000	0	3	-1	-4	-5
459	3	0	0	1000	0	3	-1	-4	-5
460	3	0	0	1000	0	3	-1	-4	-5
461	3	0	0	1000	0	3	-1	-4	-5
462	3	0	0	1000	0	3	-1	-4	-5
463	3	0	0	1000	0	3	-1	-4	-5
464	3	0	0	1000	0	3	-1	-4	-5
465	3	0	0	1000	0	3	-1	-4	-5
466	3	0	0	1000	0	3	-1	-4	-5
467	3	0	0	1000	0	3	-1	-4	-5
468	3	0	0	1000	0	3	-1	-4	-5
469	3	0	0	1000	0	3	-1	-4	-5
470	3	0	0	1000	0	3	-1	-4	-5
471	3	0	0	1000	0	3	-1	-4	-5
472	3	0	0	1000	0	3	-1	-4	-5
473	3	0	0	1000	0	3	-1	-4	-5
474	3	0	0	1000	0	3	-1	-4	-5
475	3	0	0	1000	0	3	-1	-4	-5
476	3	0	0	1000	0	3	-1	-4	-5
477	3	0	0	1000	0	3	-1	-4	-5
478	3	0	0	1000	0	3	-1	-4	-5
479	3	0	0	1000	0	3	-1	-4	-5
480	3	0	0	1000	0	3	-1	-4	-5
481	3	0	0	1000	0	3	-1	-4	-5
482	3	0	0	1000	0	3	-1	-4	-5
483	3	0	0	1000	0	3	-1	-4	-5
484	3	0	0	1000	0	3	-1	-4	-5
485	3	0	0	1000	0	3	-1	-4	-5
486	3	0	0	1000	0	3	-1	-4	-5
487	3	0	0	1000	0	3	-1	-4	-5
488	3	0	0	1000	0	3	-1	-4	-5
489	3	0	0	1000	0	3	-1	-4	-5
490	3	0	0	1000	0	3	-1	-4	-5
491	3	0	0	1000	0	3	-1	-4	-5
492	3	0	0	1000	0	3	-1	-4	-5
493	3	0	0	1000	0	3	-1	-4	-5
494	3	0	0	1000	0	3	-1	-4	-5
495	3	0	0	1000	0	3	-1	-4	-5
496	3	0	0	1000	0	3	-1	-4	-5
497	3	0	0	1000	0	3	-1	-4	-5
498	3	0	0	1000	0	3	-1	-4	-5
499	3	0	0	1000	0	3	-1	-4	-5
500	3	0	0	1000	0	3	-1	-4	-5
501	3	0	0	1000	0	3	-1	-4	-5
502	3	0	0	1000	0	3	-1	-4	-5
503	3	0	0	1000	0	3	-1	-4	-5
504	3	0	0	1000	0	3	-1	-4	-5
505	3	0	0	1000	0	3	-1	-4	-5
506	3	0	0	1000	0	3	-1	-4	-5
507	3	0	0	1000	0	3	-1	-4	-5
508	3	0	0	1000	0	3	-1	-4	-5
509	3	0	0	1000	0	3	-1	-4	-5
510	3	0	0	1000	0	3	-1	-4	-5
511	3	0	0	1000	0	3	-1	-4	-5
512	3	0	0	1000	0	3	-1	-4	-5
513	3	0	0	1000	0	3	-1	-4	-5
514	3	0	0	1000	0	3	-1	-4	-5
515	3	0	0	1000	0	3	-1	-4	-5
516	3	0	0	1000	0	3	-1	-4	-5
517	3	0	0	1000	0	3	-1	-4	-5
518	3	0	0	1000	0	3	-1	-4	-5
519	3	0	0	1000	0	3	-1	-4	-5
520	3	0	0	1000	0	3	-1	-4	-5
521	3	0	0	1000	0	3	-1	-4	-5
522	3	0	0	1000	0	3	-1	-4	-5
523	3	0	0	1000	0	3	-1	-4	-5
524	3	0	0	1000	0	3	-1	-4	-5
525	3	0	0	1000	0	3	-1	-4	-5
526	3	0	0	1000	0	3	-1	-4	-5
527	3	0	0	1000	0	3	-1	-4	-5
528	3	0	0	1000	0	3	-1	-4	-5
529	3	0	0	1000	0	3	-1	-4	-5
530	3	0	0	1000	0	3	-1	-4	-5
531	3	0	0	1000	0	3	-1	-4	-5
532	3	0	0	1000	0	3	-1	-4	-5
533	3	0	0	1000	0	3	-1	-4	-5
534	3	0	0	1000	0	3	-1	-4	-5
535	3	0	0	1000	0	3	-1	-4	-5
536	3	0	0	1000	0	3	-1	-4	-5
537	3	0	0	1000	0	3	-1	-4	-5
538	3	0	0	1000	0	3	-1	-4	-5
539	3	0	0	1000	0	3	-1	-4	-5
540	3	0	0	1000	0	3	-1	-4	-5
541	3	0	0	1000	0	3	-1	-4	-5
542	3	0	0	1000	0	3	-1	-4	-5
543	3	0	0	1000	0	3	-1	-4	-5
544	3	0	0	1000	0	3	-1	-4	-5
545	3	0	0	1000	0	3	-1	-4	-5
546	3	0	0	1000	0	3	-1	-4	-5
547	3	0	0	1000	0	3	-1	-4	-5
548	3	0	0	1000	0	3	-1	-4	-5
549	3	0	0	1000	0	3	-1	-4	-5
550	3	0	0	1000	0	3	-1	-4	-5
551	3	0	0	1000	0	3	-1	-4	-5
552	3	0	0	1000	0	3	-1	-4	-5
553	3	0	0	1000	0	3	-1	-4	-5
554	3	0	0	1000	0	3	-1	-4	-5
555	3	0	0	1000	0	3	-1	-4	-5
556	3	0	0	1000	0	3	-1	-4	-5
557	3	0	0	1000	0	3	-1	-4	-5
558	3	0	0	1000	0	3	-1	-4	-5
559	3	0	0	1000	0	3	-1	-4	-5
560	3	0	0	1000	0	3	-1	-4	-5
561	3	0	0	1000	0	3	-1	-4	-5
562	3	0	0	1000	0	3	-1	-4	-5
563	3	0	0	1000	0	3	-1	-4	-5
564	3	0	0	1000	0	3	-1	-4	-5
565	3	0	0	1000	0	3	-1	-4	-5
566	3	0	0	1000	0	3	-1	-4	-5
567	3	0	0	1000	0	3	-1	-4	-5
568	3	0	0	1000	0	3	-1	-4	-5
569	3	0	0	1000	0	3	-1	-4	-5
570	3	0	0	1000	0	3	-1	-4	-5
571	3	0	0	1000	0	3	-1	-4	-5
572	3	0	0	1000	0	3	-1	-4	-5
573	3	0	0	1000	0	3	-1	-4	-5
574	3	0	0	1000	0	3	-1	-4	-5
575	3	0	0	1000	0	3	-1	-4	-5
576	3	0	0	1000	0	3	-1	-4	-5
577	3	0	0	1000	0	3	-1	-4	-5
578	3	0	0	1000	0	3	-1	-4	-5
579	3	0	0	1000	0	3	-1	-4	-5
580	3	0	0	1000	0	3	-1	-4	-5
581	3	0	0	1000	0	3	-1	-4	-5
582	3	0	0	1000	0	3	-1	-4	-5
583	3	0	0	1000	0	3	-1	-4	-5
584	3	0	0	1000	0	3	-1	-4	-5
585	3	0	0	1000	0	3	-1	-4	-5
586	3	0	0	1000	0	3	-1	-4	-5
587	3	0	0	1000	0	3	-1	-4	-5
588	3	0	0	1000	0	3	-1	-4	-5
589	3	0	0	1000	0	3	-1	-4	-5
590	3	0	0	1000	0	3	-1	-4	-5
591	3	0	0	1000	0	3	-1	-4	-5
592	3	0	0	1000	0	3	-1	-4	-5
593	3	0	0	1000	0	3	-1	-4	-5
594	3	0	0	1000	0	3	-1	-4	-5
595	3	0	0	1000	0	3	-1	-4	-5
596	3	0	0	1000	0	3	-1	-4	-5
597	3	0	0	1000	0	3	-1	-4	-5
598	3	0	0	1000	0	3	-1	-4	-5
599	3	0	0	1000	0	3	-1	-4	-5
600	3	0	0	1000	0	3	-1	-4	-5
601	3	0	0	1000	0	3	-1	-4	-5
602	3	0	0	1000	0	3	-1	-4	-5
603	3	0	0	1000	0	3	-1	-4	-5
604	3	0	0	1000	0	3	-1	-4	-5
605	3	0	0	1000	0	3	-1	-4	-5
606	3	0	0	1000	0	3	-1	-4	-5
607	3	0	0	1000	0	3	-1	-4	-5
608	3	0	0	1000	0	3	-1	-4	-5
609	3	0	0	1000	0	3	-1	-4	-5
610	3	0	0	1000	0	3	-1	-4	-5
611	3	0	0	1000	0	3	-1	-4	-5
612	3	0	0	1000	0	3	-1	-4	-5
613	3	0	0	1000	0	3	-1	-4	-5
614	3	0	0	1000	0	3	-1	-4	-5
615	3	0	0	1000	0	3	-1	-4	-5
616	3	0	0	1000	0	3	-1	-4	-5
617	3	0	0	1000	0	3	-1	-4	-5
618	3	0	0	1000	0	3	-1	-4	-5
619	3	0	0	1000	0	3	-1	-4	-5
620	3	0	0	1000	0	3	-1	-4	-5
621	3	0	0	1000	0	3	-1	-4	-5
622	3	0	0	1000	0	3	-1	-4	-5
623	3	0	0	1000	0	3	-1	-4	-5
624	3	0	0	1000	0	3	-1	-4	-5
625	3	0	0	1000	0	3	-1	-4	-5
626	3	0	0	1000	0	3	-1	-4	-5
627	3	0	0	1000	0	3	-1	-4	-5
628	3	0	0	1000	0	3	-1	-4	-5
629	3	0	0	1000	0	3	-1	-4	-5
630	3	0	0	1000	0	3	-1	-4	-5
631	3	0	0	1000	0	3	-1	-4	-5
632	3	0	0	1000	0	3	-1	-4	-5
633	3	0	0	1000	0	3	-1	-4	-5
634	3	0	0	1000	0	3	-1	-4	-5
635	3	0	0	1000	0	3	-1	-4	-5
636	3	0	0	1000	0	3	-1	-4	-5
637	3	0	0	1000	0	3	-1	-4	-5
638	3	0	0	1000	0	3	-1	-4	-5
639	3	0	0	1000	0	3	-1	-4	-5
640	3	0	0	1000	0	3	-1	-4	-5
641	3	0	0	1000	0	3	-1	-4	-5
642	3	0	0	1000	0	3	-1	-4	-5
643	3	0	0	1000	0	3	-1	-4	-5
644	3	0	0	1000	0	3	-1	-4	-5
645	3	0	0	1000	0	3	-1	-4	-5
646	3	0	0	1000	0	3	-1	-4	-5
647	3	0	0	1000	0	3	-1	-4	-5
648	3	0	0	1000	0	3	-1	-4	-5
649	3	0	0	1000	0	3	-1	-4	-5
650	3	0	0	1000	0	3	-1	-4	-5
651	3	0	0	1000	0	3	-1	-4	-5
652	3	0	0	1000	0	3	-1	-4	-5
653	3	0	0	1000	0	3	-1	-4	-5
654	3	0	0	1000	0	3	-1	-4	-5
655	3	0	0	1000	0	3	-1	-4	-5
656	3	0	0	1000	0	3	-1	-4	-5
657	3	0	0	1000	0	3	-1	-4	-5
658	3	0	0	1000	0	3	-1	-4	-5
659	3	0	0	1000	0	3	-1	-4	-5
660	3	0	0	1000	0	3	-1	-4	-5
661	3	0	0	1000	0	3	-1	-4	-5
662	3	0	0	1000	0	3	-1	-4	-5
663	3	0	0	1000	0	3	-1	-4	-5
664	3	0	0	1000	0	3	-1	-4	-5
665	3	0	0	1000	0	3	-1	-4	-5
666	3	0	0	1000	0	3	-1	-4	-5
667	3	0	0	1000	0	3	-1	-4	-5
668	3	0	0	1000	0	3	-1	-4	-5
669	3	0	0	1000	0	3	-1	-4	-5
670	3	0	0	1000	0	3	-1	-4	-5
671	3	0	0	1000	0	3	-1	-4	-5
672	3	0	0	1000	0	3	-1	-4	-5
673	3	0	0	1000	0	3	-1	-4	-5
674	3	0	0	1000	0	3	-1	-4	-5
675	3	0	0	1000	0	3	-1	-4	-5
676	3	0	0	1000	0	3	-1	-4	-5
677	3	0	0	1000	0	3	-1	-4	-5
678	3	0	0	1000	0	3	-1	-4	-5
679	3	0	0	1000	0	3	-1	-4	-5
680	3	0	0	1000	0	3	-1	-4	-5
681	3	0	0	1000	0	3	-1	-4	-5
682	3	0	0	1000	0	3	-1	-4	-5
683	3	0	0	1000	0	3	-1	-4	-5
684	3	0	0	1000	0	3	-1	-4	-5
685	3	0	0	1000	0	3	-1	-4	-5
686	3	0	0	1000	0	3	-1	-4	-5
687	3	0	0	1000	0	3	-1	-4	-5
688	3	0	0	1000	0	3	-1	-4	-5
689	3	0	0	1000	0	3	-1	-4	-5
690	3	0	0	1000	0	3	-1	-4	-5
691	3	0	0	1000	0	3	-1	-4	-5
692	3	0	0	1000	0	3	-1	-4	-5
693	3	0	0	1000	0	3	-1	-4	-5
694	3	0	0	1000	0	3	-1	-4	-5
695	3	0	0	1000	0	3	-1	-4	-5
696	3	0	0	1000	0	3	-1	-4	-5
697	3	0	0	1000	0	3	-1	-4	-5
698	3	0	0	1000	0	3	-1	-4	-5
699	3	0	0	1000	0	3	-1	-4	-5
700	3	0	0	1000	0	3	-1	-4	-5
701	3	0	0	1000	0	3	-1	-4	-5
702	3	0	0	1000	0	3	-1	-4	-5
703	3	0	0	1000	0	3	-1	-4	-5
704	3	0	0	1000	0	3	-1	-4	-5
705	3	0	0	1000	0	3	-1	-4	-5
706	3	0	0	1000	0	3	-1	-4	-5
707	3	0	0	1000	0	3	-1	-4	-5
708	3	0	0	1000	0	3	-1	-4	-5
709	3	0	0	1000	0	3	-1	-4	-5
710	3	0	0	1000	0	3	-1	-4	-5
711	3	0	0	1000	0	3	-1	-4	-5
712	3	0	0	1000	0	3	-1	-4	-5
713	3	0	0	1000	0	3	-1	-4	-5
714	3	0	0	1000	0	3	-1	-4	-5
715	3	0	0	1000	0	3	-1	-4	-5
716	3	0	0	1000	0	3	-1	-4	-5
717	3	0	0	1000	0	3	-1	-4	-5
718	3	0	0	1000	0	3	-1	-4	-5
719	3	0	0	1000	0	3	-1	-4	-5
720	3	0	0	1000	0	3	-1	-4	-5
721	3	0	0	1000	0	3	-1	-4	-5
722	3	0	0	1000	0	3	-1	-4	-5
723	3	0	0	1000	0	3	-1	-4	-5
724	3	0	0	1000	0	3	-1	-4	-5
725	3	0	0	1000	0	3	-1	-4	-5
726	3	0	0	1000	0	3	-1	-4	-5
727	3	0	0	1000	0	3	-1	-4	-5
728	3	0	0	1000	0	3	-1	-4	-5
729	3	0	0	1000	0	3	-1	-4	-5
730	3	0	0	1000	0	3	-1	-4	-5
731	3	0	0	1000	0	3	-1	-4	-5
732	3	0	0	1000	0	3	-1	-4	-5
733	3	0	0	1000	0	3	-1	-4	-5
734	3	0	0	1000	0	3	-1	-4	-5
735	3	0	0	1000	0	3	-1	-4	-5
736	3	0	0	1000	0	3	-1	-4	-5
737	3	0	0	1000	0	3	-1	-4	-5
738	3	0	0	1000	0	3	-1	-4	-5
739	3	0	0	1000	0	3	-1	-4	-5
740	3	0	0	1000	0	3	-1	-4	-5
741	3	0	0	1000	0	3	-1	-4	-5
742	3	0	0	1000	0	3	-1	-4	-5
743	3	0	0	1000	0	3	-1	-4	-5
744	3	0	0	1000	0	3	-1	-4	-5
745	3	0	0	1000	0	3	-1	-4	-5
746	3	0	0	1000	0	3	-1	-4	-5
747	3	0	0	1000	0	3	-1	-4	-5
748	3	0	0	1000	0	3	-1	-4	-5
749	3	0	0	1000	0	3	-1	-4	-5
750	3	0	0	1000	0	3	-1	-4	-5
751	3	0	0	1000	0	3	-1	-4	-5
752	3	0	0	1000	0	3	-1	-4	-5
753	3	0	0	1000	0	3	-1	-4	-5
754	3	0	0	1000	0	3	-1	-4	-5
755	3	0	0	1000	0	3	-1	-4	-5
756	3	0	0	1000	0	3	-1	-4	-5
757	3	0	0	1000	0	3	-1	-4	-5
758	3	0	0	1000	0	3	-1	-4	-5
759	3	0	0	1000	0	3	-1	-4	-5
760	3	0	0	1000	0	3	-1	-4	-5
761	3	0	0	1000	0	3	-1	-4	-5
762	3	0	0	1000	0	3	-1	-4	-5
763	3	0	0	1000	0	3	-1	-4	-5
764	3	0	0	1000	0	3	-1	-4	-5
765	3	0	0	1000	0	3	-1	-4	-5
766	3	0	0	1000	0	3	-1	-4	-5
767	3	0	0	1000	0	3	-1	-4	-5
768	3	0	0	1000	0	3	-1	-4	-5
769	3	0	0	1000	0	3	-1	-4	-5
770	3	0	0	1000	0	3	-1	-4	-5
771	3	0	0	1000	0	3	-1	-4	-5
772	3	0	0	1000	0	3	-1	-4	-5
773	3	0	0	1000	0	3	-1	-4	-5
774	3	0	0	1000	0	3	-1	-4	-5
775	3	0	0	1000	0	3	-1	-4	-5
776	3	0	0	1000	0	3	-1	-4	-5
777	3	0	0	1000	0	3	-1	-4	-5
778	3	0	0	1000	0	3	-1	-4	-5
779	3	0	0	1000	0	3	-1	-4	-5
780	3	0	0	1000	0	3	-1	-4	-5
781	3	0	0	1000	0	3	-1	-4	-5
782	3	0	0	1000	0	3	-1	-4	-5
783	3	0	0	1000	0	3	-1	-4	-5
784	3	0	0	1000	0	3	-1	-4	-5
785	3	0	0	1000	0	3	-1	-4	-5
786	3	0	0	1000	0	3	-1	-4	-5
787	3	0	0	1000	0	3	-1	-4	-5
788	3	0	0	1000	0	3	-1	-4	-5
789	3	0	0	1000	0	3	-1	-4	-5
790	3	0	0	1000	0	3	-1	-4	-5
791	3	0	0	1000	0	3	-1	-4	-5
792	3	0	0	1000	0	3	-1	-4	-5
793	3	0	0	1000	0	3	-1	-4	-5
794	3	0	0	1000	0	3	-1	-4	-5
795	3	0	0	1000	0	3	-1	-4	-5
796	3	0	0	1000	0	3	-1	-4	-5
797	3	0	0	1000	0	3	-1	-4	-5
798	3	0	0	1000	0	3	-1	-4	-5
799	3	0	0	1000	0	3	-1	-4	-5
800	3	0	0	1000	0	3	-1	-4	-5
801	3	0	0	1000	0	3	-1	-4	-5
802	3	0	0	1000	0	3	-1	-4	-5
803	3	0	0	1000	0	3	-1	-4	-5
804	3	0	0	1000	0	3	-1	-4	-5
805	3	0	0	1000	0	3	-1	-4	-5
806	3	0	0	1000	0	3	-1	-4	-5
807	3	0	0	1000	0	3	-1	-4	-5
808	3	0	0	1000	0	3	-1	-4	-5
809	3	0	0	1000	0	3	-1	-4	-5
810	3	0	0	1000	0	3	-1	-4	-5
811	3	0	0	1000	0	3	-1	-4	-5
812	3	0	0	1000	0	3	-1	-4	-5
813	3	0	0	1000	0	3	-1	-4	-5
814	3	0	0	1000	0	3	-1	-4	-5
815	3	0	0	1000	0	3	-1	-4	-5
816	3	0	0	1000	0	3	-1	-4	-5
817	3	0	0	1000	0	3	-1	-4	-5
818	3	0	0	1000	0	3	-1	-4	-5
819	3	0	0	1000	0	3	-1	-4	-5
820	3	0	0	1000	0	3	-1	-4	-5
821	3	0	0	1000	0	3	-1	-4	-5
822	3	0	0	1000	0	3	-1	-4	-5
823	3	0	0	1000	0	3	-1	-4	-5
824	3	0	0	1000	0	3	-1	-4	-5
825	3	0	0	1000	0	3	-1	-4	-5
826	3	0	0	1000	0	3	-1	-4	-5
827	3	0	0	1000	0	3	-1	-4	-5
828	3	0	0	1000	0	3	-1	-4	-5
829	3	0	0	1000	0	3	-1	-4	-5
830	3	0	0	1000	0	3	-1	-4	-5
831	3	0	0	1000	0	3	-1	-4	-5
832	3	0	0	1000	0	3	-1	-4	-5
833	3	0	0	1000	0	3	-1	-4	-5
834	3	0	0	1000	0	3	-1	-4	-5
835	3	0	0	1000	0	3	-1	-4	-5
836	3	0	0	1000	0	3	-1	-4	-5
837	3	0	0	1000	0	3	-1	-4	-5
838	3	0	0	1000	0	3	-1	-4	-5
839	3	0	0	1000	0	3	-1	-4	-5
840	3	0	0	1000	0	3	-1	-4	-5
841	3	0	0	1000	0	3	-1	-4	-5
842	3	0	0	1000	0	3	-1	-4	-5
843	3	0	0	1000	0	3	-1	-4	-5
844	3	0	0	1000	0	3	-1	-4	-5
845	3	0	0	1000	0	3	-1	-4	-5
846	3	0	0	1000	0	3	-1	-4	-5
847	3	0	0	1000	0	3	-1	-4	-5
848	3	0	0	1000	0	3	-1	-4	-5
849	3	0	0	1000	0	3	-1	-4	-5
850	3	0	0	1000	0	3	-1	-4	-5
851	3	0	0	1000	0	3	-1	-4	-5
852	3	0	0	1000	0	3	-1	-4	-5
853	3	0	0	1000	0	3	-1	-4	-5
854	3	0	0	1000	0	3	-1	-4	-5
855	3	0	0	1000	0	3	-1	-4	-5
856	3	0	0	1000	0	3	-1	-4	-5
857	3	0	0	1000	0	3	-1	-4	-5
858	3	0	0	1000	0	3	-1	-4	-5
859	3	0	0	1000	0	3	-1	-4	-5
860	3	0	0	1000	0	3	-1	-4	-5
861	3	0	0	1000	0	3	-1	-4	-5
862	3	0	0	1000	0	3	-1	-4	-5
863	3	0	0	1000	0	3	-1	-4	-5
864	3	0	0	1000	0	3	-1	-4	-5
865	3	0	0	1000	0	3	-1	-4	-5
866	3	0	0	1000	0	3	-1	-4	-5
867	3	0	0	1000	0	3	-1	-4	-5
868	3	0	0	1000	0	3	-1	-4	-5
869	3	0	0	1000	0	3	-1	-4	-5
870	3	0	0	1000	0	3	-1	-4	-5
871	3	0	0	1000	0	3	-1	-4	-5
872	3	0	0	1000	0	3	-1	-4	-5
873	3	0	0	1000	0	3	-1	-4	-5
874	3	0	0	1000	0	3	-1	-4	-5
875	3	0	0	1000	0	3	-1	-4	-5
876	3	0	0	1000	0	3	-1	-4	-5
877	3	0	0	1000	0	3	-1	-4	-5
878	3	0	0	1000	0	3	-1	-4	-5
879	3	0	0	1000	0	3	-1	-4	-5
880	3	0	0	1000	0	3	-1	-4	-5
881	3	0	0	1000	0	3	-1	-4	-5
882	3	0	0	1000	0	3	-1	-4	-5
883	3	0	0	1000	0	3	-1	-4	-5
884	3	0	0	1000	0	3	-1	-4	-5
885	3	0	0	1000	0	3	-1	-4	-5
886	3	0	0	1000	0	3	-1	-4	-5
887	3	0	0	1000	0	3	-1	-4	-5
888	3	0	0	1000	0	3	-1	-4	-5
889	3	0	0	1000	0	3	-1	-4	-5
890	3	0	0	1000	0	3	-1	-4	-5
891	3	0	0	1000	0	3	-1	-4	-5
892	3	0	0	1000	0	3	-1	-4	-5
893	3	0	0	1000	0	3	-1	-4	-5
894	3	0	0	1000	0	3	-1	-4	-5
895	3	0	0	1000	0	3	-1	-4	-5
896	3	0	0	1000	0	3	-1	-4	-5
897	3	0	0	1000	0	3	-1	-4	-5
898	3	0	0	1000	0	3	-1	-4	-5
899	3	0	0	1000	0	3	-1	-4	-5
900	3	0	0	1000	0	3	-1	-4	-5
901	3	0	0	1000	0	3	-1	-4	-5
902	3	0	0	1000	0	3	-1	-4	-5
903	3	0	0	1000	0	3	-1	-4	-5
904	3	0	0	1000	0	3	-1	-4	-5
905	3	0	0	1000	0	3	-1	-4	-5
906	3	0	0	1000	0	3	-1	-4	-5
907	3	0	0	1000	0	3	-1	-4	-5
908	3	0	0	1000	0	3	-1	-4	-5
909	3	0	0	1000	0	3	-1	-4	-5
910	3	0	0	1000	0	3	-1	-4	-5
911	3	0	0	1000	0	3	-1	-4	-5
912	3	0	0	1000	0	3	-1	-4	-5
913	3	0	0	1000	0	3	-1	-4	-5
914	3	0	0	1000	0	3	-1	-4	-5
915	3	0	0	1000	0	3	-1	-4	-5
916	3	0	0	1000	0	3	-1	-4	-5
917	3	0	0	1000	0	3	-1	-4	-5
918	3	0	0	1000	0	3	-1	-4	-5
919	3	0	0	1000	0	3	-1	-4	-5
920	3	0	0	1000	0	3	-1	-4	-5
921	3	0	0	1000	0	3	-1	-4	-5
922	3	0	0	1000	0	3	-1	-4	-5
923	3	0	0	1000	0	3	-1	-4	-5
924	3	0	0	1000	0	3	-1	-4	-5
925	3	0	0	1000	0	3	-1	-4	-5
926	3	0	0	1000	0	3	-1	-4	-5
927	3	0	0	1000	0	3	-1	-4	-5
928	3	0	0	1000	0	3	-1	-4	-5
929	3	0	0	1000	0	3	-1	-4	-5
930	3	0	0	1000	0	3	-1	-4	-5
931	3	0	0	1000	0	3	-1	-4	-5
932	3	0	0	1000	0	3	-1	-4	-5
933	3	0	0	1000	0	3	-1	-4	-5
934	3	0	0	1000	0	3	-1	-4	-5
935	3	0	0	1000	0	3	-1	-4	-5
936	3	0	0	1000	0	3	-1	-4	-5
937	3	0	0	1000	0	3	-1	-4	-5
938	3	0	0	1000	0	3	-1	-4	-5
939	3	0	0	1000	0	3	-1	-4	-5
940	3	0	0	1000	0	3	-1	-4	-5
941	3	0	0	1000	0	3	-1	-4	-5
942	3	0	0	1000	0	3	-1	-4	-5
943	3	0	0	1000	0	3	-1	-4	-5
944	3	0	0	1000	0	3	-1	-4	-5
945	3	0	0	1000	0	3	-1	-4	-5
946	3	0	0	1000	0	3	-1	-4	-5
947	3	0	0	1000	0	3	-1	-4	-5
948	3	0	0	1000	0	3	-1	-4	-5
949	3	0	0	1000	0	3	-1	-4	-5
950	3	0	0	1000	0	3	-1	-4	-5
951	3	0	0	1000	0	3	-1	-4	-5
952	3	0	0	1000	0	3	-1	-4	-5
953	3	0	0	1000	0	3	-1	-4	-5
954	3	0	0	1000	0	3	-1	-4	-5
955	3	0	0	1000	0	3	-1	-4	-5
956	3	0	0	1000	0	3	-1	-4	-5
957	3	0	0	1000	0	3	-1	-4	-5
958	3	0	0	1000	0	3	-1	-4	-5
959	3	0	0	1000	0	3	-1	-4	-5
960	3	0	0	1000	0	3	-1	-4	-5
961	3	0	0	1000	0	3	-1	-4	-5
962	3	0	0	1000	0	3	-1	-4	-5
963	3	0	0	1000	0	3	-1	-4	-5
964	3	0	0	1000	0	3	-1	-4	-5
965	3	0	0	1000	0	3	-1	-4	-5
966	3	0	0	1000	0	3	-1	-4	-5
967	3	0	0	1000	0	3	-1	-4	-5
968	3	0	0	1000	0	3	-1	-4	-5
969	3	0	0	1000	0	3	-1	-4	-5
970	3	0	0	1000	0	3	-1	-4	-5
971	3	0	0	1000	0	3	-1	-4	-5
972	3	0	0	1000	0	3	-1	-4	-5
973	3	0	0	1000	0	3	-1	-4	-5
974	3	0	0	1000	0	3	-1	-4	-5
975	3	0	0	1000	0	3	-1	-4	-5
976	3	0	0	1000	0	3	-1	-4	-5
977	3	0	0	1000	0	3	-1	-4	-5
978	3	0	0	1000	0	3	-1	-4	-5
979	3	0	0	1000	0	3	-1	-4	-5
980	3	0	0	1000	0	3	-1	-4	-5
981	3	0	0	1000	0	3	-1	-4	-5
982	3	0	0	1000	0	3	-1	-4	-5
983	3	0	0	1000	0	3	-1	-4	-5
984	3	0	0	1000	0	3	-1	-4	-5
985	3	0	0	1000	0	3	-1	-4	-5
986	3	0	0	1000	0	3	-1	-4	-5
987	3	0	0	1000	0	3	-1	-4	-5
988	3	0	0	1000	0	3	-1	-4	-5
989	3	0	0	1000	0	3	-1	-4	-5
990	3	0	0	1000	0	3	-1	-4	-5
991	3	0	0	1000	0	3	-1	-4	-5
992	3	0	0	1000	0	3	-1	-4	-5
993	3	0	0	1000	0	3	-1	-4	-5
994	3	0	0	1000	0	3	-1	-4	-5
995	3	0	0	1000	0	3	-1	-4	-5
996	3	0	0	1000	0	3	-1	-4	-5
997	3	0	0	1000	0	3	-1	-4	-5
998	3	0	0	1000	0	3	-1	-4	-5
999	3	0	0	1000	0	3	-1	-4	-5
1000	3	0	0	1000	0	3	-1	-4	-5
1001	3	0	0	1000	0	3	-1	-4	-5
1002	3	0	0	1000	0	3	-1	-4	-5
1003	3	0	0	1000	0	3	-1	-4	-5
1004	3	0	0	1000	0	3	-1	-4	-5
1005	3	0	0	1000	0	3	-1	-4	-5
1006	3	0	0	1000	0	3	-1	-4	-5
1007	3	0	0	1000	0	3	-1	-4	-5
1008	3	0	0	1000	0	3	-1	-4	-5
1009	3	0	0	1000	0	3	-1	-4	-5
1010	3	0	0	1000	0	3	-1	-4	-5
1011	3	0	0	1000	0	3	-1	-4	-5
1012	3	0	0	1000	0	3	-1	-4	-5
1013	3	0	0	1000	0	3	-1	-4	-5
1014	3	0	0	1000	0	3	-1	-4	-5
1015	3	0	0	1000	0	3	-1	-4	-5
1016	3	0	0	1000	0	3	-1	-4	-5
1017	3	0	0	1000	0	3	-1	-4	-5
1018	3	0	0	1000	0	3	-1	-4	-5
1019	3	0	0	1000	0	3	-1	-4	-5
1020	3	0	0	1000	0	3	-1	-4	-5
1021	3	0	0	1000	0	3	-1	-4	-5
1022	3	0	0	1000	0	3	-1	-4	-5
1023	3	0	0	1000	0	3	-1	-4	-5
1024	3	0	0	1000	0	3	-1	-4	-5
1025	3	0	0	1000	0	3	-1	-4	-5
1026	3	0	0	1000	0	3	-1	-4	-5
1027	3	0	0	1000	0	3	-1	-4	-5
1028	3	0	0	1000	0	3	-1	-4	-5
1029	3	0	0	1000	0	3	-1	-4	-5
1030	3	0	0	1000	0	3	-1	-4	-5
1031	3	0	0	1000	0	3	-1	-4	-5
1032	3	0	0	1000	0	3	-1	-4	-5
1033	3	0	0	1000	0	3	-1	-4	-5
1034	3	0	0	1000	0	3	-1	-4	-5
1035	3	0	0	1000	0	3	-1	-4	-5
1036	3	0	0	1000	0	3	-1	-4	-5
1037	3	0	0	1000	0	3	-1	-4	-5
1038	3	0	0	1000	0	3	-1	-4	-5
1039	3	0	0	1000	0	3	-1	-4	-5
1040	3	0	0	1000	0	3	-1	-4	-5
1041	3	0	0	1000	0	3	-1	-4	-5
1042	3	0	0	1000	0	3	-1	-4	-5
1043	3	0	0	1000	0	3	-1	-4	-5
1044	3	0	0	1000	0	3	-1	-4	-5
1045	3	0	0	1000	0	3	-1	-4	-5
1046	3	0	0	1000	0	3	-1	-4	-5
1047	3	0	0	1000	0	3	-1	-4	-5
1048	3	0	0	1000	0	3	-1	-4	-5
1049	3	0	0	1000	0	3	-1	-4	-5
1050	3	0	0	1000	0	3	-1	-4	-5
1051	3	0	0	1000	0	3	-1	-4	-5
1052	3	0	0	1000	0	3	-1	-4	-5
1053	3	0	0	1000	0	3	-1	-4	-5
1054	3	0	0	1000	0	3	-1	-4	-5
1055	3	0	0	1000	0	3	-1	-4	-5
1056	3	0	0	1000	0	3	-1	-4	-5
1057	3	0	0	1000	0	3	-1	-4	-5
1058	3	0	0	1000	0	3	-1	-4	-5
1059	3	0	0	1000	0	3	-1	-4	-5
1060	3	0	0	1000	0	3	-1	-4	-5
1061	3	0	0	1000	0	3	-1	-4	-5
1062	3	0	0	1000	0	3	-1	-4	-5
1063	3	0	0	1000	0	3	-1	-4	-5
1064	3	0	0	1000	0	3	-1	-4	-5
1065	3	0	0	1000	0	3	-1	-4	-5
1066	3	0	0	1000	0	3	-1	-4	-5
1067	3	0	0	1000	0	3	-1	-4	-5
1068	3	0	0	1000	0	3	-1	-4	-5
1069	3	0	0	1000	0	3	-1	-4	-5
1070	3	0	0	1000	0	3	-1	-4	-5
1071	3	0	0	1000	0	3	-1	-4	-5
1072	3	0	0	1000	0	3	-1	-4	-5
1073	3	0	0	1000	0	3	-1	-4	-5
1074	3	0	0	1000	0	3	-1	-4	-5
1075	3	0	0	1000	0	3	-1	-4	-5
1076	3	0	0	1000	0	3	-1	-4	-5
1077	3	0	0	1000	0	3	-1	-4	-5
1078	3	0	0	1000	0	3	-1	-4	-5
1079	3	0	0	1000	0	3	-1	-4	-5
1080	3	0	0	1000	0	3	-1	-4	-5
1081	3	0	0	1000	0	3	-1	-4	-5
1082	3	0	0	1000	0	3	-1	-4	-5
1083	3	0	0	1000	0	3	-1	-4	-5
1084	3	0	0	1000	0	3	-1	-4	-5
1085	3	0	0	1000	0	3	-1	-4	-5
1086	3	0	0	1000	0	3	-1	-4	-5
1087	3	0	0	1000	0	3	-1	-4	-5
1088	3	0	0	1000	0	3	-1	-4	-5
1089	3	0	0	1000	0	3	-1	-4	-5
1090	3	0	0	1000	0	3	-1	-4	-5
1091	3	0	0	1000	0	3	-1	-4	-5
1092	3	0	0	1000	0	3	-1	-4	-5
1093	3	0	0	1000	0	3	-1	-4	-5
1094	3	0	0	1000	0	3	-1	-4	-5
1095	3	0	0	1000	0	3	-1	-4	-5
1096	3	0	0	1000	0	3	-1	-4	-5
1097	3	0	0	1000	0	3	-1	-4	-5
1098	3	0	0	1000	0	3	-1	-4	-5
1099	3	0	0	1000	0	3	-1	-4	-5
1100	3	0	0	1000	0	3	-1	-4	-5
1101	3	0	0	1000	0	3	-1	-4	-5
1102	3	0	0	1000	0	3	-1	-4	-5
1103	3	0	0	1000	0	3	-1	-4	-5
1104	3	0	0	1000	0	3	-1	-4	-5
1105	3	0	0	1000	0	3	-1	-4	-5
1106	3	0	0	1000	0	3	-1	-4	-5
1107	3	0	0	1000	0	3	-1	-4	-5
1108	3	0	0	1000	0	3	-1	-4	-5
1109	3	0	0	1000	0	3	-1	-4	-5
1110	3	0	0	1000	0	3	-1	-4	-5
1111	3	0	0	1000	0	3	-1	-4	-5
1112	3	0	0	1000	0	3	-1	-4	-5
1113	3	0	0	1000	0	3	-1	-4	-5
1114	3	0	0	1000	0	3	-1	-4	-5
1115	3	0	0	1000	0	3	-1	-4	-5
1116	3	0	0	1000	0	3	-1	-4	-5
1117	3	0	0	1000	0	3	-1	-4	-5
1118	3	0	0	1000	0	3	-1	-4	-5
1119	3	0	0	1000	0	3	-1	-4	-5
1120	3	0	0	1000	0	3	-1	-4	-5
1121	3	0	0	1000	0	3	-1	-4	-5
1122	3	0	0	1000	0	3	-1	-4	-5
1123	3	0	0	1000	0	3	-1	-4	-5
1124	3	0	0	1000	0	3	-1	-4	-5
1125	3	0	0	1000	0	3	-1	-4	-5
1126	3	0	0	1000	0	3	-1	-4	-5
1127	3	0	0	1000	0	3	-1	-4	-5
1128	3	0	0	1000	0	3	-1	-4	-5
1129	3	0	0	1000	0	3	-1	-4	-5
1130	3	0	0	1000	0	3	-1	-4	-5
1131	3	0	0	1000	0	3	-1	-4	-5
1132	3	0	0	1000	0	3	-1	-4	-5
1133	3	0	0	1000	0	3	-1	-4	-5
1134	3	0	0	1000	0	3	-1	-4	-5
1135	3	0	0	1000	0	3	-1	-4	-5
1136	3	0	0	1000	0	3	-1	-4	-5
1137	3	0	0	1000	0	3	-1	-4	-5
1138	3	0	0	1000	0	3	-1	-4	-5
1139	3	0	0	1000	0	3	-1	-4	-5
1140	3	0	0	1000	0	3	-1	-4	-5
1141	3	0	0	1000	0	3	-1	-4	-5
1142	3	0	0	1000	0	3	-1	-4	-5
1143	3	0	0	1000	0	3	-1	-4	-5
1144	3	0	0	1000	0	3	-1	-4	-5
1145	3	0	0	1000	0	3	-1	-4	-5
1146	3	0	0	1000	0	3	-1	-4	-5
1147	3	0	0	1000	0	3	-1	-4	-5
1148	3	0	0	1000	0	3	-1	-4	-5
1149	3	0	0	1000	0	3	-1	-4	-5
1150	3	0	0	1000	0	3	-1	-4	-5
1151	3	0	0	1000	0	3	-1	-4	-5
1152	3	0	0	1000	0	3	-1	-4	-5
1153	3	0	0	1000	0	3	-1	-4	-5
1154	3	0	0	1000	0	3	-1	-4	-5
1155	3	0	0	1000	0	3	-1	-4	-5
1156	3	0	0	1000	0	3	-1	-4	-5
1157	3	0	0	1000	0	3	-1	-4	-5
1158	3	0	0	1000	0	3	-1	-4	-5
1159	3	0	0	1000	0	3	-1	-4	-5
1160	3	0	0	1000	0	3	-1	-4	-5
1161	3	0	0	1000	0	3	-1	-4	-5
1162	3	0	0	1000	0	3	-1	-4	-5
1163	3	0	0	1000	0	3	-1	-4	-5
1164	3	0	0	1000	0	3	-1	-4	-5
1165	3	0	0	1000	0	3	-1	-4	-5
1166	3	0	0	1000	0	3	-1	-4	-5
1167	3	0	0	1000	0	3	-1	-4	-5
1168	3	0	0	1000	0	3	-1	-4	-5
1169	3	0	0	1000	0	3	-1	-4	-5
1170	3	0	0	1000	0	3	-1	-4	-5
1171	3	0	0	1000	0	3	-1	-4	-5
1172	3	0	0	1000	0	3	-1	-4	-5
1173	3	0	0	1000	0	3	-1	-4	-5
1174	3	0	0	1000	0	3	-1	-4	-5
1175	3	0	0	1000	0	3	-1	-4	-5
1176	3	0	0	1000	0	3	-1	-4	-5
1177	3	0	0	1000	0	3	-1	-4	-5
1178	3	0	0	1000	0	3	-1	-4	-5
1179	3	0	0	1000	0	3	-1	-4	-5
1180	3	0	0	1000	0	3	-1	-4	-5
1181	3	0	0	1000	0	3	-1	-4	-5
1182	3	0	0	1000	0	3	-1	-4	-5
1183	3	1	1	1000	1183	3	3	-4	-5
1184	3	1	1	1000	1183	3	3	-4	-5
1185	3	1	1	1000	1183	3	3	-4	-5
1186	3	1	1	1000	1183	3	3	-4	-5
1187	3	1	1	1000	1183	3	3	-4	-5
1188	3	1	1	1000	1183	3	3	-4	-5
1189	3	1	1	1000	1183	3	3	-4	-5
1190	3	1	1	1000	1183	3	3	-4	-5
1191	3	1	1	1000	1183	3	3	-4	-5
1192	3	1	1	1000	1183	3	3	-4	-5
1193	3	1	1	1000	1183	3	3	-4	-5
1194	3	1	1	1000	1183	3	3	-4	-5
1195	3	1	1	1000	1183	3	3	-4	-5
1196	3	1	1	1000	1183	3	3	-4	-5
1197	3	1	1	1000	1183	3	3	-4	-5
1198	3	1	1	1000	1183	3	3	-4	-5
1199	3	1	1	1000	1183	3	3	-4	-5
1200	3	1	1	1000	1183	3	3	-4	-5
1201	3	1	1	1000	1183	3	3	-4	-5
1202	3	1	1	1000	1183	3	3	-4	-5
1203	3	1	1	1000	1183	3	3	-4	-5
1204	3	1	1	1000	1183	3	3	-4	-5
1205	3	1	1	1000	1183	3	3	-4	-5
1206	3	1	1	1000	1183	3	3	-4	-5
1207	3	1	1	1000	1183	3	3	-4	-5
1208	3	1	1	1000	1183	3	3	-4	-5
1209	3	1	1	1000	1183	3	3	-4	-5
1210	3	1	1	1000	1183	3	3	-4	-5
1211	3	1	1	1000	1183	3	3	-4	-5
1212	3	1	1	1000	1183	3	3	-4	-5
1213	3	1	1	1000	1183	3	3	-4	-5
1214	3	1	1	1000	1183	3	3	-4	-5
1215	3	1	1	1000	1183	3	3	-4	-5
1216	3	1	1	1000	1183	3	3	-4	-5
1217	3	1	1	1000	1183	3	3	-4	-5
1218	3	1	1	1000	1183	3	3	-4	-5
1219	3	1	1	1000	1183	3	3	-4	-5
