1	13	0	0	1000	0	13	-1	-2	-4
2	13	0	0	1000	0	13	-1	-2	-4
3	13	0	0	1000	0	13	-1	-2	-4
4	13	0	0	1000	0	13	-1	-2	-4
5	13	0	0	1000	0	13	-1	-2	-4
6	13	0	0	1000	0	13	-1	-2	-4
7	13	0	0	1000	0	13	-1	-2	-4
8	13	0	0	1000	0	13	-1	-2	-4
9	13	0	0	1000	0	13	-1	-2	-4
10	13	0	0	1000	0	13	-1	-2	-4
11	13	0	0	1000	0	13	-1	-2	-4
12	13	0	0	1000	0	13	-1	-2	-4
13	13	0	0	1000	0	13	-1	-2	-4
14	13	0	0	1000	0	13	-1	-2	-4
15	13	0	0	1000	0	13	-1	-2	-4
16	13	0	0	1000	0	13	-1	-2	-4
17	13	0	0	1000	0	13	-1	-2	-4
18	13	0	0	1000	0	13	-1	-2	-4
19	13	0	0	1000	0	13	-1	-2	-4
20	13	0	0	1000	0	13	-1	-2	-4
21	13	0	0	1000	0	13	-1	-2	-4
22	13	0	0	1000	0	13	-1	-2	-4
23	13	0	0	1000	0	13	-1	-2	-4
24	13	0	0	1000	0	13	-1	-2	-4
25	13	0	0	1000	0	13	-1	-2	-4
26	13	0	0	1000	0	13	-1	-2	-4
27	13	0	0	1000	0	13	-1	-2	-4
28	13	0	0	1000	0	13	-1	-2	-4
29	13	0	0	1000	0	13	-1	-2	-4
30	13	0	0	1000	0	13	-1	-2	-4
31	13	0	0	1000	0	13	-1	-2	-4
32	13	0	0	1000	0	13	-1	-2	-4
33	13	0	0	1000	0	13	-1	-2	-4
34	13	0	0	1000	0	13	-1	-2	-4
35	13	0	0	1000	0	13	-1	-2	-4
36	13	0	0	1000	0	13	-1	-2	-4
37	13	0	0	1000	0	13	-1	-2	-4
38	13	0	0	1000	0	13	-1	-2	-4
39	13	0	0	1000	0	13	-1	-2	-4
40	13	0	0	1000	0	13	-1	-2	-4
41	13	0	0	1000	0	13	-1	-2	-4
42	13	0	0	1000	0	13	-1	-2	-4
43	13	0	0	1000	0	13	-1	-2	-4
44	13	0	0	1000	0	13	-1	-2	-4
45	13	0	0	1000	0	13	-1	-2	-4
46	13	0	0	1000	0	13	-1	-2	-4
47	13	0	0	1000	0	13	-1	-2	-4
48	13	0	0	1000	0	13	-1	-2	-4
49	13	0	0	1000	0	13	-1	-2	-4
50	13	0	0	1000	0	13	-1	-2	-4
51	13	0	0	1000	0	13	-1	-2	-4
52	13	0	0	1000	0	13	-1	-2	-4
53	13	0	0	1000	0	13	-1	-2	-4
54	13	0	0	1000	0	13	-1	-2	-4
55	13	0	0	1000	0	13	-1	-2	-4
56	13	0	0	1000	0	13	-1	-2	-4
57	13	0	0	1000	0	13	-1	-2	-4
58	13	0	0	1000	0	13	-1	-2	-4
59	13	0	0	1000	0	13	-1	-2	-4
60	13	0	0	1000	0	13	-1	-2	-4
61	13	0	0	1000	0	13	-1	-2	-4
62	13	0	0	1000	0	13	-1	-2	-4
63	13	0	0	1000	0	13	-1	-2	-4
64	13	0	0	1000	0	13	-1	-2	-4
65	13	0	0	1000	0	13	-1	-2	-4
66	13	0	0	1000	0	13	-1	-2	-4
67	13	0	0	1000	0	13	-1	-2	-4
68	13	0	0	1000	0	13	-1	-2	-4
69	13	0	0	1000	0	13	-1	-2	-4
70	13	0	0	1000	0	13	-1	-2	-4
71	13	0	0	1000	0	13	-1	-2	-4
72	13	0	0	1000	0	13	-1	-2	-4
73	13	0	0	1000	0	13	-1	-2	-4
74	13	0	0	1000	0	13	-1	-2	-4
75	13	0	0	1000	0	13	-1	-2	-4
76	13	0	0	1000	0	13	-1	-2	-4
77	13	0	0	1000	0	13	-1	-2	-4
78	13	0	0	1000	0	13	-1	-2	-4
79	13	0	0	1000	0	13	-1	-2	-4
80	13	0	0	1000	0	13	-1	-2	-4
81	13	0	0	1000	0	13	-1	-2	-4
82	13	0	0	1000	0	13	-1	-2	-4
83	13	0	0	1000	0	13	-1	-2	-4
84	13	0	0	1000	0	13	-1	-2	-4
85	13	0	0	1000	0	13	-1	-2	-4
86	13	0	0	1000	0	13	-1	-2	-4
87	13	0	0	1000	0	13	-1	-2	-4
88	13	0	0	1000	0	13	-1	-2	-4
89	13	0	0	1000	0	13	-1	-2	-4
90	13	0	0	1000	0	13	-1	-2	-4
91	13	0	0	1000	0	13	-1	-2	-4
92	13	0	0	1000	0	13	-1	-2	-4
93	13	0	0	1000	0	13	-1	-2	-4
94	13	0	0	1000	0	13	-1	-2	-4
95	13	0	0	1000	0	13	-1	-2	-4
96	13	0	0	1000	0	13	-1	-2	-4
97	13	0	0	1000	0	13	-1	-2	-4
98	13	0	0	1000	0	13	-1	-2	-4
99	13	0	0	1000	0	13	-1	-2	-4
100	13	0	0	1000	0	13	-1	-2	-4
101	13	0	0	1000	0	13	-1	-2	-4
102	13	0	0	1000	0	13	-1	-2	-4
103	13	0	0	1000	0	13	-1	-2	-4
104	13	0	0	1000	0	13	-1	-2	-4
105	13	0	0	1000	0	13	-1	-2	-4
106	13	0	0	1000	0	13	-1	-2	-4
107	13	0	0	1000	0	13	-1	-2	-4
108	13	0	0	1000	0	13	-1	-2	-4
109	13	0	0	1000	0	13	-1	-2	-4
110	13	0	0	1000	0	13	-1	-2	-4
111	13	0	0	1000	0	13	-1	-2	-4
112	13	0	0	1000	0	13	-1	-2	-4
113	13	0	0	1000	0	13	-1	-2	-4
114	13	0	0	1000	0	13	-1	-2	-4
115	13	0	0	1000	0	13	-1	-2	-4
116	13	0	0	1000	0	13	-1	-2	-4
117	13	0	0	1000	0	13	-1	-2	-4
118	13	0	0	1000	0	13	-1	-2	-4
119	13	0	0	1000	0	13	-1	-2	-4
120	13	0	0	1000	0	13	-1	-2	-4
121	13	0	0	1000	0	13	-1	-2	-4
122	13	0	0	1000	0	13	-1	-2	-4
123	13	0	0	1000	0	13	-1	-2	-4
124	13	0	0	1000	0	13	-1	-2	-4
125	13	0	0	1000	0	13	-1	-2	-4
126	13	0	0	1000	0	13	-1	-2	-4
127	13	0	0	1000	0	13	-1	-2	-4
128	13	0	0	1000	0	13	-1	-2	-4
129	13	0	0	1000	0	13	-1	-2	-4
130	13	0	0	1000	0	13	-1	-2	-4
131	13	0	0	1000	0	13	-1	-2	-4
132	13	0	0	1000	0	13	-1	-2	-4
133	13	0	0	1000	0	13	-1	-2	-4
134	13	0	0	1000	0	13	-1	-2	-4
135	13	0	0	1000	0	13	-1	-2	-4
136	13	0	0	1000	0	13	-1	-2	-4
137	13	0	0	1000	0	13	-1	-2	-4
138	13	0	0	1000	0	13	-1	-2	-4
139	13	0	0	1000	0	13	-1	-2	-4
140	13	0	0	1000	0	13	-1	-2	-4
141	13	0	0	1000	0	13	-1	-2	-4
142	13	0	0	1000	0	13	-1	-2	-4
143	13	0	0	1000	0	13	-1	-2	-4
144	13	0	0	1000	0	13	-1	-2	-4
145	13	0	0	1000	0	13	-1	-2	-4
146	13	0	0	1000	0	13	-1	-2	-4
147	13	0	0	1000	0	13	-1	-2	-4
148	13	0	0	1000	0	13	-1	-2	-4
149	13	0	0	1000	0	13	-1	-2	-4
150	13	0	0	1000	0	13	-1	-2	-4
151	13	0	0	1000	0	13	-1	-2	-4
152	13	0	0	1000	0	13	-1	-2	-4
153	13	0	0	1000	0	13	-1	-2	-4
154	13	0	0	1000	0	13	-1	-2	-4
155	13	0	0	1000	0	13	-1	-2	-4
156	13	0	0	1000	0	13	-1	-2	-4
157	13	0	0	1000	0	13	-1	-2	-4
158	13	0	0	1000	0	13	-1	-2	-4
159	13	0	0	1000	0	13	-1	-2	-4
160	13	0	0	1000	0	13	-1	-2	-4
161	13	0	0	1000	0	13	-1	-2	-4
162	13	0	0	1000	0	13	-1	-2	-4
163	13	0	0	1000	0	13	-1	-2	-4
164	13	0	0	1000	0	13	-1	-2	-4
165	13	0	0	1000	0	13	-1	-2	-4
166	13	0	0	1000	0	13	-1	-2	-4
167	13	0	0	1000	0	13	-1	-2	-4
168	13	0	0	1000	0	13	-1	-2	-4
169	13	0	0	1000	0	13	-1	-2	-4
170	13	0	0	1000	0	13	-1	-2	-4
171	13	0	0	1000	0	13	-1	-2	-4
172	13	0	0	1000	0	13	-1	-2	-4
173	13	0	0	1000	0	13	-1	-2	-4
174	13	0	0	1000	0	13	-1	-2	-4
175	13	0	0	1000	0	13	-1	-2	-4
176	13	0	0	1000	0	13	-1	-2	-4
177	13	0	0	1000	0	13	-1	-2	-4
178	13	0	0	1000	0	13	-1	-2	-4
179	13	0	0	1000	0	13	-1	-2	-4
180	13	0	0	1000	0	13	-1	-2	-4
181	13	0	0	1000	0	13	-1	-2	-4
182	13	0	0	1000	0	13	-1	-2	-4
183	13	0	0	1000	0	13	-1	-2	-4
184	13	0	0	1000	0	13	-1	-2	-4
185	13	0	0	1000	0	13	-1	-2	-4
186	13	0	0	1000	0	13	-1	-2	-4
187	13	0	0	1000	0	13	-1	-2	-4
188	13	0	0	1000	0	13	-1	-2	-4
189	13	0	0	1000	0	13	-1	-2	-4
190	13	0	0	1000	0	13	-1	-2	-4
191	13	0	0	1000	0	13	-1	-2	-4
192	13	0	0	1000	0	13	-1	-2	-4
193	13	0	0	1000	0	13	-1	-2	-4
194	13	0	0	1000	0	13	-1	-2	-4
195	13	0	0	1000	0	13	-1	-2	-4
196	13	0	0	1000	0	13	-1	-2	-4
197	13	0	0	1000	0	13	-1	-2	-4
198	13	0	0	1000	0	13	-1	-2	-4
199	13	0	0	1000	0	13	-1	-2	-4
200	13	0	0	1000	0	13	-1	-2	-4
201	13	0	0	1000	0	13	-1	-2	-4
202	13	0	0	1000	0	13	-1	-2	-4
203	13	0	0	1000	0	13	-1	-2	-4
204	13	0	0	1000	0	13	-1	-2	-4
205	13	0	0	1000	0	13	-1	-2	-4
206	13	0	0	1000	0	13	-1	-2	-4
207	13	0	0	1000	0	13	-1	-2	-4
208	13	0	0	1000	0	13	-1	-2	-4
209	13	0	0	1000	0	13	-1	-2	-4
210	13	0	0	1000	0	13	-1	-2	-4
211	13	0	0	1000	0	13	-1	-2	-4
212	13	0	0	1000	0	13	-1	-2	-4
213	13	0	0	1000	0	13	-1	-2	-4
214	13	0	0	1000	0	13	-1	-2	-4
215	13	0	0	1000	0	13	-1	-2	-4
216	13	0	0	1000	0	13	-1	-2	-4
217	13	0	0	1000	0	13	-1	-2	-4
218	13	0	0	1000	0	13	-1	-2	-4
219	13	0	0	1000	0	13	-1	-2	-4
220	13	0	0	1000	0	13	-1	-2	-4
221	13	0	0	1000	0	13	-1	-2	-4
222	13	0	0	1000	0	13	-1	-2	-4
223	13	0	0	1000	0	13	-1	-2	-4
224	13	0	0	1000	0	13	-1	-2	-4
225	13	0	0	1000	0	13	-1	-2	-4
226	13	0	0	1000	0	13	-1	-2	-4
227	13	0	0	1000	0	13	-1	-2	-4
228	13	0	0	1000	0	13	-1	-2	-4
229	13	0	0	1000	0	13	-1	-2	-4
230	13	0	0	1000	0	13	-1	-2	-4
231	13	0	0	1000	0	13	-1	-2	-4
232	13	0	0	1000	0	13	-1	-2	-4
233	13	0	0	1000	0	13	-1	-2	-4
234	13	0	0	1000	0	13	-1	-2	-4
235	13	0	0	1000	0	13	-1	-2	-4
236	13	0	0	1000	0	13	-1	-2	-4
237	13	0	0	1000	0	13	-1	-2	-4
238	13	0	0	1000	0	13	-1	-2	-4
239	13	0	0	1000	0	13	-1	-2	-4
240	13	0	0	1000	0	13	-1	-2	-4
241	13	0	0	1000	0	13	-1	-2	-4
242	13	0	0	1000	0	13	-1	-2	-4
243	13	0	0	1000	0	13	-1	-2	-4
244	13	0	0	1000	0	13	-1	-2	-4
245	13	0	0	1000	0	13	-1	-2	-4
246	13	0	0	1000	0	13	-1	-2	-4
247	13	0	0	1000	0	13	-1	-2	-4
248	13	0	0	1000	0	13	-1	-2	-4
249	13	0	0	1000	0	13	-1	-2	-4
250	13	0	0	1000	0	13	-1	-2	-4
251	13	0	0	1000	0	13	-1	-2	-4
252	13	0	0	1000	0	13	-1	-2	-4
253	13	0	0	1000	0	13	-1	-2	-4
254	13	0	0	1000	0	13	-1	-2	-4
255	13	0	0	1000	0	13	-1	-2	-4
256	13	0	0	1000	0	13	-1	-2	-4
257	13	0	0	1000	0	13	-1	-2	-4
258	13	0	0	1000	0	13	-1	-2	-4
259	13	0	0	1000	0	13	-1	-2	-4
260	13	0	0	1000	0	13	-1	-2	-4
261	13	0	0	1000	0	13	-1	-2	-4
262	13	0	0	1000	0	13	-1	-2	-4
263	13	0	0	1000	0	13	-1	-2	-4
264	13	0	0	1000	0	13	-1	-2	-4
265	13	0	0	1000	0	13	-1	-2	-4
266	13	0	0	1000	0	13	-1	-2	-4
267	13	0	0	1000	0	13	-1	-2	-4
268	13	0	0	1000	0	13	-1	-2	-4
269	13	0	0	1000	0	13	-1	-2	-4
270	13	0	0	1000	0	13	-1	-2	-4
271	13	0	0	1000	0	13	-1	-2	-4
272	13	0	0	1000	0	13	-1	-2	-4
273	13	0	0	1000	0	13	-1	-2	-4
274	13	0	0	1000	0	13	-1	-2	-4
275	13	0	0	1000	0	13	-1	-2	-4
276	13	0	0	1000	0	13	-1	-2	-4
277	13	0	0	1000	0	13	-1	-2	-4
278	13	0	0	1000	0	13	-1	-2	-4
279	13	0	0	1000	0	13	-1	-2	-4
280	13	0	0	1000	0	13	-1	-2	-4
281	13	0	0	1000	0	13	-1	-2	-4
282	13	0	0	1000	0	13	-1	-2	-4
283	13	0	0	1000	0	13	-1	-2	-4
284	13	0	0	1000	0	13	-1	-2	-4
285	13	0	0	1000	0	13	-1	-2	-4
286	13	0	0	1000	0	13	-1	-2	-4
287	13	0	0	1000	0	13	-1	-2	-4
288	13	0	0	1000	0	13	-1	-2	-4
289	13	0	0	1000	0	13	-1	-2	-4
290	13	0	0	1000	0	13	-1	-2	-4
291	13	0	0	1000	0	13	-1	-2	-4
292	13	0	0	1000	0	13	-1	-2	-4
293	13	0	0	1000	0	13	-1	-2	-4
294	13	0	0	1000	0	13	-1	-2	-4
295	13	0	0	1000	0	13	-1	-2	-4
296	13	0	0	1000	0	13	-1	-2	-4
297	13	0	0	1000	0	13	-1	-2	-4
298	13	0	0	1000	0	13	-1	-2	-4
299	13	0	0	1000	0	13	-1	-2	-4
300	13	0	0	1000	0	13	-1	-2	-4
301	13	0	0	1000	0	13	-1	-2	-4
302	13	0	0	1000	0	13	-1	-2	-4
303	13	0	0	1000	0	13	-1	-2	-4
304	13	0	0	1000	0	13	-1	-2	-4
305	13	0	0	1000	0	13	-1	-2	-4
306	13	0	0	1000	0	13	-1	-2	-4
307	13	0	0	1000	0	13	-1	-2	-4
308	13	0	0	1000	0	13	-1	-2	-4
309	13	0	0	1000	0	13	-1	-2	-4
310	13	0	0	1000	0	13	-1	-2	-4
311	13	0	0	1000	0	13	-1	-2	-4
312	13	0	0	1000	0	13	-1	-2	-4
313	13	0	0	1000	0	13	-1	-2	-4
314	13	0	0	1000	0	13	-1	-2	-4
315	13	0	0	1000	0	13	-1	-2	-4
316	13	0	0	1000	0	13	-1	-2	-4
317	13	0	0	1000	0	13	-1	-2	-4
318	13	0	0	1000	0	13	-1	-2	-4
319	13	0	0	1000	0	13	-1	-2	-4
320	13	0	0	1000	0	13	-1	-2	-4
321	13	0	0	1000	0	13	-1	-2	-4
322	13	0	0	1000	0	13	-1	-2	-4
323	13	0	0	1000	0	13	-1	-2	-4
324	13	0	0	1000	0	13	-1	-2	-4
325	13	0	0	1000	0	13	-1	-2	-4
326	13	0	0	1000	0	13	-1	-2	-4
327	13	0	0	1000	0	13	-1	-2	-4
328	13	0	0	1000	0	13	-1	-2	-4
329	13	0	0	1000	0	13	-1	-2	-4
330	13	0	0	1000	0	13	-1	-2	-4
331	13	0	0	1000	0	13	-1	-2	-4
332	13	0	0	1000	0	13	-1	-2	-4
333	13	0	0	1000	0	13	-1	-2	-4
334	13	0	0	1000	0	13	-1	-2	-4
335	13	0	0	1000	0	13	-1	-2	-4
336	13	0	0	1000	0	13	-1	-2	-4
337	13	0	0	1000	0	13	-1	-2	-4
338	13	0	0	1000	0	13	-1	-2	-4
339	13	0	0	1000	0	13	-1	-2	-4
340	13	0	0	1000	0	13	-1	-2	-4
341	13	0	0	1000	0	13	-1	-2	-4
342	13	0	0	1000	0	13	-1	-2	-4
343	13	0	0	1000	0	13	-1	-2	-4
344	13	0	0	1000	0	13	-1	-2	-4
345	13	0	0	1000	0	13	-1	-2	-4
346	13	0	0	1000	0	13	-1	-2	-4
347	13	0	0	1000	0	13	-1	-2	-4
348	13	0	0	1000	0	13	-1	-2	-4
349	13	0	0	1000	0	13	-1	-2	-4
350	13	0	0	1000	0	13	-1	-2	-4
351	13	0	0	1000	0	13	-1	-2	-4
352	13	0	0	1000	0	13	-1	-2	-4
353	13	0	0	1000	0	13	-1	-2	-4
354	13	0	0	1000	0	13	-1	-2	-4
355	13	0	0	1000	0	13	-1	-2	-4
356	13	0	0	1000	0	13	-1	-2	-4
357	13	0	0	1000	0	13	-1	-2	-4
358	13	0	0	1000	0	13	-1	-2	-4
359	13	0	0	1000	0	13	-1	-2	-4
360	13	0	0	1000	0	13	-1	-2	-4
361	13	0	0	1000	0	13	-1	-2	-4
362	13	0	0	1000	0	13	-1	-2	-4
363	13	0	0	1000	0	13	-1	-2	-4
364	13	0	0	1000	0	13	-1	-2	-4
365	13	0	0	1000	0	13	-1	-2	-4
366	13	0	0	1000	0	13	-1	-2	-4
367	13	0	0	1000	0	13	-1	-2	-4
368	13	0	0	1000	0	13	-1	-2	-4
369	13	0	0	1000	0	13	-1	-2	-4
370	13	0	0	1000	0	13	-1	-2	-4
371	13	0	0	1000	0	13	-1	-2	-4
372	13	0	0	1000	0	13	-1	-2	-4
373	13	0	0	1000	0	13	-1	-2	-4
374	13	0	0	1000	0	13	-1	-2	-4
375	13	0	0	1000	0	13	-1	-2	-4
376	13	0	0	1000	0	13	-1	-2	-4
377	13	0	0	1000	0	13	-1	-2	-4
378	13	0	0	1000	0	13	-1	-2	-4
379	13	0	0	1000	0	13	-1	-2	-4
380	13	0	0	1000	0	13	-1	-2	-4
381	13	0	0	1000	0	13	-1	-2	-4
382	13	0	0	1000	0	13	-1	-2	-4
383	13	0	0	1000	0	13	-1	-2	-4
384	13	0	0	1000	0	13	-1	-2	-4
385	13	0	0	1000	0	13	-1	-2	-4
386	13	0	0	1000	0	13	-1	-2	-4
387	13	0	0	1000	0	13	-1	-2	-4
388	13	0	0	1000	0	13	-1	-2	-4
389	13	0	0	1000	0	13	-1	-2	-4
390	13	0	0	1000	0	13	-1	-2	-4
391	13	0	0	1000	0	13	-1	-2	-4
392	13	0	0	1000	0	13	-1	-2	-4
393	13	0	0	1000	0	13	-1	-2	-4
394	13	0	0	1000	0	13	-1	-2	-4
395	13	0	0	1000	0	13	-1	-2	-4
396	13	0	0	1000	0	13	-1	-2	-4
397	13	0	0	1000	0	13	-1	-2	-4
398	13	0	0	1000	0	13	-1	-2	-4
399	13	0	0	1000	0	13	-1	-2	-4
400	13	0	0	1000	0	13	-1	-2	-4
401	13	0	0	1000	0	13	-1	-2	-4
402	13	0	0	1000	0	13	-1	-2	-4
403	13	0	0	1000	0	13	-1	-2	-4
404	13	0	0	1000	0	13	-1	-2	-4
405	13	0	0	1000	0	13	-1	-2	-4
406	13	0	0	1000	0	13	-1	-2	-4
407	13	0	0	1000	0	13	-1	-2	-4
408	13	0	0	1000	0	13	-1	-2	-4
409	13	0	0	1000	0	13	-1	-2	-4
410	13	0	0	1000	0	13	-1	-2	-4
411	13	0	0	1000	0	13	-1	-2	-4
412	13	0	0	1000	0	13	-1	-2	-4
413	13	0	0	1000	0	13	-1	-2	-4
414	13	0	0	1000	0	13	-1	-2	-4
415	13	0	0	1000	0	13	-1	-2	-4
416	13	0	0	1000	0	13	-1	-2	-4
417	13	0	0	1000	0	13	-1	-2	-4
418	13	0	0	1000	0	13	-1	-2	-4
419	13	0	0	1000	0	13	-1	-2	-4
420	13	0	0	1000	0	13	-1	-2	-4
421	13	0	0	1000	0	13	-1	-2	-4
422	13	0	0	1000	0	13	-1	-2	-4
423	13	0	0	1000	0	13	-1	-2	-4
424	13	0	0	1000	0	13	-1	-2	-4
425	13	0	0	1000	0	13	-1	-2	-4
426	13	0	0	1000	0	13	-1	-2	-4
427	13	0	0	1000	0	13	-1	-2	-4
428	13	0	0	1000	0	13	-1	-2	-4
429	13	0	0	1000	0	13	-1	-2	-4
430	13	0	0	1000	0	13	-1	-2	-4
431	13	0	0	1000	0	13	-1	-2	-4
432	13	0	0	1000	0	13	-1	-2	-4
433	13	0	0	1000	0	13	-1	-2	-4
434	13	0	0	1000	0	13	-1	-2	-4
435	13	0	0	1000	0	13	-1	-2	-4
436	13	0	0	1000	0	13	-1	-2	-4
437	13	0	0	1000	0	13	-1	-2	-4
438	13	0	0	1000	0	13	-1	-2	-4
439	13	0	0	1000	0	13	-1	-2	-4
440	13	0	0	1000	0	13	-1	-2	-4
441	13	0	0	1000	0	13	-1	-2	-4
442	13	0	0	1000	0	13	-1	-2	-4
443	13	0	0	1000	0	13	-1	-2	-4
444	13	0	0	1000	0	13	-1	-2	-4
445	13	0	0	1000	0	13	-1	-2	-4
446	13	0	0	1000	0	13	-1	-2	-4
447	13	0	0	1000	0	13	-1	-2	-4
448	13	0	0	1000	0	13	-1	-2	-4
449	13	0	0	1000	0	13	-1	-2	-4
450	13	0	0	1000	0	13	-1	-2	-4
451	13	0	0	1000	0	13	-1	-2	-4
452	13	0	0	1000	0	13	-1	-2	-4
453	13	0	0	1000	0	13	-1	-2	-4
454	13	0	0	1000	0	13	-1	-2	-4
455	13	0	0	1000	0	13	-1	-2	-4
456	13	0	0	1000	0	13	-1	-2	-4
457	13	0	0	1000	0	13	-1	-2	-4
458	13	0	0	1000	0	13	-1	-2	-4
459	13	0	0	1000	0	13	-1	-2	-4
460	13	0	0	1000	0	13	-1	-2	-4
461	13	0	0	1000	0	13	-1	-2	-4
462	13	0	0	1000	0	13	-1	-2	-4
463	13	0	0	1000	0	13	-1	-2	-4
464	13	0	0	1000	0	13	-1	-2	-4
465	13	0	0	1000	0	13	-1	-2	-4
466	13	0	0	1000	0	13	-1	-2	-4
467	13	0	0	1000	0	13	-1	-2	-4
468	13	0	0	1000	0	13	-1	-2	-4
469	13	0	0	1000	0	13	-1	-2	-4
470	13	0	0	1000	0	13	-1	-2	-4
471	13	0	0	1000	0	13	-1	-2	-4
472	13	0	0	1000	0	13	-1	-2	-4
473	13	0	0	1000	0	13	-1	-2	-4
474	13	0	0	1000	0	13	-1	-2	-4
475	13	0	0	1000	0	13	-1	-2	-4
476	13	0	0	1000	0	13	-1	-2	-4
477	13	0	0	1000	0	13	-1	-2	-4
478	13	0	0	1000	0	13	-1	-2	-4
479	13	0	0	1000	0	13	-1	-2	-4
480	13	0	0	1000	0	13	-1	-2	-4
481	13	0	0	1000	0	13	-1	-2	-4
482	13	0	0	1000	0	13	-1	-2	-4
483	13	0	0	1000	0	13	-1	-2	-4
484	13	0	0	1000	0	13	-1	-2	-4
485	13	0	0	1000	0	13	-1	-2	-4
486	13	0	0	1000	0	13	-1	-2	-4
487	13	0	0	1000	0	13	-1	-2	-4
488	13	0	0	1000	0	13	-1	-2	-4
489	13	0	0	1000	0	13	-1	-2	-4
490	13	0	0	1000	0	13	-1	-2	-4
491	13	0	0	1000	0	13	-1	-2	-4
492	13	0	0	1000	0	13	-1	-2	-4
493	13	0	0	1000	0	13	-1	-2	-4
494	13	0	0	1000	0	13	-1	-2	-4
495	13	0	0	1000	0	13	-1	-2	-4
496	13	0	0	1000	0	13	-1	-2	-4
497	13	0	0	1000	0	13	-1	-2	-4
498	13	0	0	1000	0	13	-1	-2	-4
499	13	0	0	1000	0	13	-1	-2	-4
500	13	0	0	1000	0	13	-1	-2	-4
501	13	0	0	1000	0	13	-1	-2	-4
502	13	0	0	1000	0	13	-1	-2	-4
503	13	0	0	1000	0	13	-1	-2	-4
504	13	0	0	1000	0	13	-1	-2	-4
505	13	0	0	1000	0	13	-1	-2	-4
506	13	0	0	1000	0	13	-1	-2	-4
507	13	0	0	1000	0	13	-1	-2	-4
508	13	0	0	1000	0	13	-1	-2	-4
509	13	0	0	1000	0	13	-1	-2	-4
510	13	0	0	1000	0	13	-1	-2	-4
511	13	0	0	1000	0	13	-1	-2	-4
512	13	0	0	1000	0	13	-1	-2	-4
513	13	0	0	1000	0	13	-1	-2	-4
514	13	0	0	1000	0	13	-1	-2	-4
515	13	0	0	1000	0	13	-1	-2	-4
516	13	0	0	1000	0	13	-1	-2	-4
517	13	0	0	1000	0	13	-1	-2	-4
518	13	0	0	1000	0	13	-1	-2	-4
519	13	0	0	1000	0	13	-1	-2	-4
520	13	0	0	1000	0	13	-1	-2	-4
521	13	0	0	1000	0	13	-1	-2	-4
522	13	0	0	1000	0	13	-1	-2	-4
523	13	0	0	1000	0	13	-1	-2	-4
524	13	0	0	1000	0	13	-1	-2	-4
525	13	0	0	1000	0	13	-1	-2	-4
526	13	0	0	1000	0	13	-1	-2	-4
527	13	0	0	1000	0	13	-1	-2	-4
528	13	0	0	1000	0	13	-1	-2	-4
529	13	0	0	1000	0	13	-1	-2	-4
530	13	0	0	1000	0	13	-1	-2	-4
531	13	0	0	1000	0	13	-1	-2	-4
532	13	0	0	1000	0	13	-1	-2	-4
533	13	0	0	1000	0	13	-1	-2	-4
534	13	0	0	1000	0	13	-1	-2	-4
535	13	0	0	1000	0	13	-1	-2	-4
536	13	0	0	1000	0	13	-1	-2	-4
537	13	0	0	1000	0	13	-1	-2	-4
538	13	0	0	1000	0	13	-1	-2	-4
539	13	0	0	1000	0	13	-1	-2	-4
540	13	0	0	1000	0	13	-1	-2	-4
541	13	0	0	1000	0	13	-1	-2	-4
542	13	0	0	1000	0	13	-1	-2	-4
543	13	0	0	1000	0	13	-1	-2	-4
544	13	0	0	1000	0	13	-1	-2	-4
545	13	0	0	1000	0	13	-1	-2	-4
546	13	0	0	1000	0	13	-1	-2	-4
547	13	0	0	1000	0	13	-1	-2	-4
548	13	0	0	1000	0	13	-1	-2	-4
549	13	0	0	1000	0	13	-1	-2	-4
550	13	0	0	1000	0	13	-1	-2	-4
551	13	0	0	1000	0	13	-1	-2	-4
552	13	0	0	1000	0	13	-1	-2	-4
553	13	0	0	1000	0	13	-1	-2	-4
554	13	0	0	1000	0	13	-1	-2	-4
555	13	0	0	1000	0	13	-1	-2	-4
556	13	0	0	1000	0	13	-1	-2	-4
557	13	0	0	1000	0	13	-1	-2	-4
558	13	0	0	1000	0	13	-1	-2	-4
559	13	0	0	1000	0	13	-1	-2	-4
560	13	0	0	1000	0	13	-1	-2	-4
561	13	0	0	1000	0	13	-1	-2	-4
562	13	0	0	1000	0	13	-1	-2	-4
563	13	0	0	1000	0	13	-1	-2	-4
564	13	0	0	1000	0	13	-1	-2	-4
565	13	0	0	1000	0	13	-1	-2	-4
566	13	0	0	1000	0	13	-1	-2	-4
567	13	0	0	1000	0	13	-1	-2	-4
568	13	0	0	1000	0	13	-1	-2	-4
569	13	0	0	1000	0	13	-1	-2	-4
570	13	0	0	1000	0	13	-1	-2	-4
571	13	0	0	1000	0	13	-1	-2	-4
572	13	0	0	1000	0	13	-1	-2	-4
573	13	0	0	1000	0	13	-1	-2	-4
574	13	0	0	1000	0	13	-1	-2	-4
575	13	0	0	1000	0	13	-1	-2	-4
576	13	0	0	1000	0	13	-1	-2	-4
577	13	0	0	1000	0	13	-1	-2	-4
578	13	0	0	1000	0	13	-1	-2	-4
579	13	0	0	1000	0	13	-1	-2	-4
580	13	0	0	1000	0	13	-1	-2	-4
581	13	0	0	1000	0	13	-1	-2	-4
582	13	0	0	1000	0	13	-1	-2	-4
583	13	0	0	1000	0	13	-1	-2	-4
584	13	0	0	1000	0	13	-1	-2	-4
585	13	0	0	1000	0	13	-1	-2	-4
586	13	0	0	1000	0	13	-1	-2	-4
587	13	0	0	1000	0	13	-1	-2	-4
588	13	0	0	1000	0	13	-1	-2	-4
589	13	0	0	1000	0	13	-1	-2	-4
590	13	0	0	1000	0	13	-1	-2	-4
591	13	0	0	1000	0	13	-1	-2	-4
592	13	0	0	1000	0	13	-1	-2	-4
593	13	0	0	1000	0	13	-1	-2	-4
594	13	0	0	1000	0	13	-1	-2	-4
595	13	0	0	1000	0	13	-1	-2	-4
596	13	0	0	1000	0	13	-1	-2	-4
597	13	0	0	1000	0	13	-1	-2	-4
598	13	0	0	1000	0	13	-1	-2	-4
599	13	0	0	1000	0	13	-1	-2	-4
600	13	0	0	1000	0	13	-1	-2	-4
601	13	0	0	1000	0	13	-1	-2	-4
602	13	0	0	1000	0	13	-1	-2	-4
603	13	0	0	1000	0	13	-1	-2	-4
604	13	0	0	1000	0	13	-1	-2	-4
605	13	0	0	1000	0	13	-1	-2	-4
606	13	0	0	1000	0	13	-1	-2	-4
607	13	0	0	1000	0	13	-1	-2	-4
608	13	0	0	1000	0	13	-1	-2	-4
609	13	0	0	1000	0	13	-1	-2	-4
610	13	0	0	1000	0	13	-1	-2	-4
611	13	0	0	1000	0	13	-1	-2	-4
612	13	0	0	1000	0	13	-1	-2	-4
613	13	0	0	1000	0	13	-1	-2	-4
614	13	0	0	1000	0	13	-1	-2	-4
615	13	0	0	1000	0	13	-1	-2	-4
616	13	0	0	1000	0	13	-1	-2	-4
617	13	0	0	1000	0	13	-1	-2	-4
618	13	0	0	1000	0	13	-1	-2	-4
619	13	0	0	1000	0	13	-1	-2	-4
620	13	0	0	1000	0	13	-1	-2	-4
621	13	0	0	1000	0	13	-1	-2	-4
622	13	0	0	1000	0	13	-1	-2	-4
623	13	0	0	1000	0	13	-1	-2	-4
624	13	0	0	1000	0	13	-1	-2	-4
625	13	0	0	1000	0	13	-1	-2	-4
626	13	0	0	1000	0	13	-1	-2	-4
627	13	0	0	1000	0	13	-1	-2	-4
628	13	0	0	1000	0	13	-1	-2	-4
629	13	0	0	1000	0	13	-1	-2	-4
630	13	0	0	1000	0	13	-1	-2	-4
631	13	0	0	1000	0	13	-1	-2	-4
632	13	0	0	1000	0	13	-1	-2	-4
633	13	0	0	1000	0	13	-1	-2	-4
634	13	0	0	1000	0	13	-1	-2	-4
635	13	0	0	1000	0	13	-1	-2	-4
636	13	0	0	1000	0	13	-1	-2	-4
637	13	0	0	1000	0	13	-1	-2	-4
638	13	0	0	1000	0	13	-1	-2	-4
639	13	0	0	1000	0	13	-1	-2	-4
640	13	0	0	1000	0	13	-1	-2	-4
641	13	0	0	1000	0	13	-1	-2	-4
642	13	0	0	1000	0	13	-1	-2	-4
643	13	0	0	1000	0	13	-1	-2	-4
644	13	0	0	1000	0	13	-1	-2	-4
645	13	0	0	1000	0	13	-1	-2	-4
646	13	0	0	1000	0	13	-1	-2	-4
647	13	0	0	1000	0	13	-1	-2	-4
648	13	0	0	1000	0	13	-1	-2	-4
649	13	0	0	1000	0	13	-1	-2	-4
650	13	0	0	1000	0	13	-1	-2	-4
651	13	0	0	1000	0	13	-1	-2	-4
652	13	0	0	1000	0	13	-1	-2	-4
653	13	0	0	1000	0	13	-1	-2	-4
654	13	0	0	1000	0	13	-1	-2	-4
655	13	0	0	1000	0	13	-1	-2	-4
656	13	0	0	1000	0	13	-1	-2	-4
657	13	0	0	1000	0	13	-1	-2	-4
658	13	0	0	1000	0	13	-1	-2	-4
659	13	0	0	1000	0	13	-1	-2	-4
660	13	0	0	1000	0	13	-1	-2	-4
661	13	0	0	1000	0	13	-1	-2	-4
662	13	0	0	1000	0	13	-1	-2	-4
663	13	0	0	1000	0	13	-1	-2	-4
664	13	0	0	1000	0	13	-1	-2	-4
665	13	0	0	1000	0	13	-1	-2	-4
666	13	0	0	1000	0	13	-1	-2	-4
667	13	0	0	1000	0	13	-1	-2	-4
668	13	0	0	1000	0	13	-1	-2	-4
669	13	0	0	1000	0	13	-1	-2	-4
670	13	0	0	1000	0	13	-1	-2	-4
671	13	0	0	1000	0	13	-1	-2	-4
672	13	0	0	1000	0	13	-1	-2	-4
673	13	0	0	1000	0	13	-1	-2	-4
674	13	0	0	1000	0	13	-1	-2	-4
675	13	0	0	1000	0	13	-1	-2	-4
676	13	0	0	1000	0	13	-1	-2	-4
677	13	0	0	1000	0	13	-1	-2	-4
678	13	0	0	1000	0	13	-1	-2	-4
679	13	0	0	1000	0	13	-1	-2	-4
680	13	0	0	1000	0	13	-1	-2	-4
681	13	0	0	1000	0	13	-1	-2	-4
682	13	0	0	1000	0	13	-1	-2	-4
683	13	0	0	1000	0	13	-1	-2	-4
684	13	0	0	1000	0	13	-1	-2	-4
685	13	0	0	1000	0	13	-1	-2	-4
686	13	0	0	1000	0	13	-1	-2	-4
687	13	0	0	1000	0	13	-1	-2	-4
688	13	0	0	1000	0	13	-1	-2	-4
689	13	0	0	1000	0	13	-1	-2	-4
690	13	0	0	1000	0	13	-1	-2	-4
691	13	0	0	1000	0	13	-1	-2	-4
692	13	0	0	1000	0	13	-1	-2	-4
693	13	0	0	1000	0	13	-1	-2	-4
694	13	0	0	1000	0	13	-1	-2	-4
695	13	0	0	1000	0	13	-1	-2	-4
696	13	0	0	1000	0	13	-1	-2	-4
697	13	0	0	1000	0	13	-1	-2	-4
698	13	0	0	1000	0	13	-1	-2	-4
699	13	0	0	1000	0	13	-1	-2	-4
700	13	0	0	1000	0	13	-1	-2	-4
701	13	0	0	1000	0	13	-1	-2	-4
702	13	0	0	1000	0	13	-1	-2	-4
703	13	0	0	1000	0	13	-1	-2	-4
704	13	0	0	1000	0	13	-1	-2	-4
705	13	0	0	1000	0	13	-1	-2	-4
706	13	0	0	1000	0	13	-1	-2	-4
707	13	0	0	1000	0	13	-1	-2	-4
708	13	0	0	1000	0	13	-1	-2	-4
709	13	0	0	1000	0	13	-1	-2	-4
710	13	0	0	1000	0	13	-1	-2	-4
711	13	0	0	1000	0	13	-1	-2	-4
712	13	0	0	1000	0	13	-1	-2	-4
713	13	0	0	1000	0	13	-1	-2	-4
714	13	0	0	1000	0	13	-1	-2	-4
715	13	0	0	1000	0	13	-1	-2	-4
716	13	0	0	1000	0	13	-1	-2	-4
717	13	0	0	1000	0	13	-1	-2	-4
718	13	0	0	1000	0	13	-1	-2	-4
719	13	0	0	1000	0	13	-1	-2	-4
720	13	0	0	1000	0	13	-1	-2	-4
721	13	0	0	1000	0	13	-1	-2	-4
722	13	0	0	1000	0	13	-1	-2	-4
723	13	0	0	1000	0	13	-1	-2	-4
724	13	0	0	1000	0	13	-1	-2	-4
725	13	0	0	1000	0	13	-1	-2	-4
726	13	0	0	1000	0	13	-1	-2	-4
727	13	0	0	1000	0	13	-1	-2	-4
728	13	0	0	1000	0	13	-1	-2	-4
729	13	0	0	1000	0	13	-1	-2	-4
730	13	0	0	1000	0	13	-1	-2	-4
731	13	0	0	1000	0	13	-1	-2	-4
732	13	0	0	1000	0	13	-1	-2	-4
733	13	0	0	1000	0	13	-1	-2	-4
734	13	0	0	1000	0	13	-1	-2	-4
735	13	0	0	1000	0	13	-1	-2	-4
736	13	0	0	1000	0	13	-1	-2	-4
737	13	0	0	1000	0	13	-1	-2	-4
738	13	0	0	1000	0	13	-1	-2	-4
739	13	0	0	1000	0	13	-1	-2	-4
740	13	0	0	1000	0	13	-1	-2	-4
741	13	0	0	1000	0	13	-1	-2	-4
742	13	0	0	1000	0	13	-1	-2	-4
743	13	0	0	1000	0	13	-1	-2	-4
744	13	0	0	1000	0	13	-1	-2	-4
745	13	0	0	1000	0	13	-1	-2	-4
746	13	0	0	1000	0	13	-1	-2	-4
747	13	0	0	1000	0	13	-1	-2	-4
748	13	0	0	1000	0	13	-1	-2	-4
749	13	0	0	1000	0	13	-1	-2	-4
750	13	0	0	1000	0	13	-1	-2	-4
751	13	0	0	1000	0	13	-1	-2	-4
752	13	0	0	1000	0	13	-1	-2	-4
753	13	0	0	1000	0	13	-1	-2	-4
754	13	0	0	1000	0	13	-1	-2	-4
755	13	0	0	1000	0	13	-1	-2	-4
756	13	0	0	1000	0	13	-1	-2	-4
757	13	0	0	1000	0	13	-1	-2	-4
758	13	0	0	1000	0	13	-1	-2	-4
759	13	0	0	1000	0	13	-1	-2	-4
760	13	0	0	1000	0	13	-1	-2	-4
761	13	0	0	1000	0	13	-1	-2	-4
762	13	0	0	1000	0	13	-1	-2	-4
763	13	0	0	1000	0	13	-1	-2	-4
764	13	0	0	1000	0	13	-1	-2	-4
765	13	0	0	1000	0	13	-1	-2	-4
766	13	0	0	1000	0	13	-1	-2	-4
767	13	0	0	1000	0	13	-1	-2	-4
768	13	0	0	1000	0	13	-1	-2	-4
769	13	0	0	1000	0	13	-1	-2	-4
770	13	0	0	1000	0	13	-1	-2	-4
771	13	0	0	1000	0	13	-1	-2	-4
772	13	0	0	1000	0	13	-1	-2	-4
773	13	0	0	1000	0	13	-1	-2	-4
774	13	0	0	1000	0	13	-1	-2	-4
775	13	0	0	1000	0	13	-1	-2	-4
776	13	0	0	1000	0	13	-1	-2	-4
777	13	0	0	1000	0	13	-1	-2	-4
778	13	0	0	1000	0	13	-1	-2	-4
779	13	0	0	1000	0	13	-1	-2	-4
780	13	0	0	1000	0	13	-1	-2	-4
781	13	0	0	1000	0	13	-1	-2	-4
782	13	0	0	1000	0	13	-1	-2	-4
783	13	0	0	1000	0	13	-1	-2	-4
784	13	0	0	1000	0	13	-1	-2	-4
785	13	0	0	1000	0	13	-1	-2	-4
786	13	0	0	1000	0	13	-1	-2	-4
787	13	0	0	1000	0	13	-1	-2	-4
788	13	0	0	1000	0	13	-1	-2	-4
789	13	0	0	1000	0	13	-1	-2	-4
790	13	0	0	1000	0	13	-1	-2	-4
791	13	0	0	1000	0	13	-1	-2	-4
792	13	0	0	1000	0	13	-1	-2	-4
793	13	0	0	1000	0	13	-1	-2	-4
794	13	0	0	1000	0	13	-1	-2	-4
795	13	0	0	1000	0	13	-1	-2	-4
796	13	0	0	1000	0	13	-1	-2	-4
797	13	0	0	1000	0	13	-1	-2	-4
798	13	0	0	1000	0	13	-1	-2	-4
799	13	0	0	1000	0	13	-1	-2	-4
800	13	0	0	1000	0	13	-1	-2	-4
801	13	0	0	1000	0	13	-1	-2	-4
802	13	0	0	1000	0	13	-1	-2	-4
803	13	0	0	1000	0	13	-1	-2	-4
804	13	0	0	1000	0	13	-1	-2	-4
805	13	0	0	1000	0	13	-1	-2	-4
806	13	0	0	1000	0	13	-1	-2	-4
807	13	0	0	1000	0	13	-1	-2	-4
808	13	0	0	1000	0	13	-1	-2	-4
809	13	0	0	1000	0	13	-1	-2	-4
810	13	0	0	1000	0	13	-1	-2	-4
811	13	0	0	1000	0	13	-1	-2	-4
812	13	0	0	1000	0	13	-1	-2	-4
813	13	0	0	1000	0	13	-1	-2	-4
814	13	0	0	1000	0	13	-1	-2	-4
815	13	0	0	1000	0	13	-1	-2	-4
816	13	0	0	1000	0	13	-1	-2	-4
817	13	0	0	1000	0	13	-1	-2	-4
818	13	0	0	1000	0	13	-1	-2	-4
819	13	0	0	1000	0	13	-1	-2	-4
820	13	0	0	1000	0	13	-1	-2	-4
821	13	0	0	1000	0	13	-1	-2	-4
822	13	0	0	1000	0	13	-1	-2	-4
823	13	0	0	1000	0	13	-1	-2	-4
824	13	0	0	1000	0	13	-1	-2	-4
825	13	0	0	1000	0	13	-1	-2	-4
826	13	0	0	1000	0	13	-1	-2	-4
827	13	0	0	1000	0	13	-1	-2	-4
828	13	0	0	1000	0	13	-1	-2	-4
829	13	0	0	1000	0	13	-1	-2	-4
830	13	0	0	1000	0	13	-1	-2	-4
831	13	0	0	1000	0	13	-1	-2	-4
832	13	0	0	1000	0	13	-1	-2	-4
833	13	0	0	1000	0	13	-1	-2	-4
834	13	0	0	1000	0	13	-1	-2	-4
835	13	0	0	1000	0	13	-1	-2	-4
836	13	0	0	1000	0	13	-1	-2	-4
837	13	0	0	1000	0	13	-1	-2	-4
838	13	0	0	1000	0	13	-1	-2	-4
839	13	0	0	1000	0	13	-1	-2	-4
840	13	0	0	1000	0	13	-1	-2	-4
841	13	0	0	1000	0	13	-1	-2	-4
842	13	0	0	1000	0	13	-1	-2	-4
843	13	0	0	1000	0	13	-1	-2	-4
844	13	0	0	1000	0	13	-1	-2	-4
845	13	0	0	1000	0	13	-1	-2	-4
846	13	0	0	1000	0	13	-1	-2	-4
847	13	0	0	1000	0	13	-1	-2	-4
848	13	0	0	1000	0	13	-1	-2	-4
849	13	0	0	1000	0	13	-1	-2	-4
850	13	0	0	1000	0	13	-1	-2	-4
851	13	0	0	1000	0	13	-1	-2	-4
852	13	0	0	1000	0	13	-1	-2	-4
853	13	0	0	1000	0	13	-1	-2	-4
854	13	0	0	1000	0	13	-1	-2	-4
855	13	0	0	1000	0	13	-1	-2	-4
856	13	0	0	1000	0	13	-1	-2	-4
857	13	0	0	1000	0	13	-1	-2	-4
858	13	0	0	1000	0	13	-1	-2	-4
859	13	0	0	1000	0	13	-1	-2	-4
860	13	0	0	1000	0	13	-1	-2	-4
861	13	0	0	1000	0	13	-1	-2	-4
862	13	0	0	1000	0	13	-1	-2	-4
863	13	0	0	1000	0	13	-1	-2	-4
864	13	0	0	1000	0	13	-1	-2	-4
865	13	0	0	1000	0	13	-1	-2	-4
866	13	0	0	1000	0	13	-1	-2	-4
867	13	0	0	1000	0	13	-1	-2	-4
868	13	0	0	1000	0	13	-1	-2	-4
869	13	0	0	1000	0	13	-1	-2	-4
870	13	0	0	1000	0	13	-1	-2	-4
871	13	0	0	1000	0	13	-1	-2	-4
872	13	0	0	1000	0	13	-1	-2	-4
873	13	0	0	1000	0	13	-1	-2	-4
874	13	0	0	1000	0	13	-1	-2	-4
875	13	0	0	1000	0	13	-1	-2	-4
876	13	0	0	1000	0	13	-1	-2	-4
877	13	0	0	1000	0	13	-1	-2	-4
878	13	0	0	1000	0	13	-1	-2	-4
879	13	0	0	1000	0	13	-1	-2	-4
880	13	0	0	1000	0	13	-1	-2	-4
881	13	0	0	1000	0	13	-1	-2	-4
882	13	0	0	1000	0	13	-1	-2	-4
883	13	0	0	1000	0	13	-1	-2	-4
884	13	0	0	1000	0	13	-1	-2	-4
885	13	0	0	1000	0	13	-1	-2	-4
886	13	0	0	1000	0	13	-1	-2	-4
887	13	0	0	1000	0	13	-1	-2	-4
888	13	0	0	1000	0	13	-1	-2	-4
889	13	0	0	1000	0	13	-1	-2	-4
890	13	0	0	1000	0	13	-1	-2	-4
891	13	0	0	1000	0	13	-1	-2	-4
892	13	0	0	1000	0	13	-1	-2	-4
893	13	0	0	1000	0	13	-1	-2	-4
894	13	0	0	1000	0	13	-1	-2	-4
895	13	0	0	1000	0	13	-1	-2	-4
896	13	0	0	1000	0	13	-1	-2	-4
897	13	0	0	1000	0	13	-1	-2	-4
898	13	0	0	1000	0	13	-1	-2	-4
899	13	0	0	1000	0	13	-1	-2	-4
900	13	0	0	1000	0	13	-1	-2	-4
901	13	0	0	1000	0	13	-1	-2	-4
902	13	0	0	1000	0	13	-1	-2	-4
903	13	0	0	1000	0	13	-1	-2	-4
904	13	0	0	1000	0	13	-1	-2	-4
905	13	0	0	1000	0	13	-1	-2	-4
906	13	0	0	1000	0	13	-1	-2	-4
907	13	0	0	1000	0	13	-1	-2	-4
908	13	0	0	1000	0	13	-1	-2	-4
909	13	0	0	1000	0	13	-1	-2	-4
910	13	0	0	1000	0	13	-1	-2	-4
911	13	0	0	1000	0	13	-1	-2	-4
912	13	0	0	1000	0	13	-1	-2	-4
913	13	0	0	1000	0	13	-1	-2	-4
914	13	0	0	1000	0	13	-1	-2	-4
915	13	0	0	1000	0	13	-1	-2	-4
916	13	0	0	1000	0	13	-1	-2	-4
917	13	0	0	1000	0	13	-1	-2	-4
918	13	0	0	1000	0	13	-1	-2	-4
919	13	0	0	1000	0	13	-1	-2	-4
920	13	0	0	1000	0	13	-1	-2	-4
921	13	0	0	1000	0	13	-1	-2	-4
922	13	0	0	1000	0	13	-1	-2	-4
923	13	0	0	1000	0	13	-1	-2	-4
924	13	0	0	1000	0	13	-1	-2	-4
925	13	0	0	1000	0	13	-1	-2	-4
926	13	0	0	1000	0	13	-1	-2	-4
927	13	0	0	1000	0	13	-1	-2	-4
928	13	0	0	1000	0	13	-1	-2	-4
929	13	0	0	1000	0	13	-1	-2	-4
930	13	0	0	1000	0	13	-1	-2	-4
931	13	0	0	1000	0	13	-1	-2	-4
932	13	0	0	1000	0	13	-1	-2	-4
933	13	0	0	1000	0	13	-1	-2	-4
934	13	0	0	1000	0	13	-1	-2	-4
935	13	0	0	1000	0	13	-1	-2	-4
936	13	0	0	1000	0	13	-1	-2	-4
937	13	0	0	1000	0	13	-1	-2	-4
938	13	0	0	1000	0	13	-1	-2	-4
939	13	0	0	1000	0	13	-1	-2	-4
940	13	0	0	1000	0	13	-1	-2	-4
941	13	0	0	1000	0	13	-1	-2	-4
942	13	0	0	1000	0	13	-1	-2	-4
943	13	0	0	1000	0	13	-1	-2	-4
944	13	0	0	1000	0	13	-1	-2	-4
945	13	0	0	1000	0	13	-1	-2	-4
946	13	0	0	1000	0	13	-1	-2	-4
947	13	0	0	1000	0	13	-1	-2	-4
948	13	0	0	1000	0	13	-1	-2	-4
949	13	0	0	1000	0	13	-1	-2	-4
950	13	0	0	1000	0	13	-1	-2	-4
951	13	0	0	1000	0	13	-1	-2	-4
952	13	0	0	1000	0	13	-1	-2	-4
953	13	0	0	1000	0	13	-1	-2	-4
954	13	0	0	1000	0	13	-1	-2	-4
955	13	0	0	1000	0	13	-1	-2	-4
956	13	0	0	1000	0	13	-1	-2	-4
957	13	0	0	1000	0	13	-1	-2	-4
958	13	0	0	1000	0	13	-1	-2	-4
959	13	0	0	1000	0	13	-1	-2	-4
960	13	0	0	1000	0	13	-1	-2	-4
961	13	0	0	1000	0	13	-1	-2	-4
962	13	0	0	1000	0	13	-1	-2	-4
963	13	0	0	1000	0	13	-1	-2	-4
964	13	0	0	1000	0	13	-1	-2	-4
965	13	0	0	1000	0	13	-1	-2	-4
966	13	0	0	1000	0	13	-1	-2	-4
967	13	0	0	1000	0	13	-1	-2	-4
968	13	0	0	1000	0	13	-1	-2	-4
969	13	0	0	1000	0	13	-1	-2	-4
970	13	0	0	1000	0	13	-1	-2	-4
971	13	0	0	1000	0	13	-1	-2	-4
972	13	0	0	1000	0	13	-1	-2	-4
973	13	0	0	1000	0	13	-1	-2	-4
974	13	0	0	1000	0	13	-1	-2	-4
975	13	0	0	1000	0	13	-1	-2	-4
976	13	0	0	1000	0	13	-1	-2	-4
977	13	0	0	1000	0	13	-1	-2	-4
978	13	0	0	1000	0	13	-1	-2	-4
979	13	0	0	1000	0	13	-1	-2	-4
980	13	0	0	1000	0	13	-1	-2	-4
981	13	0	0	1000	0	13	-1	-2	-4
982	13	0	0	1000	0	13	-1	-2	-4
983	13	0	0	1000	0	13	-1	-2	-4
984	13	0	0	1000	0	13	-1	-2	-4
985	13	0	0	1000	0	13	-1	-2	-4
986	13	0	0	1000	0	13	-1	-2	-4
987	13	0	0	1000	0	13	-1	-2	-4
988	13	0	0	1000	0	13	-1	-2	-4
989	13	0	0	1000	0	13	-1	-2	-4
990	13	0	0	1000	0	13	-1	-2	-4
991	13	0	0	1000	0	13	-1	-2	-4
992	13	0	0	1000	0	13	-1	-2	-4
993	13	0	0	1000	0	13	-1	-2	-4
994	13	0	0	1000	0	13	-1	-2	-4
995	13	0	0	1000	0	13	-1	-2	-4
996	13	0	0	1000	0	13	-1	-2	-4
997	13	0	0	1000	0	13	-1	-2	-4
998	13	0	0	1000	0	13	-1	-2	-4
999	13	0	0	1000	0	13	-1	-2	-4
1000	13	0	0	1000	0	13	-1	-2	-4
1001	13	0	0	1000	0	13	-1	-2	-4
1002	13	0	0	1000	0	13	-1	-2	-4
1003	13	0	0	1000	0	13	-1	-2	-4
1004	13	0	0	1000	0	13	-1	-2	-4
1005	13	0	0	1000	0	13	-1	-2	-4
1006	13	0	0	1000	0	13	-1	-2	-4
1007	13	0	0	1000	0	13	-1	-2	-4
1008	13	0	0	1000	0	13	-1	-2	-4
1009	13	0	0	1000	0	13	-1	-2	-4
1010	13	0	0	1000	0	13	-1	-2	-4
1011	13	0	0	1000	0	13	-1	-2	-4
1012	13	0	0	1000	0	13	-1	-2	-4
1013	13	0	0	1000	0	13	-1	-2	-4
1014	13	0	0	1000	0	13	-1	-2	-4
1015	13	0	0	1000	0	13	-1	-2	-4
1016	13	0	0	1000	0	13	-1	-2	-4
1017	13	0	0	1000	0	13	-1	-2	-4
1018	13	0	0	1000	0	13	-1	-2	-4
1019	13	0	0	1000	0	13	-1	-2	-4
1020	13	0	0	1000	0	13	-1	-2	-4
1021	13	0	0	1000	0	13	-1	-2	-4
1022	13	0	0	1000	0	13	-1	-2	-4
1023	13	0	0	1000	0	13	-1	-2	-4
1024	13	0	0	1000	0	13	-1	-2	-4
1025	13	0	0	1000	0	13	-1	-2	-4
1026	13	0	0	1000	0	13	-1	-2	-4
1027	13	0	0	1000	0	13	-1	-2	-4
1028	13	0	0	1000	0	13	-1	-2	-4
1029	13	0	0	1000	0	13	-1	-2	-4
1030	13	0	0	1000	0	13	-1	-2	-4
1031	13	0	0	1000	0	13	-1	-2	-4
1032	13	0	0	1000	0	13	-1	-2	-4
1033	13	0	0	1000	0	13	-1	-2	-4
1034	13	0	0	1000	0	13	-1	-2	-4
1035	13	0	0	1000	0	13	-1	-2	-4
1036	13	0	0	1000	0	13	-1	-2	-4
1037	13	0	0	1000	0	13	-1	-2	-4
1038	13	0	0	1000	0	13	-1	-2	-4
1039	13	0	0	1000	0	13	-1	-2	-4
1040	13	0	0	1000	0	13	-1	-2	-4
1041	13	0	0	1000	0	13	-1	-2	-4
1042	13	1	1	1000	1042	13	13	-2	-4
1043	13	1	1	1000	1042	13	13	-2	-4
1044	13	1	1	1000	1042	13	13	-2	-4
1045	13	1	1	1000	1042	13	13	-2	-4
1046	13	1	1	1000	1042	13	13	-2	-4
1047	13	1	1	1000	1042	13	13	-2	-4
1048	13	1	1	1000	1042	13	13	-2	-4
1049	13	1	1	1000	1042	13	13	-2	-4
1050	13	1	1	1000	1042	13	13	-2	-4
1051	13	1	1	1000	1042	13	13	-2	-4
1052	13	1	1	1000	1042	13	13	-2	-4
1053	13	1	1	1000	1042	13	13	-2	-4
1054	13	1	1	1000	1042	13	13	-2	-4
1055	13	1	1	1000	1042	13	13	-2	-4
1056	13	1	1	1000	1042	13	13	-2	-4
1057	13	1	1	1000	1042	13	13	-2	-4
1058	13	1	1	1000	1042	13	13	-2	-4
1059	13	1	1	1000	1042	13	13	-2	-4
1060	13	1	1	1000	1042	13	13	-2	-4
1061	13	1	1	1000	1042	13	13	-2	-4
1062	13	1	1	1000	1042	13	13	-2	-4
1063	13	1	1	1000	1042	13	13	-2	-4
1064	13	1	1	1000	1042	13	13	-2	-4
1065	13	1	1	1000	1042	13	13	-2	-4
1066	13	1	1	1000	1042	13	13	-2	-4
1067	13	1	1	1000	1042	13	13	-2	-4
1068	13	1	1	1000	1042	13	13	-2	-4
1069	13	1	1	1000	1042	13	13	-2	-4
1070	13	1	1	1000	1042	13	13	-2	-4
1071	13	1	1	1000	1042	13	13	-2	-4
1072	13	1	1	1000	1042	13	13	-2	-4
1073	13	1	1	1000	1042	13	13	-2	-4
